1.343356166034936905e-02 1.249247696250677109e-02
9.464251808822154999e-03 8.283616974949836731e-03
7.494866847991943359e-03 9.482700377702713013e-03
5.795769393444061279e-03 7.247770670801401138e-03
5.576604045927524567e-03 7.372646126896142960e-03
5.849935114383697510e-03 7.031112443655729294e-03
5.010265856981277466e-03 9.152021259069442749e-03
4.369892179965972900e-03 6.515069399029016495e-03
3.776335390284657478e-03 6.843020208179950714e-03
3.899037605151534081e-03 8.628730662167072296e-03
4.533011000603437424e-03 9.145244956016540527e-03
3.964497242122888565e-03 6.788115482777357101e-03
3.473861142992973328e-03 7.642300333827733994e-03
2.983245765790343285e-03 6.291351746767759323e-03
3.186146728694438934e-03 7.083369884639978409e-03
3.369271988049149513e-03 6.712459493428468704e-03
3.494928590953350067e-03 9.517224505543708801e-03
3.859394229948520660e-03 7.372897583991289139e-03
3.102985210716724396e-03 6.771807558834552765e-03
3.053116612136363983e-03 6.814788095653057098e-03
3.173969220370054245e-03 8.584894239902496338e-03
2.862316090613603592e-03 6.525772623717784882e-03
3.294994123280048370e-03 6.716976873576641083e-03
3.448630217462778091e-03 7.650572340935468674e-03
2.672728151082992554e-03 6.830690894275903702e-03
3.051555249840021133e-03 8.230526931583881378e-03
3.194069024175405502e-03 8.841463364660739899e-03
3.783544059842824936e-03 7.571339607238769531e-03
3.938128706067800522e-03 7.764955982565879822e-03
4.430002998560667038e-03 8.483338169753551483e-03
3.174539655447006226e-03 6.753957364708185196e-03
2.759035676717758179e-03 7.198520470410585403e-03
2.521117916330695152e-03 6.723770871758460999e-03
2.740959171205759048e-03 7.878570817410945892e-03
2.335132332518696785e-03 6.770226173102855682e-03
3.123426111415028572e-03 7.972616702318191528e-03
2.880366751924157143e-03 7.056036032736301422e-03
2.559686545282602310e-03 7.090782281011343002e-03
3.397112945094704628e-03 7.317275274544954300e-03
2.593574579805135727e-03 6.645366083830595016e-03
2.202596981078386307e-03 6.683166604489088058e-03
2.195117995142936707e-03 6.912438198924064636e-03
2.236570231616497040e-03 7.061528973281383514e-03
2.117690164595842361e-03 6.701003760099411011e-03
2.253275131806731224e-03 7.383668329566717148e-03
2.525688149034976959e-03 7.041803095489740372e-03
3.107390599325299263e-03 8.421853184700012207e-03
2.883558161556720734e-03 7.395760156214237213e-03
2.247476717457175255e-03 8.175460621714591980e-03
2.952197566628456116e-03 7.121656555682420731e-03
3.000633092597126961e-03 6.961881183087825775e-03
3.430870594456791878e-03 8.781099691987037659e-03
4.093213472515344620e-03 7.010668050497770309e-03
2.952326554805040359e-03 6.826894357800483704e-03
2.670639893040060997e-03 7.647532038390636444e-03
2.483989577740430832e-03 7.331455592066049576e-03
2.042633481323719025e-03 7.244036998599767685e-03
2.576319267973303795e-03 7.508121896535158157e-03
2.980205928906798363e-03 7.100783754140138626e-03
2.832251135259866714e-03 7.468953728675842285e-03
1.987696858122944832e-03 7.073041517287492752e-03
3.007214283570647240e-03 8.024982176721096039e-03
3.388376906514167786e-03 6.825778633356094360e-03
3.533988259732723236e-03 8.264467120170593262e-03
2.909579547122120857e-03 7.625475525856018066e-03
3.755783662199974060e-03 1.020226906985044479e-02
3.891976317390799522e-03 7.846469990909099579e-03
3.110401798039674759e-03 7.210448384284973145e-03
2.845417708158493042e-03 7.910947315394878387e-03
2.431191736832261086e-03 7.092409301549196243e-03
2.333384240046143532e-03 6.868033204227685928e-03
2.791421255096793175e-03 8.616294711828231812e-03
3.655802458524703979e-03 7.432880345731973648e-03
2.613573102280497551e-03 7.143154274672269821e-03
3.018114482983946800e-03 6.951585412025451660e-03
2.219430636614561081e-03 7.541097234934568405e-03
1.658567693084478378e-03 7.387161254882812500e-03
1.651322934776544571e-03 7.192010991275310516e-03
2.041146624833345413e-03 7.226753979921340942e-03
2.006010152399539948e-03 7.356505375355482101e-03
2.511622151359915733e-03 7.661223411560058594e-03
2.091230126097798347e-03 7.291546091437339783e-03
3.433794481679797173e-03 8.315337821841239929e-03
2.661666134372353554e-03 7.410775870084762573e-03
2.201105933636426926e-03 7.138765882700681686e-03
2.887505339458584785e-03 7.832876406610012054e-03
4.358941689133644104e-03 9.635232388973236084e-03
4.516373388469219208e-03 7.306305691599845886e-03
2.722699893638491631e-03 7.721157278865575790e-03
2.281169407069683075e-03 8.029652759432792664e-03
2.003554487600922585e-03 7.353400345891714096e-03
2.468373859301209450e-03 7.790864445269107819e-03
2.310607815161347389e-03 7.561753503978252411e-03
3.042880212888121605e-03 7.592625450342893600e-03
2.361719962209463120e-03 7.415967062115669250e-03
1.668894430622458458e-03 7.467658724635839462e-03
1.954023027792572975e-03 7.366846315562725067e-03
1.891164458356797695e-03 7.380762137472629547e-03
2.323409309610724449e-03 7.332635112106800079e-03
2.915805904194712639e-03 7.888434454798698425e-03
4.048969130963087082e-03 7.746351417154073715e-03
2.550338394939899445e-03 7.395510561764240265e-03
2.154981717467308044e-03 7.345152087509632111e-03
1.849702210165560246e-03 8.617669343948364258e-03
2.557015046477317810e-03 8.350145071744918823e-03
2.638584235683083534e-03 7.856653071939945221e-03
2.377529162913560867e-03 7.831294089555740356e-03
3.086106153205037117e-03 7.484096102416515350e-03
2.536186249926686287e-03 7.557168602943420410e-03
2.261707559227943420e-03 7.301252800971269608e-03
2.316762227565050125e-03 7.798313163220882416e-03
2.194039989262819290e-03 7.804315071552991867e-03
1.856873161159455776e-03 7.579077035188674927e-03
2.849721815437078476e-03 8.243048563599586487e-03
3.550377907231450081e-03 9.822332300245761871e-03
2.500920090824365616e-03 7.365225348621606827e-03
3.245434723794460297e-03 7.147499825805425644e-03
2.573015633970499039e-03 7.713369559496641159e-03
2.446223748847842216e-03 7.703535724431276321e-03
2.471696119755506516e-03 7.490893825888633728e-03
2.336975885555148125e-03 8.068912662565708160e-03
2.286793664097785950e-03 7.715758401900529861e-03
