9.587235450744628906e-01 9.573837518692016602e-01
8.385433554649353027e-01 8.388150930404663086e-01
7.225587368011474609e-01 7.250896692276000977e-01
8.605155944824218750e-01 8.619208335876464844e-01
9.066802263259887695e-01 9.068727493286132812e-01
8.192530870437622070e-01 8.211680650711059570e-01
8.970285058021545410e-01 8.936870694160461426e-01
8.847810029983520508e-01 8.852838277816772461e-01
8.315104246139526367e-01 8.317018151283264160e-01
8.767158389091491699e-01 8.732965588569641113e-01
7.263138294219970703e-01 7.224373221397399902e-01
8.942207694053649902e-01 8.892766833305358887e-01
7.270734906196594238e-01 7.268586754798889160e-01
8.760148286819458008e-01 8.750156760215759277e-01
8.262836337089538574e-01 8.255888819694519043e-01
9.177669882774353027e-01 9.170001149177551270e-01
9.228591918945312500e-01 9.220518469810485840e-01
9.289603233337402344e-01 9.283186197280883789e-01
8.393452763557434082e-01 8.437213301658630371e-01
7.646596431732177734e-01 7.648344635963439941e-01
9.236304759979248047e-01 9.223966002464294434e-01
9.046043157577514648e-01 9.031552076339721680e-01
7.274878025054931641e-01 7.285786867141723633e-01
9.426801204681396484e-01 9.410309195518493652e-01
9.026370644569396973e-01 9.020593762397766113e-01
9.161015748977661133e-01 9.115008711814880371e-01
7.264401316642761230e-01 7.246761918067932129e-01
8.572707176208496094e-01 8.577642440795898438e-01
9.704385399818420410e-01 9.698863625526428223e-01
7.750491499900817871e-01 7.716183066368103027e-01
7.264157533645629883e-01 7.208505868911743164e-01
7.565670609474182129e-01 7.566857337951660156e-01
7.941570281982421875e-01 7.926971912384033203e-01
9.032802581787109375e-01 9.037365913391113281e-01
7.664083242416381836e-01 7.648541927337646484e-01
8.827966451644897461e-01 8.822183012962341309e-01
9.206000566482543945e-01 9.183102250099182129e-01
7.685360312461853027e-01 7.711789011955261230e-01
8.654370903968811035e-01 8.661593794822692871e-01
8.551324009895324707e-01 8.584313988685607910e-01
7.729713916778564453e-01 7.681192159652709961e-01
9.569571018218994141e-01 9.528518915176391602e-01
8.728888034820556641e-01 8.736049532890319824e-01
7.265409231185913086e-01 7.263633012771606445e-01
8.603532910346984863e-01 8.624094724655151367e-01
9.396759867668151855e-01 9.419233202934265137e-01
9.394960999488830566e-01 9.343943595886230469e-01
8.809071779251098633e-01 8.795151114463806152e-01
7.857676744461059570e-01 7.877808809280395508e-01
9.018580317497253418e-01 8.997160196304321289e-01
7.804921865463256836e-01 7.840249538421630859e-01
1.029134631156921387e+00 1.028510570526123047e+00
9.621319770812988281e-01 9.596137404441833496e-01
7.832968235015869141e-01 7.862457036972045898e-01
8.312799930572509766e-01 8.311322331428527832e-01
8.864173889160156250e-01 8.866909146308898926e-01
9.413920044898986816e-01 9.342064857482910156e-01
7.702248096466064453e-01 7.745618224143981934e-01
9.669672250747680664e-01 9.672679901123046875e-01
9.915148019790649414e-01 9.893238544464111328e-01
8.501713275909423828e-01 8.496547937393188477e-01
9.504422545433044434e-01 9.484545588493347168e-01
9.061318635940551758e-01 9.065477848052978516e-01
9.141972064971923828e-01 9.105331897735595703e-01
9.539601802825927734e-01 9.570581912994384766e-01
7.987662553787231445e-01 7.991726398468017578e-01
9.500184655189514160e-01 9.457032680511474609e-01
8.580216169357299805e-01 8.573035001754760742e-01
9.640288949012756348e-01 9.635096192359924316e-01
9.436630606651306152e-01 9.406535625457763672e-01
7.267950177192687988e-01 7.260286211967468262e-01
7.593820095062255859e-01 7.599829435348510742e-01
8.486264944076538086e-01 8.505489230155944824e-01
9.051273465156555176e-01 9.051480293273925781e-01
9.481309652328491211e-01 9.477406144142150879e-01
8.672734498977661133e-01 8.667247295379638672e-01
9.233740568161010742e-01 9.221689105033874512e-01
9.739270806312561035e-01 9.698776006698608398e-01
8.546723127365112305e-01 8.560805320739746094e-01
8.324692249298095703e-01 8.324768543243408203e-01
9.093241691589355469e-01 9.078027606010437012e-01
8.144635558128356934e-01 8.162674903869628906e-01
8.552967309951782227e-01 8.569634556770324707e-01
8.604446649551391602e-01 8.600307106971740723e-01
8.736915588378906250e-01 8.739737868309020996e-01
7.592481970787048340e-01 7.599541544914245605e-01
8.306447863578796387e-01 8.319691419601440430e-01
8.512019515037536621e-01 8.536424636840820312e-01
9.124976992607116699e-01 9.112929701805114746e-01
7.228482961654663086e-01 7.261354923248291016e-01
8.572750091552734375e-01 8.568199872970581055e-01
8.510250449180603027e-01 8.468703627586364746e-01
7.587787508964538574e-01 7.579995989799499512e-01
8.820754885673522949e-01 8.811693787574768066e-01
7.754356861114501953e-01 7.732660174369812012e-01
9.341260790824890137e-01 9.320447444915771484e-01
8.356767296791076660e-01 8.351292610168457031e-01
8.889583945274353027e-01 8.907735347747802734e-01
8.777294158935546875e-01 8.727416992187500000e-01
8.341048359870910645e-01 8.320785760879516602e-01
9.119242429733276367e-01 9.127779006958007812e-01
7.867385149002075195e-01 7.916827201843261719e-01
8.207987546920776367e-01 8.238787055015563965e-01
8.339956402778625488e-01 8.346272706985473633e-01
8.389433622360229492e-01 8.390029072761535645e-01
8.807444572448730469e-01 8.798489570617675781e-01
8.243565559387207031e-01 8.230883479118347168e-01
8.862874507904052734e-01 8.847451210021972656e-01
9.275518059730529785e-01 9.261908531188964844e-01
7.719389200210571289e-01 7.709028124809265137e-01
9.008534550666809082e-01 8.985587358474731445e-01
9.021468758583068848e-01 9.004793167114257812e-01
8.737654685974121094e-01 8.735399842262268066e-01
8.226219415664672852e-01 8.229077458381652832e-01
7.984737753868103027e-01 7.982639670372009277e-01
7.740902900695800781e-01 7.721046805381774902e-01
8.071277141571044922e-01 8.078961968421936035e-01
8.463842272758483887e-01 8.415803313255310059e-01
8.465613722801208496e-01 8.499551415443420410e-01
8.034337759017944336e-01 8.047491312026977539e-01
8.828173875808715820e-01 8.773458600044250488e-01
9.223213195800781250e-01 9.226831793785095215e-01
9.793749451637268066e-01 9.767327308654785156e-01
8.929084539413452148e-01 8.925090432167053223e-01
9.269827604293823242e-01 9.268547296524047852e-01
8.997860550880432129e-01 8.961854577064514160e-01
7.595233321189880371e-01 7.583292126655578613e-01
9.359095692634582520e-01 9.348798394203186035e-01
8.037074804306030273e-01 8.033710122108459473e-01
8.322756886482238770e-01 8.309461474418640137e-01
8.336405754089355469e-01 8.350880146026611328e-01
8.519453406333923340e-01 8.533610701560974121e-01
9.499823451042175293e-01 9.498655796051025391e-01
7.628598809242248535e-01 7.639647126197814941e-01
9.015492200851440430e-01 9.001578092575073242e-01
9.222135543823242188e-01 9.229678511619567871e-01
8.005455732345581055e-01 7.992715239524841309e-01
8.383518457412719727e-01 8.386640548706054688e-01
7.929695248603820801e-01 7.945357561111450195e-01
7.857992649078369141e-01 7.891812324523925781e-01
8.355005979537963867e-01 8.347651362419128418e-01
9.035905003547668457e-01 9.030809402465820312e-01
8.510998487472534180e-01 8.507912158966064453e-01
9.654939174652099609e-01 9.636169672012329102e-01
7.845621109008789062e-01 7.848141193389892578e-01
7.640064358711242676e-01 7.655037641525268555e-01
8.807682991027832031e-01 8.788774609565734863e-01
8.223208785057067871e-01 8.249143362045288086e-01
7.639615535736083984e-01 7.657372951507568359e-01
8.654189705848693848e-01 8.646793365478515625e-01
7.874221801757812500e-01 7.894232273101806641e-01
8.038603067398071289e-01 8.068140149116516113e-01
8.362769484519958496e-01 8.346764445304870605e-01
9.149100780487060547e-01 9.109346270561218262e-01
8.648381829261779785e-01 8.654367923736572266e-01
8.213203549385070801e-01 8.217816948890686035e-01
9.011721611022949219e-01 9.012864232063293457e-01
8.733462095260620117e-01 8.738772273063659668e-01
8.658853173255920410e-01 8.668573498725891113e-01
9.028522372245788574e-01 9.006575345993041992e-01
8.783554434776306152e-01 8.793931007385253906e-01
8.851885795593261719e-01 8.837063312530517578e-01
9.485756158828735352e-01 9.451896548271179199e-01
7.722232937812805176e-01 7.738764286041259766e-01
7.720122933387756348e-01 7.674640417098999023e-01
9.377219080924987793e-01 9.376217126846313477e-01
7.638230323791503906e-01 7.659807205200195312e-01
9.082502126693725586e-01 9.037675261497497559e-01
9.117233157157897949e-01 9.079315662384033203e-01
7.923221588134765625e-01 7.941381931304931641e-01
8.595509529113769531e-01 8.614676594734191895e-01
7.858463525772094727e-01 7.877466082572937012e-01
8.319408297538757324e-01 8.334822058677673340e-01
8.899005651473999023e-01 8.932498693466186523e-01
8.871292471885681152e-01 8.875606060028076172e-01
8.075953125953674316e-01 8.095127940177917480e-01
7.274984121322631836e-01 7.267063856124877930e-01
8.373067378997802734e-01 8.372781276702880859e-01
8.064293861389160156e-01 8.076773881912231445e-01
8.372889757156372070e-01 8.374125957489013672e-01
7.650579214096069336e-01 7.654713392257690430e-01
8.912057280540466309e-01 8.902298212051391602e-01
7.237312197685241699e-01 7.263880968093872070e-01
9.372740387916564941e-01 9.359064698219299316e-01
8.225460052490234375e-01 8.238503336906433105e-01
7.691379189491271973e-01 7.701709270477294922e-01
8.864408731460571289e-01 8.851624131202697754e-01
8.730803728103637695e-01 8.752834796905517578e-01
8.232157230377197266e-01 8.264230489730834961e-01
7.239395380020141602e-01 7.249550819396972656e-01
8.282444477081298828e-01 8.264805674552917480e-01
9.509170055389404297e-01 9.513260126113891602e-01
8.332002162933349609e-01 8.328644037246704102e-01
8.305441737174987793e-01 8.311473727226257324e-01
8.986856937408447266e-01 8.964915871620178223e-01
7.647823095321655273e-01 7.649974226951599121e-01
8.702259063720703125e-01 8.720293641090393066e-01
8.851312398910522461e-01 8.849667310714721680e-01
9.006547927856445312e-01 9.026792049407958984e-01
9.328922033309936523e-01 9.330188632011413574e-01
7.794114351272583008e-01 7.820118069648742676e-01
8.521431684494018555e-01 8.521687388420104980e-01
7.584470510482788086e-01 7.594808340072631836e-01
7.637447118759155273e-01 7.638931870460510254e-01
7.231858968734741211e-01 7.277371287345886230e-01
8.860644102096557617e-01 8.884507417678833008e-01
8.983753323554992676e-01 8.973435759544372559e-01
9.547148942947387695e-01 9.528205394744873047e-01
8.791011571884155273e-01 8.771064877510070801e-01
9.046196341514587402e-01 9.037064909934997559e-01
8.657904863357543945e-01 8.659980297088623047e-01
8.993721604347229004e-01 9.031372666358947754e-01
7.978091835975646973e-01 7.979028224945068359e-01
8.870266675949096680e-01 8.853736519813537598e-01
9.029963016510009766e-01 9.031991362571716309e-01
8.621157407760620117e-01 8.608494400978088379e-01
7.251617908477783203e-01 7.277179956436157227e-01
8.557159900665283203e-01 8.559422492980957031e-01
8.919511437416076660e-01 8.916344642639160156e-01
7.230471968650817871e-01 7.278043031692504883e-01
8.978060483932495117e-01 9.001216292381286621e-01
7.838295698165893555e-01 7.847913503646850586e-01
8.171014189720153809e-01 8.208767771720886230e-01
8.457212448120117188e-01 8.487375974655151367e-01
7.973497509956359863e-01 7.982500791549682617e-01
7.726597189903259277e-01 7.731865048408508301e-01
7.617855072021484375e-01 7.622757554054260254e-01
8.880752325057983398e-01 8.857682347297668457e-01
8.997131586074829102e-01 8.968508243560791016e-01
8.757631778717041016e-01 8.745988011360168457e-01
8.366576433181762695e-01 8.352157473564147949e-01
8.981818556785583496e-01 8.975610136985778809e-01
9.747902750968933105e-01 9.689868092536926270e-01
8.501901030540466309e-01 8.522831201553344727e-01
7.925803065299987793e-01 7.905588150024414062e-01
7.641773223876953125e-01 7.656138539314270020e-01
9.169622659683227539e-01 9.172874093055725098e-01
8.386997580528259277e-01 8.400065302848815918e-01
7.734268903732299805e-01 7.742082476615905762e-01
8.996686935424804688e-01 8.964226245880126953e-01
7.890748977661132812e-01 7.912226319313049316e-01
7.829046845436096191e-01 7.811341285705566406e-01
9.288508892059326172e-01 9.303856492042541504e-01
7.903798222541809082e-01 7.907322645187377930e-01
7.591664791107177734e-01 7.598751783370971680e-01
7.559214234352111816e-01 7.580924034118652344e-01
8.469083905220031738e-01 8.463724255561828613e-01
7.695685029029846191e-01 7.717922329902648926e-01
8.978517055511474609e-01 8.938264846801757812e-01
7.544615268707275391e-01 7.559792399406433105e-01
9.100331068038940430e-01 9.107810854911804199e-01
7.240513563156127930e-01 7.272227406501770020e-01
7.741732001304626465e-01 7.720977663993835449e-01
8.739901781082153320e-01 8.764548301696777344e-01
8.514280319213867188e-01 8.543057441711425781e-01
8.356648683547973633e-01 8.369827270507812500e-01
9.312139153480529785e-01 9.239857792854309082e-01
8.374594449996948242e-01 8.374168872833251953e-01
9.043297171592712402e-01 9.049670100212097168e-01
7.222450971603393555e-01 7.251728773117065430e-01
7.904771566390991211e-01 7.938565015792846680e-01
8.220664262771606445e-01 8.222239017486572266e-01
8.461815714836120605e-01 8.474305868148803711e-01
9.102419018745422363e-01 9.110476374626159668e-01
8.868222236633300781e-01 8.894081711769104004e-01
8.218263387680053711e-01 8.238815665245056152e-01
9.699637293815612793e-01 9.660522341728210449e-01
9.362272024154663086e-01 9.356163740158081055e-01
8.304909467697143555e-01 8.313456773757934570e-01
9.230236411094665527e-01 9.258246421813964844e-01
8.554096221923828125e-01 8.568330407142639160e-01
9.508688449859619141e-01 9.481112957000732422e-01
9.208856225013732910e-01 9.171829819679260254e-01
8.803997635841369629e-01 8.776612281799316406e-01
9.258909225463867188e-01 9.250714778900146484e-01
8.461381196975708008e-01 8.457130193710327148e-01
7.737096548080444336e-01 7.732129096984863281e-01
7.592440843582153320e-01 7.580046057701110840e-01
9.078735709190368652e-01 9.055195450782775879e-01
8.827975988388061523e-01 8.832091093063354492e-01
7.586798667907714844e-01 7.556352019309997559e-01
7.980772256851196289e-01 7.991029024124145508e-01
8.527001142501831055e-01 8.539639711380004883e-01
9.626336693763732910e-01 9.593710303306579590e-01
9.065953493118286133e-01 9.031791687011718750e-01
9.444509744644165039e-01 9.418916702270507812e-01
9.655401706695556641e-01 9.602047204971313477e-01
7.833492159843444824e-01 7.810351252555847168e-01
7.640966176986694336e-01 7.638579607009887695e-01
8.862776160240173340e-01 8.856695294380187988e-01
9.266573190689086914e-01 9.255696535110473633e-01
8.226686120033264160e-01 8.224689960479736328e-01
9.094573855400085449e-01 9.130219221115112305e-01
8.033605813980102539e-01 8.055558204650878906e-01
9.104467630386352539e-01 9.061071276664733887e-01
8.715075254440307617e-01 8.684378266334533691e-01
8.160696625709533691e-01 8.174818158149719238e-01
9.073536396026611328e-01 9.060026407241821289e-01
8.832604885101318359e-01 8.824591636657714844e-01
8.730558156967163086e-01 8.720189929008483887e-01
1.033170461654663086e+00 1.028469681739807129e+00
9.840458631515502930e-01 9.838868379592895508e-01
8.516150116920471191e-01 8.475504517555236816e-01
9.749256372451782227e-01 9.719564318656921387e-01
9.199324846267700195e-01 9.182001948356628418e-01
7.235304713249206543e-01 7.291526794433593750e-01
8.609938621520996094e-01 8.597142696380615234e-01
7.576752305030822754e-01 7.571275234222412109e-01
7.269604206085205078e-01 7.282982468605041504e-01
9.294136166572570801e-01 9.322207570075988770e-01
8.436940908432006836e-01 8.422433137893676758e-01
9.414573907852172852e-01 9.373214840888977051e-01
9.032075405120849609e-01 9.014509320259094238e-01
7.274693250656127930e-01 7.246423959732055664e-01
8.722716569900512695e-01 8.737650513648986816e-01
8.717344999313354492e-01 8.723888993263244629e-01
9.395500421524047852e-01 9.409906268119812012e-01
9.095396399497985840e-01 9.087902903556823730e-01
7.823099493980407715e-01 7.812253236770629883e-01
7.866249084472656250e-01 7.880964875221252441e-01
7.625372409820556641e-01 7.641353607177734375e-01
8.648235797882080078e-01 8.650284409523010254e-01
9.670328497886657715e-01 9.652286767959594727e-01
7.751988172531127930e-01 7.744995951652526855e-01
8.004766106605529785e-01 8.008971810340881348e-01
8.393388986587524414e-01 8.379067182540893555e-01
7.837409377098083496e-01 7.857281565666198730e-01
9.008347988128662109e-01 8.992039561271667480e-01
7.534636855125427246e-01 7.532799243927001953e-01
8.888418078422546387e-01 8.924377560615539551e-01
8.915102481842041016e-01 8.929399251937866211e-01
8.195430636405944824e-01 8.193693757057189941e-01
7.260133028030395508e-01 7.266649603843688965e-01
8.233498930931091309e-01 8.247055411338806152e-01
8.284628391265869141e-01 8.276364803314208984e-01
8.244633078575134277e-01 8.246600627899169922e-01
9.015403985977172852e-01 8.984510302543640137e-01
9.419915080070495605e-01 9.438703060150146484e-01
7.237045764923095703e-01 7.267031669616699219e-01
7.715633511543273926e-01 7.731297016143798828e-01
9.401569962501525879e-01 9.411374330520629883e-01
7.786142826080322266e-01 7.799648642539978027e-01
9.515517950057983398e-01 9.521039128303527832e-01
8.798593878746032715e-01 8.799735307693481445e-01
7.643125057220458984e-01 7.648002505302429199e-01
8.240208625793457031e-01 8.266112804412841797e-01
8.525122404098510742e-01 8.540222644805908203e-01
8.702726960182189941e-01 8.723598718643188477e-01
8.878037929534912109e-01 8.864529728889465332e-01
7.635506987571716309e-01 7.619631886482238770e-01
7.283171415328979492e-01 7.294207811355590820e-01
9.654584527015686035e-01 9.651070833206176758e-01
9.114127159118652344e-01 9.135676026344299316e-01
9.196930527687072754e-01 9.217956066131591797e-01
7.891725301742553711e-01 7.864285707473754883e-01
9.237134456634521484e-01 9.189128875732421875e-01
9.405557513236999512e-01 9.388320446014404297e-01
7.920031547546386719e-01 7.945504188537597656e-01
7.265180349349975586e-01 7.288377881050109863e-01
9.170132875442504883e-01 9.120625257492065430e-01
8.529288768768310547e-01 8.522315621376037598e-01
7.732473611831665039e-01 7.749501466751098633e-01
8.786281943321228027e-01 8.810454607009887695e-01
8.041051626205444336e-01 8.018709421157836914e-01
8.040857315063476562e-01 8.040773272514343262e-01
8.881585001945495605e-01 8.917924761772155762e-01
9.923892021179199219e-01 9.908432960510253906e-01
8.865588903427124023e-01 8.823819160461425781e-01
8.928529620170593262e-01 8.921021819114685059e-01
8.760472536087036133e-01 8.714867234230041504e-01
8.803995847702026367e-01 8.810700178146362305e-01
8.165093660354614258e-01 8.175318241119384766e-01
9.288684725761413574e-01 9.270139336585998535e-01
8.818725943565368652e-01 8.837137222290039062e-01
9.318400621414184570e-01 9.333577752113342285e-01
7.822594046592712402e-01 7.824588418006896973e-01
8.518648743629455566e-01 8.582215309143066406e-01
8.383271694183349609e-01 8.366867899894714355e-01
8.520739078521728516e-01 8.504332304000854492e-01
9.298916459083557129e-01 9.253655076026916504e-01
8.750762939453125000e-01 8.750503659248352051e-01
9.095795154571533203e-01 9.089977145195007324e-01
8.374737501144409180e-01 8.372889161109924316e-01
8.618364930152893066e-01 8.624138236045837402e-01
9.114756584167480469e-01 9.097682833671569824e-01
9.138444662094116211e-01 9.095097780227661133e-01
8.516518473625183105e-01 8.534442782402038574e-01
9.100441932678222656e-01 9.080440402030944824e-01
9.305115342140197754e-01 9.236876964569091797e-01
7.257369756698608398e-01 7.226949334144592285e-01
9.042278528213500977e-01 9.039132595062255859e-01
9.333488941192626953e-01 9.316188097000122070e-01
9.445580244064331055e-01 9.413508772850036621e-01
8.267329931259155273e-01 8.280242085456848145e-01
9.659278988838195801e-01 9.636532068252563477e-01
7.546554803848266602e-01 7.543153166770935059e-01
8.635692596435546875e-01 8.646004199981689453e-01
7.972031831741333008e-01 7.996046543121337891e-01
7.820756435394287109e-01 7.849775552749633789e-01
8.384839296340942383e-01 8.385514616966247559e-01
8.832004070281982422e-01 8.838106989860534668e-01
8.223213553428649902e-01 8.271253705024719238e-01
9.779301285743713379e-01 9.768280982971191406e-01
8.770123720169067383e-01 8.782616853713989258e-01
8.267481327056884766e-01 8.296371698379516602e-01
8.643525838851928711e-01 8.652310371398925781e-01
9.400256872177124023e-01 9.379338622093200684e-01
8.683690428733825684e-01 8.697218894958496094e-01
8.812679052352905273e-01 8.826488256454467773e-01
7.254050970077514648e-01 7.278681397438049316e-01
9.280679225921630859e-01 9.246358275413513184e-01
8.696219325065612793e-01 8.685678243637084961e-01
7.279193997383117676e-01 7.304075360298156738e-01
9.629119634628295898e-01 9.589262008666992188e-01
7.788112759590148926e-01 7.812152504920959473e-01
8.928511142730712891e-01 8.946108818054199219e-01
9.254873394966125488e-01 9.212539792060852051e-01
9.623696208000183105e-01 9.615925550460815430e-01
9.604694247245788574e-01 9.599388241767883301e-01
9.123783111572265625e-01 9.084335565567016602e-01
8.275426626205444336e-01 8.301249742507934570e-01
8.217639327049255371e-01 8.228679895401000977e-01
8.776938915252685547e-01 8.779917359352111816e-01
9.019010066986083984e-01 9.015967845916748047e-01
7.548372149467468262e-01 7.543078064918518066e-01
9.062893390655517578e-01 9.041095972061157227e-01
8.341847658157348633e-01 8.347533941268920898e-01
8.451009392738342285e-01 8.448362350463867188e-01
9.640578627586364746e-01 9.609541296958923340e-01
7.882805466651916504e-01 7.892447113990783691e-01
7.282496690750122070e-01 7.318731546401977539e-01
9.248049259185791016e-01 9.246257543563842773e-01
9.084196090698242188e-01 9.055255651473999023e-01
7.635169029235839844e-01 7.638556361198425293e-01
8.361431956291198730e-01 8.362078070640563965e-01
8.639009594917297363e-01 8.651728034019470215e-01
8.243368268013000488e-01 8.272360563278198242e-01
8.015739917755126953e-01 8.018462061882019043e-01
9.284310936927795410e-01 9.278042912483215332e-01
8.944373130798339844e-01 8.944255709648132324e-01
7.268705368041992188e-01 7.290135622024536133e-01
8.870486021041870117e-01 8.883233666419982910e-01
7.830047607421875000e-01 7.839893102645874023e-01
8.555228710174560547e-01 8.575618863105773926e-01
9.225111603736877441e-01 9.222059845924377441e-01
8.832064867019653320e-01 8.820772171020507812e-01
9.423018097877502441e-01 9.422774910926818848e-01
8.460325598716735840e-01 8.471890091896057129e-01
9.402921795845031738e-01 9.373957514762878418e-01
8.534780740737915039e-01 8.532609343528747559e-01
9.790360331535339355e-01 9.774472713470458984e-01
8.877110481262207031e-01 8.858531117439270020e-01
8.332449197769165039e-01 8.347498178482055664e-01
8.352888822555541992e-01 8.368919491767883301e-01
9.224407672882080078e-01 9.200120568275451660e-01
8.760958909988403320e-01 8.785321116447448730e-01
9.030690789222717285e-01 9.004617929458618164e-01
9.451484680175781250e-01 9.450443387031555176e-01
9.718670845031738281e-01 9.707734584808349609e-01
7.683445215225219727e-01 7.690650820732116699e-01
7.268103361129760742e-01 7.315360307693481445e-01
8.711338043212890625e-01 8.695859313011169434e-01
8.579068183898925781e-01 8.587107658386230469e-01
8.184249997138977051e-01 8.196560740470886230e-01
7.821902632713317871e-01 7.871083021163940430e-01
9.092050790786743164e-01 9.076763987541198730e-01
9.761928915977478027e-01 9.743233919143676758e-01
8.479052782058715820e-01 8.516073822975158691e-01
1.032750964164733887e+00 1.026607394218444824e+00
8.480768799781799316e-01 8.515394330024719238e-01
7.786936163902282715e-01 7.817206978797912598e-01
8.998985886573791504e-01 8.981621265411376953e-01
8.373129367828369141e-01 8.370343446731567383e-01
7.696641683578491211e-01 7.726526856422424316e-01
7.263360619544982910e-01 7.275535464286804199e-01
8.078647255897521973e-01 8.080089688301086426e-01
7.227614521980285645e-01 7.199691534042358398e-01
7.623900175094604492e-01 7.650339007377624512e-01
9.285604357719421387e-01 9.259318709373474121e-01
8.495222926139831543e-01 8.472914695739746094e-01
1.015897989273071289e+00 1.012678503990173340e+00
7.275323867797851562e-01 7.308418154716491699e-01
8.854225277900695801e-01 8.869534730911254883e-01
7.836265563964843750e-01 7.839328646659851074e-01
7.273705601692199707e-01 7.304504513740539551e-01
7.863010168075561523e-01 7.865815162658691406e-01
7.924402952194213867e-01 7.945920825004577637e-01
8.785336017608642578e-01 8.794339895248413086e-01
7.980899214744567871e-01 7.995599508285522461e-01
8.456672430038452148e-01 8.426149487495422363e-01
8.522854447364807129e-01 8.529852032661437988e-01
7.922880649566650391e-01 7.934878468513488770e-01
8.810951709747314453e-01 8.813209533691406250e-01
8.556340932846069336e-01 8.566212654113769531e-01
8.237548470497131348e-01 8.238514661788940430e-01
8.774265050888061523e-01 8.807124495506286621e-01
7.275830507278442383e-01 7.319021821022033691e-01
8.617426156997680664e-01 8.611056804656982422e-01
7.568272352218627930e-01 7.579171061515808105e-01
8.830804228782653809e-01 8.815557956695556641e-01
9.587235450744628906e-01 9.579074382781982422e-01
8.385433554649353027e-01 8.402671217918395996e-01
7.225587368011474609e-01 7.179817557334899902e-01
8.605155944824218750e-01 8.597164154052734375e-01
9.066802263259887695e-01 9.073631763458251953e-01
8.192530870437622070e-01 8.181090950965881348e-01
8.970285058021545410e-01 8.945234417915344238e-01
8.847810029983520508e-01 8.840471506118774414e-01
8.315104246139526367e-01 8.304515480995178223e-01
8.767158389091491699e-01 8.808311223983764648e-01
7.263138294219970703e-01 7.304767966270446777e-01
8.942207694053649902e-01 8.914657831192016602e-01
7.270734906196594238e-01 7.312048077583312988e-01
8.760148286819458008e-01 8.786581158638000488e-01
8.262836337089538574e-01 8.248763680458068848e-01
9.177669882774353027e-01 9.138717651367187500e-01
9.228591918945312500e-01 9.193398952484130859e-01
9.289603233337402344e-01 9.278001785278320312e-01
8.393452763557434082e-01 8.383609056472778320e-01
7.646596431732177734e-01 7.646407485008239746e-01
9.236304759979248047e-01 9.267004728317260742e-01
9.046043157577514648e-01 9.068538546562194824e-01
7.274878025054931641e-01 7.306441664695739746e-01
9.426801204681396484e-01 9.388055205345153809e-01
9.026370644569396973e-01 9.018532037734985352e-01
9.161015748977661133e-01 9.160528182983398438e-01
7.264401316642761230e-01 7.302145361900329590e-01
8.572707176208496094e-01 8.620482087135314941e-01
9.704385399818420410e-01 9.630436897277832031e-01
7.750491499900817871e-01 7.777683734893798828e-01
7.264157533645629883e-01 7.288667559623718262e-01
7.565670609474182129e-01 7.577100396156311035e-01
7.941570281982421875e-01 7.971318364143371582e-01
9.032802581787109375e-01 9.025289416313171387e-01
7.664083242416381836e-01 7.673745751380920410e-01
8.827966451644897461e-01 8.812366127967834473e-01
9.206000566482543945e-01 9.216037392616271973e-01
7.685360312461853027e-01 7.697628140449523926e-01
8.654370903968811035e-01 8.671979308128356934e-01
8.551324009895324707e-01 8.549590706825256348e-01
7.729713916778564453e-01 7.746348381042480469e-01
9.569571018218994141e-01 9.522044658660888672e-01
8.728888034820556641e-01 8.730718493461608887e-01
7.265409231185913086e-01 7.298121452331542969e-01
8.603532910346984863e-01 8.629640936851501465e-01
9.396759867668151855e-01 9.339216947555541992e-01
9.394960999488830566e-01 9.379758834838867188e-01
8.809071779251098633e-01 8.802535533905029297e-01
7.857676744461059570e-01 7.852690219879150391e-01
9.018580317497253418e-01 9.009925127029418945e-01
7.804921865463256836e-01 7.832856178283691406e-01
1.029134631156921387e+00 1.020513296127319336e+00
9.621319770812988281e-01 9.607737064361572266e-01
7.832968235015869141e-01 7.801516652107238770e-01
8.312799930572509766e-01 8.334146738052368164e-01
8.864173889160156250e-01 8.811469674110412598e-01
9.413920044898986816e-01 9.368017315864562988e-01
7.702248096466064453e-01 7.670695781707763672e-01
9.669672250747680664e-01 9.657833576202392578e-01
9.915148019790649414e-01 9.862892627716064453e-01
8.501713275909423828e-01 8.483453989028930664e-01
9.504422545433044434e-01 9.488630294799804688e-01
9.061318635940551758e-01 9.036642313003540039e-01
9.141972064971923828e-01 9.134629964828491211e-01
9.539601802825927734e-01 9.535346627235412598e-01
7.987662553787231445e-01 8.000839352607727051e-01
9.500184655189514160e-01 9.503562450408935547e-01
8.580216169357299805e-01 8.573374152183532715e-01
9.640288949012756348e-01 9.616596698760986328e-01
9.436630606651306152e-01 9.404596686363220215e-01
7.267950177192687988e-01 7.295483350753784180e-01
7.593820095062255859e-01 7.612281441688537598e-01
8.486264944076538086e-01 8.496758937835693359e-01
9.051273465156555176e-01 9.053544998168945312e-01
9.481309652328491211e-01 9.451639056205749512e-01
8.672734498977661133e-01 8.683720231056213379e-01
9.233740568161010742e-01 9.202114939689636230e-01
9.739270806312561035e-01 9.723887443542480469e-01
8.546723127365112305e-01 8.499385118484497070e-01
8.324692249298095703e-01 8.313447833061218262e-01
9.093241691589355469e-01 9.119933843612670898e-01
8.144635558128356934e-01 8.170831799507141113e-01
8.552967309951782227e-01 8.566754460334777832e-01
8.604446649551391602e-01 8.532994389533996582e-01
8.736915588378906250e-01 8.750745058059692383e-01
7.592481970787048340e-01 7.619425058364868164e-01
8.306447863578796387e-01 8.299710154533386230e-01
8.512019515037536621e-01 8.540294766426086426e-01
9.124976992607116699e-01 9.117591381072998047e-01
7.228482961654663086e-01 7.227944731712341309e-01
8.572750091552734375e-01 8.577141761779785156e-01
8.510250449180603027e-01 8.504759073257446289e-01
7.587787508964538574e-01 7.611764073371887207e-01
8.820754885673522949e-01 8.806422948837280273e-01
7.754356861114501953e-01 7.782036066055297852e-01
9.341260790824890137e-01 9.310004115104675293e-01
8.356767296791076660e-01 8.330561518669128418e-01
8.889583945274353027e-01 8.903288841247558594e-01
8.777294158935546875e-01 8.800408244132995605e-01
8.341048359870910645e-01 8.315433263778686523e-01
9.119242429733276367e-01 9.094542860984802246e-01
7.867385149002075195e-01 7.883737683296203613e-01
8.207987546920776367e-01 8.190546631813049316e-01
8.339956402778625488e-01 8.360543251037597656e-01
8.389433622360229492e-01 8.352142572402954102e-01
8.807444572448730469e-01 8.796824216842651367e-01
8.243565559387207031e-01 8.270488977432250977e-01
8.862874507904052734e-01 8.872350454330444336e-01
9.275518059730529785e-01 9.282446503639221191e-01
7.719389200210571289e-01 7.738519310951232910e-01
9.008534550666809082e-01 8.983790278434753418e-01
9.021468758583068848e-01 9.017072319984436035e-01
8.737654685974121094e-01 8.762370944023132324e-01
8.226219415664672852e-01 8.253427743911743164e-01
7.984737753868103027e-01 8.001518249511718750e-01
7.740902900695800781e-01 7.733575105667114258e-01
8.071277141571044922e-01 8.095918297767639160e-01
8.463842272758483887e-01 8.502129912376403809e-01
8.465613722801208496e-01 8.464208841323852539e-01
8.034337759017944336e-01 8.051915764808654785e-01
8.828173875808715820e-01 8.820279836654663086e-01
9.223213195800781250e-01 9.225227236747741699e-01
9.793749451637268066e-01 9.763587117195129395e-01
8.929084539413452148e-01 8.926703333854675293e-01
9.269827604293823242e-01 9.242004752159118652e-01
8.997860550880432129e-01 8.988019227981567383e-01
7.595233321189880371e-01 7.588540315628051758e-01
9.359095692634582520e-01 9.361695051193237305e-01
8.037074804306030273e-01 8.036838173866271973e-01
8.322756886482238770e-01 8.355814218521118164e-01
8.336405754089355469e-01 8.376355171203613281e-01
8.519453406333923340e-01 8.557485938072204590e-01
9.499823451042175293e-01 9.479048252105712891e-01
7.628598809242248535e-01 7.638509869575500488e-01
9.015492200851440430e-01 9.006296992301940918e-01
9.222135543823242188e-01 9.217924475669860840e-01
8.005455732345581055e-01 8.033486604690551758e-01
8.383518457412719727e-01 8.415043354034423828e-01
7.929695248603820801e-01 7.947636842727661133e-01
7.857992649078369141e-01 7.866447567939758301e-01
8.355005979537963867e-01 8.328611254692077637e-01
9.035905003547668457e-01 9.018039703369140625e-01
8.510998487472534180e-01 8.490757942199707031e-01
9.654939174652099609e-01 9.609816074371337891e-01
7.845621109008789062e-01 7.853873968124389648e-01
7.640064358711242676e-01 7.648979425430297852e-01
8.807682991027832031e-01 8.804507851600646973e-01
8.223208785057067871e-01 8.233909606933593750e-01
7.639615535736083984e-01 7.645459175109863281e-01
8.654189705848693848e-01 8.657679557800292969e-01
7.874221801757812500e-01 7.867890596389770508e-01
8.038603067398071289e-01 8.040722012519836426e-01
8.362769484519958496e-01 8.369022011756896973e-01
9.149100780487060547e-01 9.101521968841552734e-01
8.648381829261779785e-01 8.657951354980468750e-01
8.213203549385070801e-01 8.205956220626831055e-01
9.011721611022949219e-01 9.041782617568969727e-01
8.733462095260620117e-01 8.721296191215515137e-01
8.658853173255920410e-01 8.650566339492797852e-01
9.028522372245788574e-01 9.005741477012634277e-01
8.783554434776306152e-01 8.759073019027709961e-01
8.851885795593261719e-01 8.830593824386596680e-01
9.485756158828735352e-01 9.456658959388732910e-01
7.722232937812805176e-01 7.733716368675231934e-01
7.720122933387756348e-01 7.732986807823181152e-01
9.377219080924987793e-01 9.380807876586914062e-01
7.638230323791503906e-01 7.639793753623962402e-01
9.082502126693725586e-01 9.024474024772644043e-01
9.117233157157897949e-01 9.093332290649414062e-01
7.923221588134765625e-01 7.967600822448730469e-01
8.595509529113769531e-01 8.603554368019104004e-01
7.858463525772094727e-01 7.860004305839538574e-01
8.319408297538757324e-01 8.311033248901367188e-01
8.899005651473999023e-01 8.898979425430297852e-01
8.871292471885681152e-01 8.851276040077209473e-01
8.075953125953674316e-01 8.088078498840332031e-01
7.274984121322631836e-01 7.298251390457153320e-01
8.373067378997802734e-01 8.378033638000488281e-01
8.064293861389160156e-01 8.046528100967407227e-01
8.372889757156372070e-01 8.415522575378417969e-01
7.650579214096069336e-01 7.655694484710693359e-01
8.912057280540466309e-01 8.938554525375366211e-01
7.237312197685241699e-01 7.183095812797546387e-01
9.372740387916564941e-01 9.380919337272644043e-01
8.225460052490234375e-01 8.220547437667846680e-01
7.691379189491271973e-01 7.713035941123962402e-01
8.864408731460571289e-01 8.862797021865844727e-01
8.730803728103637695e-01 8.745167255401611328e-01
8.232157230377197266e-01 8.240915536880493164e-01
7.239395380020141602e-01 7.207022905349731445e-01
8.282444477081298828e-01 8.289751410484313965e-01
9.509170055389404297e-01 9.440564513206481934e-01
8.332002162933349609e-01 8.314191699028015137e-01
8.305441737174987793e-01 8.322267532348632812e-01
8.986856937408447266e-01 8.997119069099426270e-01
7.647823095321655273e-01 7.656744718551635742e-01
8.702259063720703125e-01 8.704681396484375000e-01
8.851312398910522461e-01 8.848490715026855469e-01
9.006547927856445312e-01 9.036841988563537598e-01
9.328922033309936523e-01 9.305425882339477539e-01
7.794114351272583008e-01 7.809424996376037598e-01
8.521431684494018555e-01 8.531262278556823730e-01
7.584470510482788086e-01 7.605558037757873535e-01
7.637447118759155273e-01 7.645809650421142578e-01
7.231858968734741211e-01 7.253593206405639648e-01
8.860644102096557617e-01 8.857672810554504395e-01
8.983753323554992676e-01 8.952856659889221191e-01
9.547148942947387695e-01 9.498667716979980469e-01
8.791011571884155273e-01 8.788923621177673340e-01
9.046196341514587402e-01 9.031336903572082520e-01
8.657904863357543945e-01 8.679462075233459473e-01
8.993721604347229004e-01 8.955748081207275391e-01
7.978091835975646973e-01 7.966667413711547852e-01
8.870266675949096680e-01 8.843535184860229492e-01
9.029963016510009766e-01 9.004684090614318848e-01
8.621157407760620117e-01 8.623222708702087402e-01
7.251617908477783203e-01 7.253401279449462891e-01
8.557159900665283203e-01 8.563625812530517578e-01
8.919511437416076660e-01 8.943713903427124023e-01
7.230471968650817871e-01 7.177622914314270020e-01
8.978060483932495117e-01 8.955947756767272949e-01
7.838295698165893555e-01 7.848715782165527344e-01
8.171014189720153809e-01 8.168630003929138184e-01
8.457212448120117188e-01 8.434370756149291992e-01
7.973497509956359863e-01 7.982403039932250977e-01
7.726597189903259277e-01 7.700129747390747070e-01
7.617855072021484375e-01 7.642932534217834473e-01
8.880752325057983398e-01 8.878551721572875977e-01
8.997131586074829102e-01 8.989241719245910645e-01
8.757631778717041016e-01 8.747938275337219238e-01
8.366576433181762695e-01 8.370032906532287598e-01
8.981818556785583496e-01 8.988988399505615234e-01
9.747902750968933105e-01 9.728475213050842285e-01
8.501901030540466309e-01 8.522008657455444336e-01
7.925803065299987793e-01 7.964197397232055664e-01
7.641773223876953125e-01 7.673516869544982910e-01
9.169622659683227539e-01 9.142592549324035645e-01
8.386997580528259277e-01 8.409236073493957520e-01
7.734268903732299805e-01 7.757970690727233887e-01
8.996686935424804688e-01 9.007554054260253906e-01
7.890748977661132812e-01 7.878682017326354980e-01
7.829046845436096191e-01 7.866470813751220703e-01
9.288508892059326172e-01 9.271239638328552246e-01
7.903798222541809082e-01 7.932108640670776367e-01
7.591664791107177734e-01 7.604136466979980469e-01
7.559214234352111816e-01 7.561022639274597168e-01
8.469083905220031738e-01 8.484990000724792480e-01
7.695685029029846191e-01 7.701153755187988281e-01
8.978517055511474609e-01 8.952950239181518555e-01
7.544615268707275391e-01 7.551499009132385254e-01
9.100331068038940430e-01 9.080557823181152344e-01
7.240513563156127930e-01 7.235785126686096191e-01
7.741732001304626465e-01 7.750658988952636719e-01
8.739901781082153320e-01 8.739669322967529297e-01
8.514280319213867188e-01 8.526923656463623047e-01
8.356648683547973633e-01 8.357000946998596191e-01
9.312139153480529785e-01 9.272326231002807617e-01
8.374594449996948242e-01 8.386836647987365723e-01
9.043297171592712402e-01 9.031807780265808105e-01
7.222450971603393555e-01 7.245178818702697754e-01
7.904771566390991211e-01 7.902775406837463379e-01
8.220664262771606445e-01 8.236800432205200195e-01
8.461815714836120605e-01 8.479030132293701172e-01
9.102419018745422363e-01 9.082275629043579102e-01
8.868222236633300781e-01 8.866081237792968750e-01
8.218263387680053711e-01 8.230913281440734863e-01
9.699637293815612793e-01 9.672783613204956055e-01
9.362272024154663086e-01 9.396225810050964355e-01
8.304909467697143555e-01 8.322651386260986328e-01
9.230236411094665527e-01 9.198760986328125000e-01
8.554096221923828125e-01 8.528921604156494141e-01
9.508688449859619141e-01 9.489742517471313477e-01
9.208856225013732910e-01 9.179032444953918457e-01
8.803997635841369629e-01 8.813573718070983887e-01
9.258909225463867188e-01 9.249364137649536133e-01
8.461381196975708008e-01 8.467538952827453613e-01
7.737096548080444336e-01 7.753144502639770508e-01
7.592440843582153320e-01 7.584359645843505859e-01
9.078735709190368652e-01 9.060282707214355469e-01
8.827975988388061523e-01 8.816013932228088379e-01
7.586798667907714844e-01 7.582228183746337891e-01
7.980772256851196289e-01 7.990851402282714844e-01
8.527001142501831055e-01 8.533650040626525879e-01
9.626336693763732910e-01 9.600462913513183594e-01
9.065953493118286133e-01 9.063438177108764648e-01
9.444509744644165039e-01 9.421268105506896973e-01
9.655401706695556641e-01 9.618014097213745117e-01
7.833492159843444824e-01 7.862268686294555664e-01
7.640966176986694336e-01 7.674143314361572266e-01
8.862776160240173340e-01 8.866995573043823242e-01
9.266573190689086914e-01 9.273434877395629883e-01
8.226686120033264160e-01 8.241148591041564941e-01
9.094573855400085449e-01 9.083661437034606934e-01
8.033605813980102539e-01 8.028676509857177734e-01
9.104467630386352539e-01 9.087414741516113281e-01
8.715075254440307617e-01 8.678926825523376465e-01
8.160696625709533691e-01 8.163890838623046875e-01
9.073536396026611328e-01 9.081923961639404297e-01
8.832604885101318359e-01 8.821604847908020020e-01
8.730558156967163086e-01 8.750528693199157715e-01
1.033170461654663086e+00 1.035335421562194824e+00
9.840458631515502930e-01 9.808140993118286133e-01
8.516150116920471191e-01 8.505761623382568359e-01
9.749256372451782227e-01 9.680392146110534668e-01
9.199324846267700195e-01 9.180257320404052734e-01
7.235304713249206543e-01 7.176887392997741699e-01
8.609938621520996094e-01 8.608427643775939941e-01
7.576752305030822754e-01 7.599006295204162598e-01
7.269604206085205078e-01 7.288739681243896484e-01
9.294136166572570801e-01 9.292357563972473145e-01
8.436940908432006836e-01 8.438788056373596191e-01
9.414573907852172852e-01 9.368793368339538574e-01
9.032075405120849609e-01 9.016053676605224609e-01
7.274693250656127930e-01 7.302513718605041504e-01
8.722716569900512695e-01 8.719378709793090820e-01
8.717344999313354492e-01 8.754238486289978027e-01
9.395500421524047852e-01 9.371298551559448242e-01
9.095396399497985840e-01 9.070116281509399414e-01
7.823099493980407715e-01 7.821242809295654297e-01
7.866249084472656250e-01 7.879815101623535156e-01
7.625372409820556641e-01 7.639625668525695801e-01
8.648235797882080078e-01 8.674351572990417480e-01
9.670328497886657715e-01 9.639534950256347656e-01
7.751988172531127930e-01 7.792938351631164551e-01
8.004766106605529785e-01 8.033365011215209961e-01
8.393388986587524414e-01 8.400154709815979004e-01
7.837409377098083496e-01 7.872511148452758789e-01
9.008347988128662109e-01 9.005025029182434082e-01
7.534636855125427246e-01 7.543381452560424805e-01
8.888418078422546387e-01 8.892422318458557129e-01
8.915102481842041016e-01 8.903732895851135254e-01
8.195430636405944824e-01 8.209905624389648438e-01
7.260133028030395508e-01 7.228066325187683105e-01
8.233498930931091309e-01 8.235905170440673828e-01
8.284628391265869141e-01 8.316986560821533203e-01
8.244633078575134277e-01 8.292258381843566895e-01
9.015403985977172852e-01 8.981665968894958496e-01
9.419915080070495605e-01 9.405353069305419922e-01
7.237045764923095703e-01 7.230058908462524414e-01
7.715633511543273926e-01 7.707465887069702148e-01
9.401569962501525879e-01 9.414210915565490723e-01
7.786142826080322266e-01 7.823314666748046875e-01
9.515517950057983398e-01 9.480155706405639648e-01
8.798593878746032715e-01 8.795301318168640137e-01
7.643125057220458984e-01 7.656937241554260254e-01
8.240208625793457031e-01 8.261336088180541992e-01
8.525122404098510742e-01 8.504861593246459961e-01
8.702726960182189941e-01 8.721169829368591309e-01
8.878037929534912109e-01 8.911289572715759277e-01
7.635506987571716309e-01 7.635630369186401367e-01
