8.349588460987433791e-05 6.870546378195285797e-03
9.607104584574699402e-05 6.858078762888908386e-03
8.779234485700726509e-05 6.866266019642353058e-03
7.683256262680515647e-05 6.863910239189863205e-03
6.197824404807761312e-05 6.873709149658679962e-03
6.312608456937596202e-05 6.867857184261083603e-03
6.037229832145385444e-05 6.863341201096773148e-03
6.406378815881907940e-05 6.860224530100822449e-03
5.837098797201178968e-05 6.868083495646715164e-03
7.571993774035945535e-05 6.868800148367881775e-03
6.945976201677694917e-05 6.864466704428195953e-03
6.379826663760468364e-05 6.866416893899440765e-03
6.583650247193872929e-05 6.866982206702232361e-03
6.893133104313164949e-05 6.869015749543905258e-03
8.903622801881283522e-05 6.862088106572628021e-03
1.068468627636320889e-04 6.869151722639799118e-03
9.036029223352670670e-05 6.870179902762174606e-03
8.258029265562072396e-05 6.873243488371372223e-03
7.623869169037789106e-05 6.865971721708774567e-03
6.021689114277251065e-05 6.867066957056522369e-03
5.482843698700889945e-05 6.866154726594686508e-03
4.608436574926599860e-05 6.863718852400779724e-03
5.303963189362548292e-05 6.866086274385452271e-03
5.296358358464203775e-05 6.866782438009977341e-03
4.827481825486756861e-05 6.861189380288124084e-03
8.742150384932756424e-05 6.870236247777938843e-03
1.219642654177732766e-04 6.864977069199085236e-03
4.768985309056006372e-05 6.866090930998325348e-03
4.748505671159364283e-05 6.861828267574310303e-03
4.094490213901735842e-05 6.867062300443649292e-03
4.417119635036215186e-05 6.866350304335355759e-03
8.553119550924748182e-05 6.871576420962810516e-03
1.027095640893094242e-04 6.862421054393053055e-03
8.373819582629948854e-05 6.862930487841367722e-03
6.018691055942326784e-05 6.860829889774322510e-03
8.121647988446056843e-05 6.871716119349002838e-03
7.036635361146181822e-05 6.863707676529884338e-03
4.565799827105365694e-05 6.866071838885545731e-03
4.213147258269600570e-05 6.867304444313049316e-03
4.433770300238393247e-05 6.867017596960067749e-03
3.720285167219117284e-05 6.869742646813392639e-03
5.928442624281160533e-05 6.864193361252546310e-03
8.465735299978405237e-05 6.867975462228059769e-03
4.852578786085359752e-05 6.868588738143444061e-03
3.892690074280835688e-05 6.865425035357475281e-03
3.775251389015465975e-05 6.866127718240022659e-03
6.130681140348315239e-05 6.865112576633691788e-03
8.087014430202543736e-05 6.865548435598611832e-03
4.567784344544634223e-05 6.865363102406263351e-03
5.000913733965717256e-05 6.866416893899440765e-03
4.863965295953676105e-05 6.863943766802549362e-03
5.325678648659959435e-05 6.866412237286567688e-03
5.759105988545343280e-05 6.868623197078704834e-03
4.496166002354584634e-05 6.865593604743480682e-03
4.468272891244851053e-05 6.865663453936576843e-03
4.118006108910776675e-05 6.862359121441841125e-03
5.516621968126855791e-05 6.865575909614562988e-03
3.916470450349152088e-05 6.868290249258279800e-03
6.884536560392007232e-05 6.865429691970348358e-03
5.766072717960923910e-05 6.869031582027673721e-03
4.633263597497716546e-05 6.868546828627586365e-03
5.057042289990931749e-05 6.864643190056085587e-03
8.643190813018009067e-05 6.867663003504276276e-03
7.099520007614046335e-05 6.864781491458415985e-03
3.901606032741256058e-05 6.870257202535867691e-03
4.376537617645226419e-05 6.868236698210239410e-03
6.514456617878749967e-05 6.864180788397789001e-03
6.083681364543735981e-05 6.864479277282953262e-03
5.855318522662855685e-05 6.860575638711452484e-03
9.701579983811825514e-05 6.868936121463775635e-03
1.127022333093918860e-04 6.872388534247875214e-03
8.224627526942640543e-05 6.872929632663726807e-03
7.907769031589850783e-05 6.875271908938884735e-03
1.082192102330736816e-04 6.868003401905298233e-03
8.238624286605045199e-05 6.862356793135404587e-03
8.376823097933083773e-05 6.871421355754137039e-03
1.186110675917007029e-04 6.862432230263948441e-03
2.212263934779912233e-04 6.872188299894332886e-03
9.406647586729377508e-05 6.875547580420970917e-03
7.879015174694359303e-05 6.863997783511877060e-03
6.616909377044066787e-05 6.867338903248310089e-03
6.698141805827617645e-05 6.865013390779495239e-03
5.369622886064462364e-05 6.863025017082691193e-03
4.891141361440531909e-05 6.863560061901807785e-03
5.104529554955661297e-05 6.864887196570634842e-03
5.350111314328387380e-05 6.864172406494617462e-03
4.176197762717492878e-05 6.865508388727903366e-03
4.643575084628537297e-05 6.866596639156341553e-03
3.958053275709971786e-05 6.866212002933025360e-03
4.077215271536260843e-05 6.865857634693384171e-03
5.075354783912189305e-05 6.863899994641542435e-03
7.631271728314459324e-05 6.862611975520849228e-03
5.073440479463897645e-05 6.872897036373615265e-03
1.141073444159701467e-04 6.872684229165315628e-03
7.656816160306334496e-05 6.864853668957948685e-03
1.963463728316128254e-04 6.862625945359468460e-03
1.147118018707260489e-04 6.868109572678804398e-03
2.773436717689037323e-04 6.868542637676000595e-03
1.414201251463964581e-04 6.865075323730707169e-03
1.581683027325198054e-04 6.860070396214723587e-03
1.051370854838751256e-04 6.861241534352302551e-03
1.171123658423312008e-04 6.872945465147495270e-03
1.036626999848522246e-04 6.857765372842550278e-03
1.779106678441166878e-04 6.864087656140327454e-03
1.529846776975318789e-04 6.879768334329128265e-03
9.870019130175933242e-05 6.885339505970478058e-03
1.960304362000897527e-04 6.868888624012470245e-03
1.316750276600942016e-04 6.861370522528886795e-03
1.469285634811967611e-04 6.864210590720176697e-03
5.167062627151608467e-04 6.889074575155973434e-03
7.108396384865045547e-04 6.878646090626716614e-03
4.582084948197007179e-04 6.852771621197462082e-03
4.079633508808910847e-04 6.885495036840438843e-03
6.217887857928872108e-04 6.884335074573755264e-03
4.223594733048230410e-04 6.909661460667848587e-03
3.540962643455713987e-04 6.896037142723798752e-03
2.112648653564974666e-04 6.871452555060386658e-03
4.762510070577263832e-04 6.873010192066431046e-03
3.544724604580551386e-04 6.871949881315231323e-03
2.760825736913830042e-04 6.844823248684406281e-03
2.530571073293685913e-04 6.863172166049480438e-03
1.737907150527462363e-04 6.866942159831523895e-03
1.302387972828000784e-04 6.863484159111976624e-03
1.573924964759498835e-04 6.861478555947542191e-03
1.318352587986737490e-04 6.864874158054590225e-03
3.200510691385716200e-04 6.877644918859004974e-03
4.205990990158170462e-04 6.857965607196092606e-03
1.566472055856138468e-04 6.858795415610074997e-03
1.465115492464974523e-04 6.868407130241394043e-03
1.114063416025601327e-04 6.868100259453058243e-03
1.030430212267674506e-04 6.852920632809400558e-03
9.027668420458212495e-05 6.872024387121200562e-03
1.555431226734071970e-04 6.877850741147994995e-03
3.772944619413465261e-04 6.889284588396549225e-03
4.495971952565014362e-04 6.897625047713518143e-03
4.772343381773680449e-04 6.877389736473560333e-03
7.078541093505918980e-04 6.891193334013223648e-03
3.552642010618001223e-04 6.872603669762611389e-03
5.554453236982226372e-04 6.924904417246580124e-03
1.096754334867000580e-03 6.906801834702491760e-03
6.651916191913187504e-04 6.880147382616996765e-03
7.131312158890068531e-04 6.867853924632072449e-03
6.887408671900629997e-04 6.879376713186502457e-03
5.396045744419097900e-04 6.906002294272184372e-03
5.142773152329027653e-04 6.831868551671504974e-03
5.099269328638911247e-04 6.948606111109256744e-03
5.867357249371707439e-04 6.909187417477369308e-03
4.469362320378422737e-04 6.826278287917375565e-03
4.452788271009922028e-04 6.894242018461227417e-03
3.591358545236289501e-04 6.835214328020811081e-03
5.964906304143369198e-04 6.913446355611085892e-03
8.221963071264326572e-04 6.892674136906862259e-03
5.503988941200077534e-04 6.897031329572200775e-03
5.933933425694704056e-04 6.950277369469404221e-03
6.659771315753459930e-04 6.873454898595809937e-03
9.348891326226294041e-04 6.986607797443866730e-03
8.989262860268354416e-04 6.919730454683303833e-03
1.253567868843674660e-03 6.911546457558870316e-03
7.553136092610657215e-04 7.061223965138196945e-03
1.418624073266983032e-03 6.993454415351152420e-03
1.200193190015852451e-03 6.909066811203956604e-03
1.053420128300786018e-03 6.909233517944812775e-03
1.276586437597870827e-03 6.903001572936773300e-03
1.114967395551502705e-03 6.956851575523614883e-03
1.173593220300972462e-03 6.924224086105823517e-03
8.107313187792897224e-04 6.897114682942628860e-03
4.693862574640661478e-04 6.845833268016576767e-03
3.753743076231330633e-04 6.864167749881744385e-03
4.103590326849371195e-04 6.868751719594001770e-03
3.230381116736680269e-04 6.840046029537916183e-03
2.678300079423934221e-04 6.850876845419406891e-03
2.138623094651848078e-04 6.850655656307935715e-03
1.912483858177438378e-04 6.862850859761238098e-03
2.373573952354490757e-04 6.865901872515678406e-03
2.181474847020581365e-04 6.887364201247692108e-03
1.621863775653764606e-04 6.873234175145626068e-03
1.262689620489254594e-04 6.860766559839248657e-03
1.138725201599299908e-04 6.867246702313423157e-03
1.399257598677650094e-04 6.879743654280900955e-03
1.122412068070843816e-04 6.866197567433118820e-03
1.332810934400185943e-04 6.882901769131422043e-03
1.442980428691953421e-04 6.868556141853332520e-03
1.284539175685495138e-04 6.874635815620422363e-03
1.327553181909024715e-04 6.885034963488578796e-03
1.190996190416626632e-04 6.881310138851404190e-03
1.401715708198025823e-04 6.883154623210430145e-03
1.408154639648273587e-04 6.867016199976205826e-03
1.403529895469546318e-04 6.876988336443901062e-03
1.338483270956203341e-04 6.876682396978139877e-03
1.030574640026316047e-04 6.882694549858570099e-03
1.043556403601542115e-04 6.874487269669771194e-03
9.049756044987589121e-05 6.872733589261770248e-03
7.623060810146853328e-05 6.874029058963060379e-03
7.886571256676688790e-05 6.875154096633195877e-03
8.628569776192307472e-05 6.872983183711767197e-03
6.765833677491173148e-05 6.871704943478107452e-03
6.146344821900129318e-05 6.867742631584405899e-03
5.214703560341149569e-05 6.866769865155220032e-03
5.261345722828991711e-05 6.868455559015274048e-03
6.059048973838798702e-05 6.870366167277097702e-03
5.506010711542330682e-05 6.872745230793952942e-03
5.726207746192812920e-05 6.874264683574438095e-03
4.686855390900745988e-05 6.872938480228185654e-03
4.944289321429096162e-05 6.871895864605903625e-03
8.199646254070103168e-05 6.874308455735445023e-03
5.186915223021060228e-05 6.870666984468698502e-03
4.304838512325659394e-05 6.871658843010663986e-03
5.510289702215231955e-05 6.867867894470691681e-03
6.614497397094964981e-05 6.870798300951719284e-03
5.669835809385403991e-05 6.872156634926795959e-03
8.137329859891906381e-05 6.874904502183198929e-03
7.925082900328561664e-05 6.870293524116277695e-03
7.957014895509928465e-05 6.868545431643724442e-03
8.497504313709214330e-05 6.868525408208370209e-03
8.771086140768602490e-05 6.875003222376108170e-03
9.464900358580052853e-05 6.872397381812334061e-03
7.981957605807110667e-05 6.874237675219774246e-03
1.121266977861523628e-04 6.869445554912090302e-03
9.069430234376341105e-05 6.872731260955333710e-03
1.043066222337074578e-04 6.879875436425209045e-03
7.697568071307614446e-05 6.875184364616870880e-03
1.423477369826287031e-04 6.878030486404895782e-03
2.110724744852632284e-04 6.875535473227500916e-03
1.293348177568987012e-04 6.869309581816196442e-03
9.337376104667782784e-05 6.875855848193168640e-03
8.178113057510927320e-05 6.878940388560295105e-03
7.407228986267000437e-05 6.867596413940191269e-03
1.213287614518776536e-04 6.873215083032846451e-03
1.353778206976130605e-04 6.869953591376543045e-03
1.437910686945542693e-04 6.874594837427139282e-03
1.041607829392887652e-04 6.864492781460285187e-03
8.607753989053890109e-05 6.873898673802614212e-03
7.042169454507529736e-05 6.868028547614812851e-03
1.103502363548614085e-04 6.867232266813516617e-03
1.276534749194979668e-04 6.875990424305200577e-03
2.546384930610656738e-04 6.877961102873086929e-03
1.274771930184215307e-04 6.870072800666093826e-03
1.413602003594860435e-04 6.871260702610015869e-03
2.978622214868664742e-04 6.886261515319347382e-03
5.131933139637112617e-04 6.897934246808290482e-03
4.984932602383196354e-04 7.061549928039312363e-03
1.601253519766032696e-03 6.880261003971099854e-03
8.375570178031921387e-04 6.884078960865736008e-03
4.657776444219052792e-04 6.840512622147798538e-03
5.624081240966916084e-04 6.839897017925977707e-03
