3.120173950195312500e+02 3.124591064453125000e+02
2.382481079101562500e+02 2.383033905029296875e+02
3.352601928710937500e+02 3.357946472167968750e+02
2.483149566650390625e+02 2.481876373291015625e+02
1.630234680175781250e+02 1.638965911865234375e+02
3.828230895996093750e+02 3.835482177734375000e+02
2.482607421875000000e+02 2.487028198242187500e+02
1.586430511474609375e+02 1.587266235351562500e+02
1.734858245849609375e+02 1.742506256103515625e+02
2.541569824218750000e+02 2.540739135742187500e+02
3.353301391601562500e+02 3.362758178710937500e+02
4.463474426269531250e+02 4.469638366699218750e+02
3.320463562011718750e+02 3.325044860839843750e+02
2.573019104003906250e+02 2.585632934570312500e+02
2.346456756591796875e+02 2.343609924316406250e+02
2.074015350341796875e+02 2.067047882080078125e+02
1.658420104980468750e+02 1.659095306396484375e+02
1.750985260009765625e+02 1.760878295898437500e+02
3.893967895507812500e+02 3.901334533691406250e+02
3.473378601074218750e+02 3.472574768066406250e+02
1.682375640869140625e+02 1.684073181152343750e+02
1.502656860351562500e+02 1.504586639404296875e+02
3.317650756835937500e+02 3.316703491210937500e+02
2.222051849365234375e+02 2.223803100585937500e+02
2.104148712158203125e+02 2.116706085205078125e+02
1.941674499511718750e+02 1.955515136718750000e+02
3.353773803710937500e+02 3.366189270019531250e+02
2.582726135253906250e+02 2.590625915527343750e+02
1.849929504394531250e+02 1.864076538085937500e+02
3.578464355468750000e+02 3.594377441406250000e+02
3.356675720214843750e+02 3.359238281250000000e+02
3.463410034179687500e+02 3.463096618652343750e+02
2.254051818847656250e+02 2.263743591308593750e+02
1.524924468994140625e+02 1.527070159912109375e+02
3.470559082031250000e+02 3.472233276367187500e+02
1.993386383056640625e+02 2.004356384277343750e+02
2.765131835937500000e+02 2.768661804199218750e+02
3.581592102050781250e+02 3.585187072753906250e+02
2.569187622070312500e+02 2.566971435546875000e+02
2.601044311523437500e+02 2.597346191406250000e+02
3.589061279296875000e+02 3.592098083496093750e+02
2.108896636962890625e+02 2.111154785156250000e+02
1.910278625488281250e+02 1.925480957031250000e+02
3.321555786132812500e+02 3.325888366699218750e+02
2.660003662109375000e+02 2.660632629394531250e+02
3.014829406738281250e+02 3.016008300781250000e+02
2.031046752929687500e+02 2.038437500000000000e+02
1.607397613525390625e+02 1.616613311767578125e+02
3.651315002441406250e+02 3.653329772949218750e+02
2.106382141113281250e+02 2.117867126464843750e+02
3.684643249511718750e+02 3.693892211914062500e+02
4.010457153320312500e+02 4.019005126953125000e+02
2.406453399658203125e+02 2.407116851806640625e+02
3.639242858886718750e+02 3.639827270507812500e+02
2.409038238525390625e+02 2.406800994873046875e+02
4.381061401367187500e+02 4.384065856933593750e+02
2.020004119873046875e+02 2.020023803710937500e+02
3.592596740722656250e+02 3.593227233886718750e+02
1.842680969238281250e+02 1.855914611816406250e+02
3.439964904785156250e+02 3.445644531250000000e+02
1.694657592773437500e+02 1.703755493164062500e+02
1.753532257080078125e+02 1.759774017333984375e+02
1.760859069824218750e+02 1.763281250000000000e+02
1.702549438476562500e+02 1.709157867431640625e+02
1.764661254882812500e+02 1.775675354003906250e+02
2.257310791015625000e+02 2.255125885009765625e+02
1.706157379150390625e+02 1.709766998291015625e+02
2.629651184082031250e+02 2.644321899414062500e+02
1.732108764648437500e+02 1.748852081298828125e+02
1.856161041259765625e+02 1.873587951660156250e+02
3.320446472167968750e+02 3.326705017089843750e+02
3.457562866210937500e+02 3.466751403808593750e+02
1.688350372314453125e+02 1.695093231201171875e+02
2.669876403808593750e+02 2.667460021972656250e+02
1.590562591552734375e+02 1.589792633056640625e+02
2.655060729980468750e+02 2.656439514160156250e+02
1.762171173095703125e+02 1.776693115234375000e+02
1.727992553710937500e+02 1.735771026611328125e+02
1.823535308837890625e+02 1.836736755371093750e+02
3.814035949707031250e+02 3.813426818847656250e+02
1.697638549804687500e+02 1.719550781250000000e+02
3.763347167968750000e+02 3.758550109863281250e+02
2.601482238769531250e+02 2.605109558105468750e+02
1.898541564941406250e+02 1.908740386962890625e+02
4.113380432128906250e+02 4.118710632324218750e+02
3.513319702148437500e+02 3.509570617675781250e+02
1.736421966552734375e+02 1.745959167480468750e+02
1.808885955810546875e+02 1.821792755126953125e+02
1.706297760009765625e+02 1.713403167724609375e+02
3.320446777343750000e+02 3.321957397460937500e+02
2.602764282226562500e+02 2.606938781738281250e+02
1.839976806640625000e+02 1.839834747314453125e+02
3.461613464355468750e+02 3.466392822265625000e+02
4.207578125000000000e+02 4.212023010253906250e+02
3.566981506347656250e+02 3.577443847656250000e+02
1.762444305419921875e+02 1.769883270263671875e+02
1.800618133544921875e+02 1.813690948486328125e+02
1.414727478027343750e+02 1.424617156982421875e+02
2.542742767333984375e+02 2.541246185302734375e+02
1.799263305664062500e+02 1.798306427001953125e+02
1.582171630859375000e+02 1.585099639892578125e+02
3.650763854980468750e+02 3.655173034667968750e+02
3.825022583007812500e+02 3.832756347656250000e+02
3.861542663574218750e+02 3.862266235351562500e+02
3.929257202148437500e+02 3.931466674804687500e+02
2.012999572753906250e+02 2.025295562744140625e+02
2.340609436035156250e+02 2.352814025878906250e+02
2.820454711914062500e+02 2.819623718261718750e+02
2.840639648437500000e+02 2.844905395507812500e+02
3.596751403808593750e+02 3.596829223632812500e+02
1.512032012939453125e+02 1.527540130615234375e+02
1.792395477294921875e+02 1.802415771484375000e+02
1.932314300537109375e+02 1.935890655517578125e+02
3.799354553222656250e+02 3.808587341308593750e+02
2.257558746337890625e+02 2.255613250732421875e+02
3.574948730468750000e+02 3.574852294921875000e+02
3.677018737792968750e+02 3.672983703613281250e+02
1.939738769531250000e+02 1.938923339843750000e+02
1.853027496337890625e+02 1.861424713134765625e+02
3.648339538574218750e+02 3.647684326171875000e+02
1.622723999023437500e+02 1.628200378417968750e+02
2.086295013427734375e+02 2.090234985351562500e+02
1.772991180419921875e+02 1.776212158203125000e+02
1.592948608398437500e+02 1.589400482177734375e+02
1.616830291748046875e+02 1.615466461181640625e+02
1.622736663818359375e+02 1.629144287109375000e+02
3.455770874023437500e+02 3.456693725585937500e+02
2.935121459960937500e+02 2.943611755371093750e+02
2.361165771484375000e+02 2.360827941894531250e+02
2.386192169189453125e+02 2.383492279052734375e+02
3.836197814941406250e+02 3.836634216308593750e+02
1.794669494628906250e+02 1.812013092041015625e+02
1.638889007568359375e+02 1.650672607421875000e+02
3.480974426269531250e+02 3.476796264648437500e+02
2.026143646240234375e+02 2.027510986328125000e+02
1.483426208496093750e+02 1.487168426513671875e+02
3.649909362792968750e+02 3.652649841308593750e+02
2.382475585937500000e+02 2.381507110595703125e+02
2.276065368652343750e+02 2.290723571777343750e+02
3.690668640136718750e+02 3.690762939453125000e+02
3.854610595703125000e+02 3.852752075195312500e+02
1.422581634521484375e+02 1.430126800537109375e+02
1.683427429199218750e+02 1.690492401123046875e+02
1.835562133789062500e+02 1.842074127197265625e+02
3.696629028320312500e+02 3.705692138671875000e+02
3.474894714355468750e+02 3.470740661621093750e+02
1.964454498291015625e+02 1.983493041992187500e+02
2.352923736572265625e+02 2.363347778320312500e+02
3.481612548828125000e+02 3.483943481445312500e+02
2.667244873046875000e+02 2.673357849121093750e+02
3.645395812988281250e+02 3.647413330078125000e+02
3.642408142089843750e+02 3.644672546386718750e+02
1.764395599365234375e+02 1.771502838134765625e+02
1.825554046630859375e+02 1.835177001953125000e+02
2.467087860107421875e+02 2.464190673828125000e+02
2.327551116943359375e+02 2.337441406250000000e+02
1.506475677490234375e+02 1.521547393798828125e+02
2.678855895996093750e+02 2.678422851562500000e+02
2.568591918945312500e+02 2.567964172363281250e+02
2.050494537353515625e+02 2.053397064208984375e+02
1.585853881835937500e+02 1.605790405273437500e+02
4.189458312988281250e+02 4.199600524902343750e+02
2.122478027343750000e+02 2.125057525634765625e+02
3.582427673339843750e+02 3.589725646972656250e+02
3.593347167968750000e+02 3.599987182617187500e+02
1.574532928466796875e+02 1.576038360595703125e+02
3.476441650390625000e+02 3.480080871582031250e+02
2.202837066650390625e+02 2.203933868408203125e+02
2.161405639648437500e+02 2.168236999511718750e+02
2.304214477539062500e+02 2.321222991943359375e+02
1.875835113525390625e+02 1.879891815185546875e+02
3.657479553222656250e+02 3.658209228515625000e+02
1.781559753417968750e+02 1.786546630859375000e+02
1.850085449218750000e+02 1.856667633056640625e+02
2.665760803222656250e+02 2.670248413085937500e+02
3.671684265136718750e+02 3.676093444824218750e+02
3.349220886230468750e+02 3.351340332031250000e+02
3.853265380859375000e+02 3.850529785156250000e+02
3.678549194335937500e+02 3.682947387695312500e+02
2.385435333251953125e+02 2.384588470458984375e+02
3.511200561523437500e+02 3.512991027832031250e+02
1.418047332763671875e+02 1.422173614501953125e+02
3.318615112304687500e+02 3.319948120117187500e+02
2.219102172851562500e+02 2.230931243896484375e+02
3.787092895507812500e+02 3.793423156738281250e+02
3.587319335937500000e+02 3.589591064453125000e+02
4.269519958496093750e+02 4.272139892578125000e+02
4.102942199707031250e+02 4.105537109375000000e+02
2.388700714111328125e+02 2.396463470458984375e+02
3.317466430664062500e+02 3.321311035156250000e+02
1.736035003662109375e+02 1.736625671386718750e+02
1.747950286865234375e+02 1.747388305664062500e+02
2.450021057128906250e+02 2.454505310058593750e+02
2.385713958740234375e+02 2.386861114501953125e+02
1.608681335449218750e+02 1.605158691406250000e+02
3.470742187500000000e+02 3.471898803710937500e+02
1.405454101562500000e+02 1.415483093261718750e+02
1.938446044921875000e+02 1.941904144287109375e+02
2.702633056640625000e+02 2.711382446289062500e+02
1.976138763427734375e+02 1.980775604248046875e+02
3.612648925781250000e+02 3.611898498535156250e+02
4.054632263183593750e+02 4.061254272460937500e+02
3.460769042968750000e+02 3.464712524414062500e+02
3.475321044921875000e+02 3.482654113769531250e+02
3.319671630859375000e+02 3.325931396484375000e+02
1.563057250976562500e+02 1.563958892822265625e+02
1.608813018798828125e+02 1.616252288818359375e+02
2.053928527832031250e+02 2.071965942382812500e+02
2.576996459960937500e+02 2.576860351562500000e+02
1.718514709472656250e+02 1.733705749511718750e+02
2.510689239501953125e+02 2.526095581054687500e+02
1.471753082275390625e+02 1.485021362304687500e+02
2.275307922363281250e+02 2.275151977539062500e+02
4.179215087890625000e+02 4.183417663574218750e+02
1.843008270263671875e+02 1.849862365722656250e+02
2.661754455566406250e+02 2.667753906250000000e+02
3.311951293945312500e+02 3.311853637695312500e+02
2.609972229003906250e+02 2.611248168945312500e+02
1.594566955566406250e+02 1.595922393798828125e+02
3.350376586914062500e+02 3.356031799316406250e+02
1.400066986083984375e+02 1.404323577880859375e+02
3.613834838867187500e+02 3.618851318359375000e+02
2.369184722900390625e+02 2.367723541259765625e+02
1.854746856689453125e+02 1.862861175537109375e+02
2.276797790527343750e+02 2.275269622802734375e+02
3.574060058593750000e+02 3.575713500976562500e+02
3.486123657226562500e+02 3.483597717285156250e+02
2.671184387207031250e+02 2.684434509277343750e+02
2.237929687500000000e+02 2.242631072998046875e+02
1.759182281494140625e+02 1.764647674560546875e+02
3.969196777343750000e+02 3.980496826171875000e+02
1.988951721191406250e+02 2.008031005859375000e+02
2.486470947265625000e+02 2.501243896484375000e+02
2.607333068847656250e+02 2.607902832031250000e+02
2.258191986083984375e+02 2.266409149169921875e+02
3.515094299316406250e+02 3.518388061523437500e+02
1.696996765136718750e+02 1.708255462646484375e+02
2.415963287353515625e+02 2.415453491210937500e+02
3.577852172851562500e+02 3.576406250000000000e+02
1.521508026123046875e+02 1.536078338623046875e+02
2.260359954833984375e+02 2.259806365966796875e+02
3.630872802734375000e+02 3.634401245117187500e+02
2.900325012207031250e+02 2.910997009277343750e+02
3.702095031738281250e+02 3.716705627441406250e+02
3.488323059082031250e+02 3.488730163574218750e+02
3.460463562011718750e+02 3.462956848144531250e+02
2.518173522949218750e+02 2.519546203613281250e+02
3.588071899414062500e+02 3.595375061035156250e+02
4.339112243652343750e+02 4.345985717773437500e+02
3.466656799316406250e+02 3.467001953125000000e+02
2.767607421875000000e+02 2.768374633789062500e+02
3.315738830566406250e+02 3.316111755371093750e+02
3.574431152343750000e+02 3.581994628906250000e+02
1.880449829101562500e+02 1.881487426757812500e+02
4.047626037597656250e+02 4.050160827636718750e+02
3.932586059570312500e+02 3.939476013183593750e+02
1.880480346679687500e+02 1.894798278808593750e+02
3.903134765625000000e+02 3.903136596679687500e+02
1.354248809814453125e+02 1.363884735107421875e+02
3.325206909179687500e+02 3.326934814453125000e+02
2.256239318847656250e+02 2.255065765380859375e+02
3.791546020507812500e+02 3.793541564941406250e+02
2.521123352050781250e+02 2.522710876464843750e+02
1.666369628906250000e+02 1.671244812011718750e+02
1.913598937988281250e+02 1.923626098632812500e+02
2.392886199951171875e+02 2.400072784423828125e+02
1.709274749755859375e+02 1.719138031005859375e+02
2.109862060546875000e+02 2.110032196044921875e+02
2.385928649902343750e+02 2.382839660644531250e+02
1.748324737548828125e+02 1.752023468017578125e+02
1.819406890869140625e+02 1.832655639648437500e+02
2.271633300781250000e+02 2.278758239746093750e+02
2.890476379394531250e+02 2.892903442382812500e+02
2.601148376464843750e+02 2.612366943359375000e+02
1.759145202636718750e+02 1.773390808105468750e+02
2.458592681884765625e+02 2.469882049560546875e+02
3.586542358398437500e+02 3.584795837402343750e+02
3.457388610839843750e+02 3.457890014648437500e+02
1.758229980468750000e+02 1.759925537109375000e+02
4.259371643066406250e+02 4.262110595703125000e+02
3.460403137207031250e+02 3.459119873046875000e+02
2.258925323486328125e+02 2.257615661621093750e+02
2.542188415527343750e+02 2.542739257812500000e+02
3.082249755859375000e+02 3.091367797851562500e+02
1.590178070068359375e+02 1.593023681640625000e+02
1.966812438964843750e+02 1.969758605957031250e+02
1.932092742919921875e+02 1.934256896972656250e+02
3.647301025390625000e+02 3.652907409667968750e+02
3.473723754882812500e+02 3.479620056152343750e+02
1.507194366455078125e+02 1.507622528076171875e+02
1.787027587890625000e+02 1.798217315673828125e+02
3.786443786621093750e+02 3.793537902832031250e+02
1.730191345214843750e+02 1.740438995361328125e+02
3.645515441894531250e+02 3.650464172363281250e+02
2.161765594482421875e+02 2.166655120849609375e+02
1.871796112060546875e+02 1.873634796142578125e+02
3.775074157714843750e+02 3.782711181640625000e+02
1.980614318847656250e+02 1.979653472900390625e+02
1.576934204101562500e+02 1.588970489501953125e+02
4.148604125976562500e+02 4.151866149902343750e+02
2.202376861572265625e+02 2.212383117675781250e+02
1.848601684570312500e+02 1.856243286132812500e+02
1.827281036376953125e+02 1.832968292236328125e+02
1.797407989501953125e+02 1.812774505615234375e+02
1.478963317871093750e+02 1.473785400390625000e+02
3.348319396972656250e+02 3.355075683593750000e+02
2.444488983154296875e+02 2.444042205810546875e+02
3.465696716308593750e+02 3.474288024902343750e+02
3.319403991699218750e+02 3.318992614746093750e+02
1.606677093505859375e+02 1.616611785888671875e+02
2.483057403564453125e+02 2.492944946289062500e+02
1.792611999511718750e+02 1.791303710937500000e+02
1.486592407226562500e+02 1.482205505371093750e+02
3.318592224121093750e+02 3.327864074707031250e+02
1.911641235351562500e+02 1.926858367919921875e+02
2.727770385742187500e+02 2.735695800781250000e+02
3.099185485839843750e+02 3.106560668945312500e+02
1.677897186279296875e+02 1.679439544677734375e+02
3.631747741699218750e+02 3.636474304199218750e+02
3.649732055664062500e+02 3.651784362792968750e+02
3.481032714843750000e+02 3.478395385742187500e+02
2.467169799804687500e+02 2.464759368896484375e+02
2.217805633544921875e+02 2.226953735351562500e+02
3.691936340332031250e+02 3.696077575683593750e+02
2.252590179443359375e+02 2.252339172363281250e+02
2.564865722656250000e+02 2.578784484863281250e+02
3.646161804199218750e+02 3.648228454589843750e+02
1.603005981445312500e+02 1.611330108642578125e+02
3.471150207519531250e+02 3.471643371582031250e+02
1.287212982177734375e+02 1.293107757568359375e+02
4.226066894531250000e+02 4.227164611816406250e+02
2.368175964355468750e+02 2.368198699951171875e+02
3.307525634765625000e+02 3.305126342773437500e+02
3.792132873535156250e+02 3.796001586914062500e+02
2.367287292480468750e+02 2.367844238281250000e+02
2.339742431640625000e+02 2.345076446533203125e+02
1.701140594482421875e+02 1.708406829833984375e+02
1.571160278320312500e+02 1.578535919189453125e+02
3.318439025878906250e+02 3.318807067871093750e+02
3.586718750000000000e+02 3.587540893554687500e+02
1.660326690673828125e+02 1.671574707031250000e+02
3.616356506347656250e+02 3.613511047363281250e+02
1.851289062500000000e+02 1.860709533691406250e+02
1.985281219482421875e+02 2.002035369873046875e+02
3.478707580566406250e+02 3.486463928222656250e+02
2.341010894775390625e+02 2.339830627441406250e+02
1.809803924560546875e+02 1.822362213134765625e+02
1.269821395874023438e+02 1.282567749023437500e+02
2.636825561523437500e+02 2.640032653808593750e+02
3.477925109863281250e+02 3.480609436035156250e+02
3.313711242675781250e+02 3.315261840820312500e+02
1.775928039550781250e+02 1.782322540283203125e+02
2.969259338378906250e+02 2.968111267089843750e+02
2.835087280273437500e+02 2.830880432128906250e+02
2.259218597412109375e+02 2.265485839843750000e+02
1.822241973876953125e+02 1.832199401855468750e+02
1.849475708007812500e+02 1.850864562988281250e+02
2.260660705566406250e+02 2.259360198974609375e+02
3.322903747558593750e+02 3.320321960449218750e+02
1.722277069091796875e+02 1.738095245361328125e+02
1.818293457031250000e+02 1.818863677978515625e+02
3.578400573730468750e+02 3.580657958984375000e+02
1.566189727783203125e+02 1.567138366699218750e+02
2.359542236328125000e+02 2.369352264404296875e+02
2.363464813232421875e+02 2.373037567138671875e+02
1.521642456054687500e+02 1.517515106201171875e+02
2.609543457031250000e+02 2.622309265136718750e+02
2.919581909179687500e+02 2.927029724121093750e+02
2.611292724609375000e+02 2.616737976074218750e+02
1.777800140380859375e+02 1.773977813720703125e+02
1.439980468750000000e+02 1.450199737548828125e+02
3.762682189941406250e+02 3.768209228515625000e+02
2.062159423828125000e+02 2.064000091552734375e+02
1.470638427734375000e+02 1.485978393554687500e+02
4.608920593261718750e+02 4.617126464843750000e+02
3.631204528808593750e+02 3.641369628906250000e+02
1.794324035644531250e+02 1.796530761718750000e+02
3.920471191406250000e+02 3.931892700195312500e+02
4.118758850097656250e+02 4.118104553222656250e+02
1.976625671386718750e+02 1.988770904541015625e+02
1.773658752441406250e+02 1.769476013183593750e+02
2.106423034667968750e+02 2.105368652343750000e+02
2.390602722167968750e+02 2.404991912841796875e+02
2.655114440917968750e+02 2.662973327636718750e+02
2.218109741210937500e+02 2.220765686035156250e+02
2.133948059082031250e+02 2.142515258789062500e+02
2.482042541503906250e+02 2.481827087402343750e+02
1.994980926513671875e+02 2.001681976318359375e+02
1.827168426513671875e+02 1.831857910156250000e+02
3.307947692871093750e+02 3.307792053222656250e+02
1.887964019775390625e+02 1.887833709716796875e+02
1.859371185302734375e+02 1.860774688720703125e+02
1.894319915771484375e+02 1.904191741943359375e+02
2.325363006591796875e+02 2.333827972412109375e+02
1.709518585205078125e+02 1.713996276855468750e+02
3.465382690429687500e+02 3.469721679687500000e+02
2.608081970214843750e+02 2.618706970214843750e+02
2.309140319824218750e+02 2.308766479492187500e+02
3.652351074218750000e+02 3.650599975585937500e+02
2.439282989501953125e+02 2.450891113281250000e+02
1.468443298339843750e+02 1.482359008789062500e+02
2.403795928955078125e+02 2.407561798095703125e+02
3.247495422363281250e+02 3.249362487792968750e+02
2.538701324462890625e+02 2.548492584228515625e+02
1.743705291748046875e+02 1.749849853515625000e+02
2.467628479003906250e+02 2.478250579833984375e+02
2.257263793945312500e+02 2.274901580810546875e+02
4.078372802734375000e+02 4.082839050292968750e+02
1.884002380371093750e+02 1.891679992675781250e+02
3.327942810058593750e+02 3.333981323242187500e+02
1.768177185058593750e+02 1.770372924804687500e+02
1.919720764160156250e+02 1.921266326904296875e+02
3.349252319335937500e+02 3.352048339843750000e+02
3.042545166015625000e+02 3.050538940429687500e+02
3.615440673828125000e+02 3.616326293945312500e+02
4.265124816894531250e+02 4.265266723632812500e+02
2.012362823486328125e+02 2.024022979736328125e+02
3.035096130371093750e+02 3.046484680175781250e+02
1.667646026611328125e+02 1.674997863769531250e+02
1.749516143798828125e+02 1.762858276367187500e+02
2.387562408447265625e+02 2.395513916015625000e+02
2.326489105224609375e+02 2.323642425537109375e+02
2.580972290039062500e+02 2.587579040527343750e+02
1.952087554931640625e+02 1.959781036376953125e+02
3.464162597656250000e+02 3.467459411621093750e+02
1.770252227783203125e+02 1.775855407714843750e+02
2.438273925781250000e+02 2.452712097167968750e+02
2.523578643798828125e+02 2.524656982421875000e+02
2.424563751220703125e+02 2.435818939208984375e+02
3.711472167968750000e+02 3.713647460937500000e+02
3.344833679199218750e+02 3.345087280273437500e+02
1.624503631591796875e+02 1.630578002929687500e+02
2.701601257324218750e+02 2.710785522460937500e+02
3.470543823242187500e+02 3.474981384277343750e+02
2.394246368408203125e+02 2.407302551269531250e+02
2.469229278564453125e+02 2.480051574707031250e+02
2.340322875976562500e+02 2.338050079345703125e+02
3.654221801757812500e+02 3.652777709960937500e+02
2.333693542480468750e+02 2.336155700683593750e+02
1.419434051513671875e+02 1.429839782714843750e+02
3.319931640625000000e+02 3.323466491699218750e+02
1.581948547363281250e+02 1.602376708984375000e+02
3.630654907226562500e+02 3.635928955078125000e+02
2.611656494140625000e+02 2.612855224609375000e+02
1.484692993164062500e+02 1.494123382568359375e+02
1.910149536132812500e+02 1.917497558593750000e+02
1.885688629150390625e+02 1.899631652832031250e+02
3.960665588378906250e+02 3.967394104003906250e+02
1.827966613769531250e+02 1.838364562988281250e+02
1.811087036132812500e+02 1.814988250732421875e+02
3.167581176757812500e+02 3.177672119140625000e+02
4.172071533203125000e+02 4.179669189453125000e+02
2.387143096923828125e+02 2.390209503173828125e+02
2.392101135253906250e+02 2.401838378906250000e+02
2.963485107421875000e+02 2.966082458496093750e+02
2.543017883300781250e+02 2.553434143066406250e+02
1.821472320556640625e+02 1.819831085205078125e+02
1.565910034179687500e+02 1.567500305175781250e+02
2.166811981201171875e+02 2.175013427734375000e+02
3.592362060546875000e+02 3.596893310546875000e+02
3.321698913574218750e+02 3.323316040039062500e+02
1.907822265625000000e+02 1.909759979248046875e+02
2.458258514404296875e+02 2.466018829345703125e+02
2.333179473876953125e+02 2.333183288574218750e+02
3.674519653320312500e+02 3.679280090332031250e+02
1.768845367431640625e+02 1.770243072509765625e+02
1.725021209716796875e+02 1.731601715087890625e+02
3.977388610839843750e+02 3.980053710937500000e+02
2.871373291015625000e+02 2.877374267578125000e+02
3.957601623535156250e+02 3.956721801757812500e+02
3.615885314941406250e+02 3.617890014648437500e+02
1.428058319091796875e+02 1.422256774902343750e+02
3.934265747070312500e+02 3.931420288085937500e+02
3.574318237304687500e+02 3.578321228027343750e+02
3.321994018554687500e+02 3.325846557617187500e+02
3.671574096679687500e+02 3.676004028320312500e+02
3.322578125000000000e+02 3.321196289062500000e+02
3.488602905273437500e+02 3.488150329589843750e+02
2.880803833007812500e+02 2.894372863769531250e+02
2.499817657470703125e+02 2.513287658691406250e+02
2.722341003417968750e+02 2.726092529296875000e+02
3.318422241210937500e+02 3.319023132324218750e+02
2.651262512207031250e+02 2.654691467285156250e+02
3.613364562988281250e+02 3.615260925292968750e+02
3.317036743164062500e+02 3.320853576660156250e+02
3.649358520507812500e+02 3.661405334472656250e+02
2.274579772949218750e+02 2.276767120361328125e+02
1.427071990966796875e+02 1.427068939208984375e+02
2.258699493408203125e+02 2.266488647460937500e+02
3.993786926269531250e+02 4.001017456054687500e+02
1.809354095458984375e+02 1.818720092773437500e+02
3.680980224609375000e+02 3.685731811523437500e+02
1.963384094238281250e+02 1.965391082763671875e+02
1.816855926513671875e+02 1.820379486083984375e+02
2.362607116699218750e+02 2.366828918457031250e+02
2.539863281250000000e+02 2.550883941650390625e+02
3.348107604980468750e+02 3.355608520507812500e+02
2.608022766113281250e+02 2.618929443359375000e+02
3.455118408203125000e+02 3.460532531738281250e+02
3.076375122070312500e+02 3.087405090332031250e+02
3.120173950195312500e+02 3.127591247558593750e+02
2.382481079101562500e+02 2.389232788085937500e+02
3.352601928710937500e+02 3.360967102050781250e+02
2.483149566650390625e+02 2.492283325195312500e+02
1.630234680175781250e+02 1.637503204345703125e+02
3.828230895996093750e+02 3.826909179687500000e+02
2.482607421875000000e+02 2.485717468261718750e+02
1.586430511474609375e+02 1.604277648925781250e+02
1.734858245849609375e+02 1.730738220214843750e+02
2.541569824218750000e+02 2.550195465087890625e+02
3.353301391601562500e+02 3.356879882812500000e+02
4.463474426269531250e+02 4.468516845703125000e+02
3.320463562011718750e+02 3.321750793457031250e+02
2.573019104003906250e+02 2.571349182128906250e+02
2.346456756591796875e+02 2.352794036865234375e+02
2.074015350341796875e+02 2.069236602783203125e+02
1.658420104980468750e+02 1.674941711425781250e+02
1.750985260009765625e+02 1.757931671142578125e+02
3.893967895507812500e+02 3.890640869140625000e+02
3.473378601074218750e+02 3.476811828613281250e+02
1.682375640869140625e+02 1.696392669677734375e+02
1.502656860351562500e+02 1.506222229003906250e+02
3.317650756835937500e+02 3.318814086914062500e+02
2.222051849365234375e+02 2.227854156494140625e+02
2.104148712158203125e+02 2.102616729736328125e+02
1.941674499511718750e+02 1.943404998779296875e+02
3.353773803710937500e+02 3.363059387207031250e+02
2.582726135253906250e+02 2.587723388671875000e+02
1.849929504394531250e+02 1.850413055419921875e+02
3.578464355468750000e+02 3.580193176269531250e+02
3.356675720214843750e+02 3.364327087402343750e+02
3.463410034179687500e+02 3.473417663574218750e+02
2.254051818847656250e+02 2.252883605957031250e+02
1.524924468994140625e+02 1.537984008789062500e+02
3.470559082031250000e+02 3.468172912597656250e+02
1.993386383056640625e+02 2.001084136962890625e+02
2.765131835937500000e+02 2.770420837402343750e+02
3.581592102050781250e+02 3.583849182128906250e+02
2.569187622070312500e+02 2.572239685058593750e+02
2.601044311523437500e+02 2.605500488281250000e+02
3.589061279296875000e+02 3.596040344238281250e+02
2.108896636962890625e+02 2.121949157714843750e+02
1.910278625488281250e+02 1.911256256103515625e+02
3.321555786132812500e+02 3.325117797851562500e+02
2.660003662109375000e+02 2.672611694335937500e+02
3.014829406738281250e+02 3.027694702148437500e+02
2.031046752929687500e+02 2.030387573242187500e+02
1.607397613525390625e+02 1.613697662353515625e+02
3.651315002441406250e+02 3.668154602050781250e+02
2.106382141113281250e+02 2.105845489501953125e+02
3.684643249511718750e+02 3.687536315917968750e+02
4.010457153320312500e+02 4.022977905273437500e+02
2.406453399658203125e+02 2.416440887451171875e+02
3.639242858886718750e+02 3.644281616210937500e+02
2.409038238525390625e+02 2.417564086914062500e+02
4.381061401367187500e+02 4.392920837402343750e+02
2.020004119873046875e+02 2.029064636230468750e+02
3.592596740722656250e+02 3.606829833984375000e+02
1.842680969238281250e+02 1.850593414306640625e+02
3.439964904785156250e+02 3.448210144042968750e+02
1.694657592773437500e+02 1.690405273437500000e+02
1.753532257080078125e+02 1.765889282226562500e+02
1.760859069824218750e+02 1.777908782958984375e+02
1.702549438476562500e+02 1.707181396484375000e+02
1.764661254882812500e+02 1.778339080810546875e+02
2.257310791015625000e+02 2.264803009033203125e+02
1.706157379150390625e+02 1.721743011474609375e+02
2.629651184082031250e+02 2.629240722656250000e+02
1.732108764648437500e+02 1.734932708740234375e+02
1.856161041259765625e+02 1.857288818359375000e+02
3.320446472167968750e+02 3.320822753906250000e+02
3.457562866210937500e+02 3.458351745605468750e+02
1.688350372314453125e+02 1.684353942871093750e+02
2.669876403808593750e+02 2.678503723144531250e+02
1.590562591552734375e+02 1.600422515869140625e+02
2.655060729980468750e+02 2.652478637695312500e+02
1.762171173095703125e+02 1.765185852050781250e+02
1.727992553710937500e+02 1.735254211425781250e+02
1.823535308837890625e+02 1.831065979003906250e+02
3.814035949707031250e+02 3.822091369628906250e+02
1.697638549804687500e+02 1.696879577636718750e+02
3.763347167968750000e+02 3.768285522460937500e+02
2.601482238769531250e+02 2.604970397949218750e+02
1.898541564941406250e+02 1.896831054687500000e+02
4.113380432128906250e+02 4.117750244140625000e+02
3.513319702148437500e+02 3.521647949218750000e+02
1.736421966552734375e+02 1.732214355468750000e+02
1.808885955810546875e+02 1.813537139892578125e+02
1.706297760009765625e+02 1.711218719482421875e+02
3.320446777343750000e+02 3.323350524902343750e+02
2.602764282226562500e+02 2.606200866699218750e+02
1.839976806640625000e+02 1.848425292968750000e+02
3.461613464355468750e+02 3.465166320800781250e+02
4.207578125000000000e+02 4.211043701171875000e+02
3.566981506347656250e+02 3.567021484375000000e+02
1.762444305419921875e+02 1.777097625732421875e+02
1.800618133544921875e+02 1.800126953125000000e+02
1.414727478027343750e+02 1.418454284667968750e+02
2.542742767333984375e+02 2.552242279052734375e+02
1.799263305664062500e+02 1.812575531005859375e+02
1.582171630859375000e+02 1.596295166015625000e+02
3.650763854980468750e+02 3.652191162109375000e+02
3.825022583007812500e+02 3.822811584472656250e+02
3.861542663574218750e+02 3.869524230957031250e+02
3.929257202148437500e+02 3.938585815429687500e+02
2.012999572753906250e+02 2.025041809082031250e+02
2.340609436035156250e+02 2.336602478027343750e+02
2.820454711914062500e+02 2.834134216308593750e+02
2.840639648437500000e+02 2.850180664062500000e+02
3.596751403808593750e+02 3.602599182128906250e+02
1.512032012939453125e+02 1.509200592041015625e+02
1.792395477294921875e+02 1.796530151367187500e+02
1.932314300537109375e+02 1.935687103271484375e+02
3.799354553222656250e+02 3.805881347656250000e+02
2.257558746337890625e+02 2.263354644775390625e+02
3.574948730468750000e+02 3.575078735351562500e+02
3.677018737792968750e+02 3.680835266113281250e+02
1.939738769531250000e+02 1.948206787109375000e+02
1.853027496337890625e+02 1.855944671630859375e+02
3.648339538574218750e+02 3.653921813964843750e+02
1.622723999023437500e+02 1.626057891845703125e+02
2.086295013427734375e+02 2.084380950927734375e+02
1.772991180419921875e+02 1.781901702880859375e+02
1.592948608398437500e+02 1.598398437500000000e+02
1.616830291748046875e+02 1.628890838623046875e+02
1.622736663818359375e+02 1.626938018798828125e+02
3.455770874023437500e+02 3.455034790039062500e+02
2.935121459960937500e+02 2.936806030273437500e+02
2.361165771484375000e+02 2.366969604492187500e+02
2.386192169189453125e+02 2.395208129882812500e+02
3.836197814941406250e+02 3.840186157226562500e+02
1.794669494628906250e+02 1.801612091064453125e+02
1.638889007568359375e+02 1.653339538574218750e+02
3.480974426269531250e+02 3.486255187988281250e+02
2.026143646240234375e+02 2.031474761962890625e+02
1.483426208496093750e+02 1.497012329101562500e+02
3.649909362792968750e+02 3.654231872558593750e+02
2.382475585937500000e+02 2.390569763183593750e+02
2.276065368652343750e+02 2.278241882324218750e+02
3.690668640136718750e+02 3.696983032226562500e+02
3.854610595703125000e+02 3.860396423339843750e+02
1.422581634521484375e+02 1.425626220703125000e+02
1.683427429199218750e+02 1.682455291748046875e+02
1.835562133789062500e+02 1.846205291748046875e+02
3.696629028320312500e+02 3.701683959960937500e+02
3.474894714355468750e+02 3.482201843261718750e+02
1.964454498291015625e+02 1.966473388671875000e+02
2.352923736572265625e+02 2.352617645263671875e+02
3.481612548828125000e+02 3.485991516113281250e+02
2.667244873046875000e+02 2.670788574218750000e+02
3.645395812988281250e+02 3.659496459960937500e+02
3.642408142089843750e+02 3.640300292968750000e+02
1.764395599365234375e+02 1.762248535156250000e+02
1.825554046630859375e+02 1.832581176757812500e+02
2.467087860107421875e+02 2.475979003906250000e+02
2.327551116943359375e+02 2.321985321044921875e+02
1.506475677490234375e+02 1.510886993408203125e+02
2.678855895996093750e+02 2.689520568847656250e+02
2.568591918945312500e+02 2.574308166503906250e+02
2.050494537353515625e+02 2.054922027587890625e+02
1.585853881835937500e+02 1.587817840576171875e+02
4.189458312988281250e+02 4.192882080078125000e+02
2.122478027343750000e+02 2.127240295410156250e+02
3.582427673339843750e+02 3.580043945312500000e+02
3.593347167968750000e+02 3.596975402832031250e+02
1.574532928466796875e+02 1.586261901855468750e+02
3.476441650390625000e+02 3.477160644531250000e+02
2.202837066650390625e+02 2.213614654541015625e+02
2.161405639648437500e+02 2.164982604980468750e+02
2.304214477539062500e+02 2.308896789550781250e+02
1.875835113525390625e+02 1.874542236328125000e+02
3.657479553222656250e+02 3.657357177734375000e+02
1.781559753417968750e+02 1.790446319580078125e+02
1.850085449218750000e+02 1.847808380126953125e+02
2.665760803222656250e+02 2.677758483886718750e+02
3.671684265136718750e+02 3.668032531738281250e+02
3.349220886230468750e+02 3.350087585449218750e+02
3.853265380859375000e+02 3.862354736328125000e+02
3.678549194335937500e+02 3.673263244628906250e+02
2.385435333251953125e+02 2.393977355957031250e+02
3.511200561523437500e+02 3.513862915039062500e+02
1.418047332763671875e+02 1.427897186279296875e+02
3.318615112304687500e+02 3.322076416015625000e+02
2.219102172851562500e+02 2.225178222656250000e+02
3.787092895507812500e+02 3.792062988281250000e+02
3.587319335937500000e+02 3.588199462890625000e+02
4.269519958496093750e+02 4.274112854003906250e+02
4.102942199707031250e+02 4.106984252929687500e+02
2.388700714111328125e+02 2.385774230957031250e+02
3.317466430664062500e+02 3.319035949707031250e+02
1.736035003662109375e+02 1.744357299804687500e+02
1.747950286865234375e+02 1.756458892822265625e+02
2.450021057128906250e+02 2.452278442382812500e+02
2.385713958740234375e+02 2.392579345703125000e+02
1.608681335449218750e+02 1.623239746093750000e+02
3.470742187500000000e+02 3.477723693847656250e+02
1.405454101562500000e+02 1.413241882324218750e+02
1.938446044921875000e+02 1.938916168212890625e+02
2.702633056640625000e+02 2.699951171875000000e+02
1.976138763427734375e+02 1.970766448974609375e+02
3.612648925781250000e+02 3.609434814453125000e+02
4.054632263183593750e+02 4.054959411621093750e+02
3.460769042968750000e+02 3.464769287109375000e+02
3.475321044921875000e+02 3.479693908691406250e+02
3.319671630859375000e+02 3.327836914062500000e+02
1.563057250976562500e+02 1.564069366455078125e+02
1.608813018798828125e+02 1.616271209716796875e+02
2.053928527832031250e+02 2.058148651123046875e+02
2.576996459960937500e+02 2.584558410644531250e+02
1.718514709472656250e+02 1.719973907470703125e+02
2.510689239501953125e+02 2.512451171875000000e+02
1.471753082275390625e+02 1.471935882568359375e+02
2.275307922363281250e+02 2.283605957031250000e+02
4.179215087890625000e+02 4.179527282714843750e+02
1.843008270263671875e+02 1.842753601074218750e+02
2.661754455566406250e+02 2.666339721679687500e+02
3.311951293945312500e+02 3.312014465332031250e+02
2.609972229003906250e+02 2.612486572265625000e+02
1.594566955566406250e+02 1.596154327392578125e+02
3.350376586914062500e+02 3.358576965332031250e+02
1.400066986083984375e+02 1.406805572509765625e+02
3.613834838867187500e+02 3.614785461425781250e+02
2.369184722900390625e+02 2.379356384277343750e+02
1.854746856689453125e+02 1.858911437988281250e+02
2.276797790527343750e+02 2.286827239990234375e+02
3.574060058593750000e+02 3.578255615234375000e+02
3.486123657226562500e+02 3.494018554687500000e+02
2.671184387207031250e+02 2.671405029296875000e+02
2.237929687500000000e+02 2.244783935546875000e+02
1.759182281494140625e+02 1.751267852783203125e+02
3.969196777343750000e+02 3.969958801269531250e+02
1.988951721191406250e+02 1.989204559326171875e+02
2.486470947265625000e+02 2.494219207763671875e+02
2.607333068847656250e+02 2.615117187500000000e+02
2.258191986083984375e+02 2.256583557128906250e+02
3.515094299316406250e+02 3.521666259765625000e+02
1.696996765136718750e+02 1.703409271240234375e+02
2.415963287353515625e+02 2.423489379882812500e+02
3.577852172851562500e+02 3.575668334960937500e+02
1.521508026123046875e+02 1.526570434570312500e+02
2.260359954833984375e+02 2.267304687500000000e+02
3.630872802734375000e+02 3.630156860351562500e+02
2.900325012207031250e+02 2.911427001953125000e+02
3.702095031738281250e+02 3.701268005371093750e+02
3.488323059082031250e+02 3.491706542968750000e+02
3.460463562011718750e+02 3.460397033691406250e+02
2.518173522949218750e+02 2.517111663818359375e+02
3.588071899414062500e+02 3.589874877929687500e+02
4.339112243652343750e+02 4.338393249511718750e+02
3.466656799316406250e+02 3.470061950683593750e+02
2.767607421875000000e+02 2.768390808105468750e+02
3.315738830566406250e+02 3.318277893066406250e+02
3.574431152343750000e+02 3.577761230468750000e+02
1.880449829101562500e+02 1.896964569091796875e+02
4.047626037597656250e+02 4.052299499511718750e+02
3.932586059570312500e+02 3.936209716796875000e+02
1.880480346679687500e+02 1.883146209716796875e+02
3.903134765625000000e+02 3.907775878906250000e+02
1.354248809814453125e+02 1.350643615722656250e+02
3.325206909179687500e+02 3.326131896972656250e+02
2.256239318847656250e+02 2.268955078125000000e+02
3.791546020507812500e+02 3.793393859863281250e+02
2.521123352050781250e+02 2.520377960205078125e+02
1.666369628906250000e+02 1.674822845458984375e+02
1.913598937988281250e+02 1.915331726074218750e+02
2.392886199951171875e+02 2.392944335937500000e+02
1.709274749755859375e+02 1.710417633056640625e+02
2.109862060546875000e+02 2.118177947998046875e+02
2.385928649902343750e+02 2.392133789062500000e+02
1.748324737548828125e+02 1.758410034179687500e+02
1.819406890869140625e+02 1.822898406982421875e+02
2.271633300781250000e+02 2.276029815673828125e+02
2.890476379394531250e+02 2.892994079589843750e+02
2.601148376464843750e+02 2.600142517089843750e+02
1.759145202636718750e+02 1.767624359130859375e+02
2.458592681884765625e+02 2.459947204589843750e+02
3.586542358398437500e+02 3.592764587402343750e+02
3.457388610839843750e+02 3.457541198730468750e+02
1.758229980468750000e+02 1.768095245361328125e+02
4.259371643066406250e+02 4.267816162109375000e+02
3.460403137207031250e+02 3.463249816894531250e+02
2.258925323486328125e+02 2.266560821533203125e+02
2.542188415527343750e+02 2.552383575439453125e+02
3.082249755859375000e+02 3.081792297363281250e+02
1.590178070068359375e+02 1.590673980712890625e+02
1.966812438964843750e+02 1.970926513671875000e+02
1.932092742919921875e+02 1.950092620849609375e+02
3.647301025390625000e+02 3.647329101562500000e+02
3.473723754882812500e+02 3.477831726074218750e+02
1.507194366455078125e+02 1.514376068115234375e+02
1.787027587890625000e+02 1.789698638916015625e+02
3.786443786621093750e+02 3.789181518554687500e+02
1.730191345214843750e+02 1.740910339355468750e+02
3.645515441894531250e+02 3.642484130859375000e+02
2.161765594482421875e+02 2.169142608642578125e+02
1.871796112060546875e+02 1.872874450683593750e+02
3.775074157714843750e+02 3.784479980468750000e+02
1.980614318847656250e+02 1.988208312988281250e+02
1.576934204101562500e+02 1.582378845214843750e+02
4.148604125976562500e+02 4.154255065917968750e+02
2.202376861572265625e+02 2.202381744384765625e+02
1.848601684570312500e+02 1.866933441162109375e+02
1.827281036376953125e+02 1.835731506347656250e+02
1.797407989501953125e+02 1.801598052978515625e+02
1.478963317871093750e+02 1.489954223632812500e+02
3.348319396972656250e+02 3.355710144042968750e+02
2.444488983154296875e+02 2.453541107177734375e+02
3.465696716308593750e+02 3.467065429687500000e+02
3.319403991699218750e+02 3.317444458007812500e+02
1.606677093505859375e+02 1.618942718505859375e+02
2.483057403564453125e+02 2.485337829589843750e+02
1.792611999511718750e+02 1.798898620605468750e+02
1.486592407226562500e+02 1.499983673095703125e+02
3.318592224121093750e+02 3.322836914062500000e+02
1.911641235351562500e+02 1.912392425537109375e+02
2.727770385742187500e+02 2.729507751464843750e+02
3.099185485839843750e+02 3.112872924804687500e+02
1.677897186279296875e+02 1.690360565185546875e+02
3.631747741699218750e+02 3.632607421875000000e+02
3.649732055664062500e+02 3.646987304687500000e+02
3.481032714843750000e+02 3.485437316894531250e+02
2.467169799804687500e+02 2.477465515136718750e+02
2.217805633544921875e+02 2.221070556640625000e+02
3.691936340332031250e+02 3.700300292968750000e+02
2.252590179443359375e+02 2.267005462646484375e+02
2.564865722656250000e+02 2.564734191894531250e+02
3.646161804199218750e+02 3.652308959960937500e+02
1.603005981445312500e+02 1.612944335937500000e+02
3.471150207519531250e+02 3.473380737304687500e+02
1.287212982177734375e+02 1.285757751464843750e+02
4.226066894531250000e+02 4.233301696777343750e+02
2.368175964355468750e+02 2.369157104492187500e+02
3.307525634765625000e+02 3.310129089355468750e+02
3.792132873535156250e+02 3.787937927246093750e+02
2.367287292480468750e+02 2.377624816894531250e+02
2.339742431640625000e+02 2.335655059814453125e+02
1.701140594482421875e+02 1.707462005615234375e+02
1.571160278320312500e+02 1.581622161865234375e+02
3.318439025878906250e+02 3.325025939941406250e+02
3.586718750000000000e+02 3.591699829101562500e+02
1.660326690673828125e+02 1.665276641845703125e+02
3.616356506347656250e+02 3.616625061035156250e+02
1.851289062500000000e+02 1.858046417236328125e+02
1.985281219482421875e+02 1.983867950439453125e+02
3.478707580566406250e+02 3.478096313476562500e+02
2.341010894775390625e+02 2.346535949707031250e+02
1.809803924560546875e+02 1.814091796875000000e+02
1.269821395874023438e+02 1.280582275390625000e+02
2.636825561523437500e+02 2.634174804687500000e+02
3.477925109863281250e+02 3.475335388183593750e+02
