1.301794312894344330e-03 6.803480908274650574e-03
9.628224652260541916e-04 6.749555468559265137e-03
8.936477242968976498e-04 6.768306251615285873e-03
9.367141756229102612e-04 6.783730816096067429e-03
8.739403565414249897e-04 6.743023172020912170e-03
8.948817849159240723e-04 6.773443892598152161e-03
8.514075889252126217e-04 6.759438663721084595e-03
9.104175842367112637e-04 6.743019446730613708e-03
1.142638619057834148e-03 6.884088739752769470e-03
1.402431400492787361e-03 6.757287308573722839e-03
1.065706950612366199e-03 6.779498420655727386e-03
1.033702748827636242e-03 6.705922074615955353e-03
9.550588438287377357e-04 6.759471725672483444e-03
9.401552379131317139e-04 6.789676379412412643e-03
9.090797975659370422e-04 6.818809546530246735e-03
1.222602324560284615e-03 6.965279579162597656e-03
1.435514306649565697e-03 6.731458473950624466e-03
1.195124001242220402e-03 6.770649924874305725e-03
1.248936518095433712e-03 6.928852293640375137e-03
1.266657491214573383e-03 6.878323387354612350e-03
9.739077650010585785e-04 6.833039689809083939e-03
1.247409963980317116e-03 6.864228285849094391e-03
1.066686818376183510e-03 6.766919977962970734e-03
1.069219433702528477e-03 6.783015560358762741e-03
9.583488572388887405e-04 6.830858998000621796e-03
1.087190117686986923e-03 6.837380118668079376e-03
1.167450333014130592e-03 6.700588855892419815e-03
9.274294716306030750e-04 6.767245940864086151e-03
9.588263346813619137e-04 7.078442722558975220e-03
1.285394770093262196e-03 6.749334279447793961e-03
1.103290705941617489e-03 6.783681921660900116e-03
1.301558455452322960e-03 6.927583832293748856e-03
1.322198775596916676e-03 7.069949526339769363e-03
1.328521990217268467e-03 6.685718894004821777e-03
1.321461750194430351e-03 6.826517637819051743e-03
1.580086420290172100e-03 7.025592494755983353e-03
1.358470413833856583e-03 6.864185445010662079e-03
1.234552473761141300e-03 6.784488447010517120e-03
9.895472321659326553e-04 6.815073546022176743e-03
1.084950985386967659e-03 6.708774715662002563e-03
1.062674680724740028e-03 6.766092032194137573e-03
1.175773330032825470e-03 6.717185955494642258e-03
1.195397344417870045e-03 6.787403486669063568e-03
1.202276907861232758e-03 6.731851026415824890e-03
1.162024913355708122e-03 6.846323143690824509e-03
1.189558650366961956e-03 6.711053196340799332e-03
9.592844871804118156e-04 6.873679347336292267e-03
1.081766909919679165e-03 6.812933366745710373e-03
1.128313946537673473e-03 6.717574782669544220e-03
9.553079144097864628e-04 6.744438782334327698e-03
1.125163398683071136e-03 6.920394953340291977e-03
1.133825746364891529e-03 6.935957353562116623e-03
1.216950709931552410e-03 6.937557831406593323e-03
1.180669874884188175e-03 6.811715662479400635e-03
1.231147791258990765e-03 6.837740540504455566e-03
1.394628779962658882e-03 7.190512027591466904e-03
1.327926525846123695e-03 7.039746269583702087e-03
1.227660337463021278e-03 6.909870076924562454e-03
1.199272228404879570e-03 6.775390356779098511e-03
1.146602677181363106e-03 6.762858945876359940e-03
1.192784169688820839e-03 6.892138160765171051e-03
1.289763720706105232e-03 6.788154598325490952e-03
1.227846718393266201e-03 6.871317047625780106e-03
1.313349348492920399e-03 6.831440143287181854e-03
1.585504738613963127e-03 6.799149326980113983e-03
1.618539914488792419e-03 6.891596131026744843e-03
1.435659476555883884e-03 6.840010639280080795e-03
1.114077051170170307e-03 6.861955393105745316e-03
1.048222533427178860e-03 6.750867236405611038e-03
1.082625007256865501e-03 6.924544926732778549e-03
1.318821916356682777e-03 6.870534271001815796e-03
1.169774797745049000e-03 6.742864381521940231e-03
9.679383365437388420e-04 6.811711005866527557e-03
1.110366429202258587e-03 6.887891329824924469e-03
1.095252227969467640e-03 6.911376491189002991e-03
1.152565702795982361e-03 6.786006502807140350e-03
9.470476652495563030e-04 6.825715769082307816e-03
1.388968899846076965e-03 6.835326552391052246e-03
1.169727998785674572e-03 6.719197612255811691e-03
1.265718485228717327e-03 6.722850725054740906e-03
1.120938919484615326e-03 6.758473813533782959e-03
1.157937105745077133e-03 6.773430388420820236e-03
1.206808374263346195e-03 6.916613783687353134e-03
1.305517856962978840e-03 6.834079511463642120e-03
1.158119761385023594e-03 6.945192813873291016e-03
1.342608942650258541e-03 6.741854362189769745e-03
1.096343970857560635e-03 6.929183844476938248e-03
1.447992050088942051e-03 6.822843570262193680e-03
1.069902675226330757e-03 6.869124714285135269e-03
1.077686320059001446e-03 6.776472553610801697e-03
1.126771210692822933e-03 6.804159376770257950e-03
9.878156706690788269e-04 6.664160639047622681e-03
1.047220895998179913e-03 7.017755415290594101e-03
1.116029568947851658e-03 6.822423078119754791e-03
1.236736774444580078e-03 6.829905323684215546e-03
1.268818043172359467e-03 6.864587310701608658e-03
1.450396957807242870e-03 6.891028955578804016e-03
1.706281444057822227e-03 6.860374473035335541e-03
1.429869676940143108e-03 6.703747902065515518e-03
1.059802481904625893e-03 6.807605270296335220e-03
1.014695619232952595e-03 6.844841409474611282e-03
1.077377004548907280e-03 6.759799551218748093e-03
1.248504268005490303e-03 6.796357687562704086e-03
1.065900083631277084e-03 6.812588311731815338e-03
1.308515900745987892e-03 6.784541532397270203e-03
1.181062776595354080e-03 6.938614882528781891e-03
1.395837753079831600e-03 6.773443426936864853e-03
9.766389848664402962e-04 6.836453452706336975e-03
1.104224007576704025e-03 6.831854116171598434e-03
1.074429601430892944e-03 6.822196766734123230e-03
9.633217123337090015e-04 6.728905253112316132e-03
1.224878826178610325e-03 6.798814982175827026e-03
1.618786947801709175e-03 6.816152017563581467e-03
1.307120313867926598e-03 6.881670095026493073e-03
1.017133239656686783e-03 6.771964021027088165e-03
1.015616348013281822e-03 6.817017216235399246e-03
9.931316599249839783e-04 6.866249255836009979e-03
1.040117233060300350e-03 6.898513063788414001e-03
1.238297903910279274e-03 7.031596731394529343e-03
1.131357741542160511e-03 6.827183533459901810e-03
1.238980563357472420e-03 6.849012337625026703e-03
9.880854049697518349e-04 6.927646230906248093e-03
1.341239665634930134e-03 6.757313385605812073e-03
1.268389169126749039e-03 7.153124082833528519e-03
1.481090555898845196e-03 6.964587140828371048e-03
1.182199688628315926e-03 6.818495690822601318e-03
1.046510762535035610e-03 6.894564721733331680e-03
1.124749658629298210e-03 6.890479940921068192e-03
1.035973429679870605e-03 6.759929470717906952e-03
9.873586241155862808e-04 6.807073019444942474e-03
9.868205524981021881e-04 6.787133403122425079e-03
1.091875717975199223e-03 6.878389511257410049e-03
1.257996889762580395e-03 6.941957399249076843e-03
1.162530621513724327e-03 6.778472103178501129e-03
