5.552771501243114471e-03 3.509574336931109428e-03
3.383726580068469048e-03 5.975863896310329437e-03
3.262210637331008911e-03 3.357585985213518143e-03
3.063708078116178513e-03 3.421146189793944359e-03
2.956111216917634010e-03 3.499853657558560371e-03
2.698295749723911285e-03 3.091584425419569016e-03
2.441276330500841141e-03 4.002758767455816269e-03
2.797774039208889008e-03 3.405121155083179474e-03
2.499300520867109299e-03 3.226348198950290680e-03
2.512352075427770615e-03 3.091257764026522636e-03
2.329378854483366013e-03 3.375958651304244995e-03
2.442077966406941414e-03 3.263872815296053886e-03
2.501924987882375717e-03 3.038261085748672485e-03
2.197604859247803688e-03 3.226342611014842987e-03
2.349734073504805565e-03 3.465102519840002060e-03
2.474840031936764717e-03 2.911414485424757004e-03
2.479896182194352150e-03 3.360613482072949409e-03
2.261040266603231430e-03 3.540043020620942116e-03
2.135194372385740280e-03 3.840527031570672989e-03
2.148068509995937347e-03 3.073011990636587143e-03
2.219139831140637398e-03 3.088880795985460281e-03
2.292599994689226151e-03 3.292212961241602898e-03
2.296764636412262917e-03 3.842422273010015488e-03
2.346319146454334259e-03 3.008122788742184639e-03
2.081341575831174850e-03 3.915499895811080933e-03
2.159990603104233742e-03 2.991304732859134674e-03
2.206988865509629250e-03 3.244442166760563850e-03
2.132657216861844063e-03 3.177637699991464615e-03
2.120443619787693024e-03 3.350607119500637054e-03
2.154609654098749161e-03 3.178404644131660461e-03
2.146413782611489296e-03 3.128571202978491783e-03
2.001906512305140495e-03 3.157074796035885811e-03
2.123197773471474648e-03 3.046824131160974503e-03
1.967936987057328224e-03 3.115313127636909485e-03
1.921605551615357399e-03 3.275401191785931587e-03
2.004229230806231499e-03 3.636653767898678780e-03
2.113096648827195168e-03 3.162949578836560249e-03
1.924833981320261955e-03 3.359895432367920876e-03
1.925777643918991089e-03 2.943798666819930077e-03
1.971075078472495079e-03 4.052480217069387436e-03
2.409675158560276031e-03 3.523493651300668716e-03
2.117174211889505386e-03 3.398454980924725533e-03
1.880321069620549679e-03 3.175071440637111664e-03
2.229022327810525894e-03 3.537866286933422089e-03
1.892033149488270283e-03 3.051334526389837265e-03
1.915465225465595722e-03 3.188991220667958260e-03
2.042544074356555939e-03 3.152539022266864777e-03
1.850864500738680363e-03 3.485382301732897758e-03
1.924209645949304104e-03 3.583890153095126152e-03
2.019313862547278404e-03 3.268713131546974182e-03
1.825457205995917320e-03 3.139014355838298798e-03
1.839484786614775658e-03 3.285369835793972015e-03
1.974789192900061607e-03 3.034695284441113472e-03
1.875231391750276089e-03 3.410290926694869995e-03
1.881506410427391529e-03 3.035573754459619522e-03
1.954267034307122231e-03 3.833064576610922813e-03
1.866824808530509472e-03 2.944951644167304039e-03
1.829114509746432304e-03 3.304574405774474144e-03
1.740593346767127514e-03 3.587146289646625519e-03
1.836966024711728096e-03 3.028444247320294380e-03
1.944191637448966503e-03 3.175226738676428795e-03
1.641724840737879276e-03 2.978120697662234306e-03
1.923845382407307625e-03 3.405038500204682350e-03
1.873864093795418739e-03 3.051824867725372314e-03
1.681357505731284618e-03 3.459459869191050529e-03
1.944333547726273537e-03 3.225982654839754105e-03
1.761974068358540535e-03 4.723320715129375458e-03
2.363067818805575371e-03 3.329437458887696266e-03
2.019401639699935913e-03 3.490916453301906586e-03
1.982399262487888336e-03 2.998292446136474609e-03
1.649461337365210056e-03 2.866836497560143471e-03
1.629779231734573841e-03 3.069854341447353363e-03
1.553790410980582237e-03 3.004355356097221375e-03
1.624144613742828369e-03 2.994459820911288261e-03
1.845528138801455498e-03 3.764776047319173813e-03
1.992322038859128952e-03 3.205188317224383354e-03
1.724676927551627159e-03 3.831379348412156105e-03
1.788504072465002537e-03 3.305058926343917847e-03
1.911372877657413483e-03 3.377029439434409142e-03
1.844816957600414753e-03 3.038552356883883476e-03
1.759472419507801533e-03 3.369868500158190727e-03
1.862355973571538925e-03 3.875345690175890923e-03
1.982911722734570503e-03 3.059220500290393829e-03
1.560355070978403091e-03 3.048096783459186554e-03
1.693412079475820065e-03 3.241830272600054741e-03
1.668784301728010178e-03 2.989706350490450859e-03
1.853234949521720409e-03 3.269242821261286736e-03
1.630212180316448212e-03 3.469883697107434273e-03
1.729887910187244415e-03 3.452357137575745583e-03
1.759881153702735901e-03 3.082282142713665962e-03
1.580761047080159187e-03 3.625798737630248070e-03
1.958954380825161934e-03 3.112564096227288246e-03
1.576241920702159405e-03 3.099174471572041512e-03
1.742487074807286263e-03 3.996496088802814484e-03
1.713252044282853603e-03 3.032132284715771675e-03
1.643195981159806252e-03 3.414646023884415627e-03
2.040321240201592445e-03 3.368764650076627731e-03
1.540150027722120285e-03 3.100203583016991615e-03
1.696035149507224560e-03 3.129220334812998772e-03
1.558655174449086189e-03 2.945132553577423096e-03
1.899325288832187653e-03 3.166952868923544884e-03
1.707805204205214977e-03 3.989724908024072647e-03
1.786202541552484035e-03 3.156541613861918449e-03
1.653240760788321495e-03 3.104113740846514702e-03
1.538690412417054176e-03 3.086589276790618896e-03
1.708770520053803921e-03 3.372986800968647003e-03
1.636003842577338219e-03 3.404722316190600395e-03
1.660966896452009678e-03 3.037151414901018143e-03
1.590336905792355537e-03 3.089812118560075760e-03
1.802811166271567345e-03 3.005621023476123810e-03
1.544992672279477119e-03 3.013942623510956764e-03
1.603425364010035992e-03 3.303789300844073296e-03
1.664965180680155754e-03 3.094930900260806084e-03
1.683919457718729973e-03 3.504156367853283882e-03
1.674273167736828327e-03 2.957018092274665833e-03
1.819860888645052910e-03 3.020167816430330276e-03
1.595077337697148323e-03 3.201635321602225304e-03
1.858704839833080769e-03 2.955170813947916031e-03
1.837938209064304829e-03 3.280948847532272339e-03
1.779839163646101952e-03 3.081541974097490311e-03
1.524932566098868847e-03 3.016594331711530685e-03
1.447120448574423790e-03 3.128468524664640427e-03
1.388681936077773571e-03 3.700095927342772484e-03
1.569499727338552475e-03 3.053246298804879189e-03
1.562627730891108513e-03 3.055608831346035004e-03
1.517837052233517170e-03 2.949745161458849907e-03
1.489732530899345875e-03 4.532571416348218918e-03
1.751107978634536266e-03 3.346271812915802002e-03
1.772951916791498661e-03 3.030300140380859375e-03
1.493058516643941402e-03 3.176476806402206421e-03
1.476109609939157963e-03 3.048067912459373474e-03
1.585372141562402248e-03 3.049714723601937294e-03
1.452606404200196266e-03 3.156512277200818062e-03
1.752886455506086349e-03 3.000759985297918320e-03
1.714904909022152424e-03 3.335538785904645920e-03
1.794580020941793919e-03 3.073653439059853554e-03
1.543704303912818432e-03 3.012280445545911789e-03
1.785245956853032112e-03 3.673393744975328445e-03
1.923904288560152054e-03 3.397924592718482018e-03
1.511617214418947697e-03 3.117244923487305641e-03
1.466803136281669140e-03 3.107829019427299500e-03
1.542937941849231720e-03 3.110107500106096268e-03
1.686595845967531204e-03 3.396034706383943558e-03
1.689855358563363552e-03 3.640951355919241905e-03
1.608762191608548164e-03 3.183483146131038666e-03
1.492500538006424904e-03 3.157288068905472755e-03
1.542553189210593700e-03 2.980372402817010880e-03
1.676868298090994358e-03 3.339721355587244034e-03
1.569789485074579716e-03 3.024570178240537643e-03
1.539213117212057114e-03 3.132280427962541580e-03
1.340540591627359390e-03 3.012436674907803535e-03
1.514259260147809982e-03 3.466001013293862343e-03
1.559468568302690983e-03 3.296284237876534462e-03
1.763334032148122787e-03 3.527504159137606621e-03
1.589428633451461792e-03 3.399143228307366371e-03
1.347411656752228737e-03 3.073422471061348915e-03
1.471009920351207256e-03 3.068718127906322479e-03
1.469096285291016102e-03 3.265216248109936714e-03
1.493220566771924496e-03 3.361189272254705429e-03
1.538437441922724247e-03 3.181568114086985588e-03
1.490283175371587276e-03 3.231515409424901009e-03
1.486536231823265553e-03 3.289815969765186310e-03
1.591473235748708248e-03 3.237033728510141373e-03
1.924047362990677357e-03 3.107715863734483719e-03
1.599555951543152332e-03 3.676546504721045494e-03
1.476273871958255768e-03 2.969589317217469215e-03
1.456191414035856724e-03 3.189995186403393745e-03
1.592357410117983818e-03 3.299290314316749573e-03
1.591542153619229794e-03 3.231950104236602783e-03
1.401835004799067974e-03 3.095495747402310371e-03
1.295063528232276440e-03 3.179407212883234024e-03
