1.665020710788667202e-03 5.894874688237905502e-03
1.174837816506624222e-03 6.031418684870004654e-03
1.271743327379226685e-03 6.082839798182249069e-03
1.219837344251573086e-03 6.033985875546932220e-03
1.233447459526360035e-03 6.202130112797021866e-03
1.227411907166242599e-03 6.021865177899599075e-03
1.167211448773741722e-03 6.005957257002592087e-03
1.248141983523964882e-03 5.993998609483242035e-03
1.602407079190015793e-03 6.163179874420166016e-03
1.409254036843776703e-03 6.173069123178720474e-03
1.465181587263941765e-03 6.184113211929798126e-03
1.219211844727396965e-03 6.116288714110851288e-03
1.370271784253418446e-03 5.981208290904760361e-03
1.260556979104876518e-03 6.217130925506353378e-03
1.382140559144318104e-03 5.931647028774023056e-03
1.528249238617718220e-03 6.154639180749654770e-03
1.537745585665106773e-03 6.109599489718675613e-03
1.378602581098675728e-03 6.154935806989669800e-03
1.331254723481833935e-03 6.003622896969318390e-03
1.157895312644541264e-03 6.145631428807973862e-03
1.316846581175923347e-03 6.128349341452121735e-03
1.591515028849244118e-03 6.157480645924806595e-03
1.790688722394406796e-03 6.091201212257146835e-03
1.502249855548143387e-03 5.968858022242784500e-03
1.308541395701467991e-03 6.164049264043569565e-03
1.252318266779184341e-03 6.622547283768653870e-03
1.585850142873823643e-03 6.800098344683647156e-03
1.789286150597035885e-03 5.933566018939018250e-03
1.485017593950033188e-03 6.159158889204263687e-03
1.639421214349567890e-03 6.036924663931131363e-03
1.546089770272374153e-03 6.414445117115974426e-03
1.560405828058719635e-03 6.162298843264579773e-03
1.649399637244641781e-03 6.032994482666254044e-03
1.280537922866642475e-03 5.958512891083955765e-03
1.267101499252021313e-03 6.034880410879850388e-03
1.364624476991593838e-03 6.504295859485864639e-03
1.710505574010312557e-03 6.013838108628988266e-03
1.253153546713292599e-03 6.211727391928434372e-03
1.375761465169489384e-03 6.042244378477334976e-03
1.431277953088283539e-03 6.177565082907676697e-03
1.494442694820463657e-03 6.011347752064466476e-03
1.583011471666395664e-03 6.075584795325994492e-03
1.384904491715133190e-03 5.996470339596271515e-03
1.405386370606720448e-03 6.105644162744283676e-03
1.379047404043376446e-03 6.115934811532497406e-03
1.448295312002301216e-03 6.093573756515979767e-03
1.379797002300620079e-03 6.233979482203722000e-03
1.214021118357777596e-03 6.214313209056854248e-03
1.507404027506709099e-03 6.136589217931032181e-03
2.076260978356003761e-03 6.313202437013387680e-03
1.410080352798104286e-03 5.979807581752538681e-03
1.319429487921297550e-03 6.348734721541404724e-03
1.599712762981653214e-03 6.232969928532838821e-03
1.357717905193567276e-03 6.016404833644628525e-03
1.443554065190255642e-03 6.141260266304016113e-03
1.546218409202992916e-03 6.045897491276264191e-03
1.532941707409918308e-03 6.277123931795358658e-03
1.700264750979840755e-03 6.051737349480390549e-03
1.317571382969617844e-03 6.132220383733510971e-03
1.314655528403818607e-03 6.086512003093957901e-03
1.278675626963376999e-03 6.269821897149085999e-03
1.489235321059823036e-03 6.425788160413503647e-03
1.682806876488029957e-03 6.397111807018518448e-03
2.088363748043775558e-03 6.189933046698570251e-03
1.544245984405279160e-03 6.113679613918066025e-03
1.420473214238882065e-03 6.122547201812267303e-03
2.016446087509393692e-03 6.145961116999387741e-03
1.429552212357521057e-03 6.259790621697902679e-03
1.374798011966049671e-03 6.160413846373558044e-03
1.219741301611065865e-03 6.095261778682470322e-03
1.214639400132000446e-03 6.088180933147668839e-03
1.484356122091412544e-03 7.547867484390735626e-03
1.992775360122323036e-03 6.119994446635246277e-03
1.435514888726174831e-03 5.997206550091505051e-03
1.275163842365145683e-03 6.105610635131597519e-03
1.272108638659119606e-03 6.191655527800321579e-03
1.479256548918783665e-03 6.324528250843286514e-03
1.885928795672953129e-03 6.250381935387849808e-03
1.654867548495531082e-03 6.300931330770254135e-03
1.479543047025799751e-03 6.133756600320339203e-03
1.347770798020064831e-03 6.041624583303928375e-03
1.588751096278429031e-03 6.029606331139802933e-03
1.359807327389717102e-03 6.410077214241027832e-03
1.407077070325613022e-03 6.064481101930141449e-03
1.482284744270145893e-03 6.000887602567672729e-03
1.239261822775006294e-03 6.146751809865236282e-03
1.548843691125512123e-03 6.073488388210535049e-03
1.424797927029430866e-03 6.189241074025630951e-03
1.678715576417744160e-03 6.100267637521028519e-03
1.443100511096417904e-03 6.170221604406833649e-03
1.654188963584601879e-03 6.198497023433446884e-03
1.416006824001669884e-03 6.066323257982730865e-03
1.343591371551156044e-03 6.147454027086496353e-03
1.256815157830715179e-03 5.929118022322654724e-03
1.516572199761867523e-03 5.990074481815099716e-03
1.476032077334821224e-03 6.107523106038570404e-03
1.447579124942421913e-03 6.041700486093759537e-03
1.220764359459280968e-03 6.088749039918184280e-03
1.205162028782069683e-03 6.167925428599119186e-03
1.208887551911175251e-03 6.104783155024051666e-03
1.233063056133687496e-03 5.996074527502059937e-03
1.220694393850862980e-03 6.247254554182291031e-03
1.256322604604065418e-03 6.108695175498723984e-03
1.188900088891386986e-03 6.051261909306049347e-03
1.356595545075833797e-03 6.377097684890031815e-03
2.178154187276959419e-03 6.189942359924316406e-03
1.664309878833591938e-03 6.200585514307022095e-03
1.365819247439503670e-03 6.165098864585161209e-03
1.223054481670260429e-03 6.388800218701362610e-03
1.606215839274227619e-03 6.359260063618421555e-03
1.782898674719035625e-03 6.052528042346239090e-03
1.216481323353946209e-03 6.075740326195955276e-03
1.128715462982654572e-03 6.196325644850730896e-03
1.374373328872025013e-03 6.168636027723550797e-03
1.868102233856916428e-03 7.217083591967821121e-03
2.125737955793738365e-03 6.060249172151088715e-03
1.468246453441679478e-03 6.089371163398027420e-03
1.360241905786097050e-03 6.226371973752975464e-03
1.613345462828874588e-03 6.295828614383935928e-03
1.365647069178521633e-03 6.092546042054891586e-03
1.574823050759732723e-03 6.363871041685342789e-03
1.800015335902571678e-03 6.244495511054992676e-03
1.263772370293736458e-03 6.203040946274995804e-03
1.506992033682763577e-03 6.230619736015796661e-03
1.306145451962947845e-03 6.145332008600234985e-03
1.255523180589079857e-03 6.075232755392789841e-03
1.280059921555221081e-03 6.226423662155866623e-03
1.347358105704188347e-03 6.072616204619407654e-03
