1.250001508742570877e-02
1.238226518034934998e-02
1.258700247853994370e-02
1.223677862435579300e-02
1.238541491329669952e-02
1.256065443158149719e-02
1.249813847243785858e-02
1.250959187746047974e-02
1.244705915451049805e-02
1.239504106342792511e-02
1.215591561049222946e-02
1.257769390940666199e-02
1.237103529274463654e-02
1.275068055838346481e-02
1.255775429308414459e-02
1.245140843093395233e-02
1.244664937257766724e-02
1.248902268707752228e-02
1.250789035111665726e-02
1.245536748319864273e-02
1.256668101996183395e-02
1.255421061068773270e-02
1.262983959168195724e-02
1.246977504342794418e-02
1.260395068675279617e-02
1.229316648095846176e-02
1.247501280158758163e-02
1.250600721687078476e-02
1.256810501217842102e-02
1.243248581886291504e-02
1.244594901800155640e-02
1.260750368237495422e-02
