1.967405341565608978e-02
1.936800777912139893e-02
1.949200406670570374e-02
1.922827400267124176e-02
1.942748017609119415e-02
1.955062896013259888e-02
1.948557235300540924e-02
1.940915919840335846e-02
1.948848366737365723e-02
1.953488588333129883e-02
1.945154182612895966e-02
1.948150247335433960e-02
1.929141022264957428e-02
1.952011696994304657e-02
1.952601782977581024e-02
1.916779205203056335e-02
1.936274580657482147e-02
1.947744935750961304e-02
1.956349425017833710e-02
1.944277621805667877e-02
1.953240297734737396e-02
