1.260012068087235093e-04 1.154982764273881912e-02
1.508306013420224190e-04 1.154072862118482590e-02
1.549219450680539012e-04 1.155617367476224899e-02
9.274062176700681448e-05 1.154829375445842743e-02
7.339512376347556710e-05 1.155207026749849319e-02
8.082880958681926131e-05 1.154821366071701050e-02
7.412209379253908992e-05 1.155105885118246078e-02
8.156930562108755112e-05 1.153776794672012329e-02
8.590509241912513971e-05 1.154609955847263336e-02
7.455138256773352623e-05 1.153728459030389786e-02
6.974641291890293360e-05 1.154652331024408340e-02
7.127790013328194618e-05 1.154123526066541672e-02
4.724102836917154491e-05 1.154624018818140030e-02
4.720477591035887599e-05 1.154242362827062607e-02
3.349346297909505665e-05 1.154561527073383331e-02
3.703054244397208095e-05 1.154353469610214233e-02
3.280555392848327756e-05 1.154629234224557877e-02
2.745537130977027118e-05 1.154316309839487076e-02
2.801705886668059975e-05 1.154542248696088791e-02
4.074208845850080252e-05 1.154697220772504807e-02
5.369537029764614999e-05 1.154761388897895813e-02
6.403684528777375817e-05 1.154653821140527725e-02
3.904342520399950445e-05 1.154757291078567505e-02
3.173204095219261944e-05 1.154555287212133408e-02
2.513338586140889674e-05 1.154341921210289001e-02
3.280205055489204824e-05 1.154529117047786713e-02
2.771728213701862842e-05 1.154367625713348389e-02
2.484609103703405708e-05 1.154525484889745712e-02
2.816459709720220417e-05 1.154420524835586548e-02
2.847846735676284879e-05 1.154509093612432480e-02
2.707453313632868230e-05 1.154442504048347473e-02
2.682082777027972043e-05 1.154563389718532562e-02
2.704381950024981052e-05 1.154385693371295929e-02
3.341366391396149993e-05 1.154431514441967010e-02
2.645688982738647610e-05 1.154668815433979034e-02
5.072292333352379501e-05 1.154761202633380890e-02
5.252312257653102279e-05 1.154817361384630203e-02
3.898045542882755399e-05 1.154641155153512955e-02
4.060359424329362810e-05 1.154651120305061340e-02
2.848863550752867013e-05 1.154545322060585022e-02
1.903078191389795393e-05 1.154505275189876556e-02
1.997561957978177816e-05 1.154330652207136154e-02
2.812413549690973014e-05 1.154523435980081558e-02
2.686402331164572388e-05 1.154456660151481628e-02
2.712481182243209332e-05 1.154526416212320328e-02
2.561982910265214741e-05 1.154435053467750549e-02
3.655083128251135349e-05 1.154255215078592300e-02
4.087791603524237871e-05 1.154413912445306778e-02
4.758729483000934124e-05 1.154506485909223557e-02
3.587835090002045035e-05 1.154505088925361633e-02
3.303205085103400052e-05 1.154806092381477356e-02
5.392347884480841458e-05 1.154469791799783707e-02
1.088068092940375209e-04 1.154617592692375183e-02
7.543269020970910788e-05 1.154192909598350525e-02
4.635775621864013374e-05 1.154412142932415009e-02
6.217045302037149668e-05 1.154595706611871719e-02
1.120913730119355023e-04 1.154085621237754822e-02
7.859861216275021434e-05 1.154543366283178329e-02
1.749943330651149154e-04 1.155262626707553864e-02
1.469801500206813216e-04 1.155293826013803482e-02
1.870515698101371527e-04 1.153762079775333405e-02
8.734640141483396292e-05 1.153890043497085571e-02
9.406314347870647907e-05 1.154623087495565414e-02
9.809178300201892853e-05 1.154863554984331131e-02
4.375966091174632311e-04 1.155112404376268387e-02
2.312735305167734623e-04 1.153817679733037949e-02
2.324959787074476480e-04 1.154422573745250702e-02
2.647719520609825850e-04 1.155150774866342545e-02
4.097257042303681374e-04 1.155367400497198105e-02
3.934600099455565214e-04 1.153340376913547516e-02
2.871345786843448877e-04 1.155997347086668015e-02
2.335968456463888288e-04 1.153705921024084091e-02
1.841242919908836484e-04 1.153871696442365646e-02
1.481156505178660154e-04 1.152601372450590134e-02
2.349068090552464128e-04 1.155145373195409775e-02
1.318451249971985817e-04 1.155342161655426025e-02
1.290361251449212432e-04 1.155447866767644882e-02
1.547300780657678843e-04 1.154549326747655869e-02
1.443919027224183083e-04 1.154353749006986618e-02
2.992702357005327940e-04 1.155309844762086868e-02
4.380462341941893101e-04 1.155738066881895065e-02
3.526405780576169491e-04 1.154050976037979126e-02
5.655133281834423542e-04 1.155754644423723221e-02
1.008153660222887993e-03 1.150285918265581131e-02
8.757791947573423386e-04 1.153849717229604721e-02
7.828764501027762890e-04 1.157568953931331635e-02
5.661917966790497303e-04 1.151482015848159790e-02
5.661762552335858345e-04 1.156026870012283325e-02
4.161655961070209742e-04 1.147407013922929764e-02
2.820305235218256712e-04 1.154317054897546768e-02
2.587772905826568604e-04 1.152387354522943497e-02
2.463038545101881027e-04 1.154743228107690811e-02
3.750989853870123625e-04 1.156326290220022202e-02
3.971820115111768246e-04 1.155380066484212875e-02
2.713399007916450500e-04 1.153802592307329178e-02
3.448392380960285664e-04 1.151038147509098053e-02
2.356478071305900812e-04 1.154607161879539490e-02
2.506193122826516628e-04 1.152389962226152420e-02
2.855709753930568695e-04 1.152888964861631393e-02
4.061820218339562416e-04 1.151640899479389191e-02
1.947733981069177389e-04 1.151991542428731918e-02
2.083536528516560793e-04 1.151951774954795837e-02
3.051607636734843254e-04 1.154027786105871201e-02
2.481753763277083635e-04 1.152017433196306229e-02
2.128188061760738492e-04 1.153953094035387039e-02
1.917247282108291984e-04 1.153785735368728638e-02
1.031093706842511892e-04 1.154240500181913376e-02
8.474300557281821966e-05 1.153862755745649338e-02
9.655475878389552236e-05 1.154136843979358673e-02
1.240171404788270593e-04 1.154310349375009537e-02
1.054120075423270464e-04 1.153640914708375931e-02
7.545961852883920074e-05 1.153522357344627380e-02
1.093145692721009254e-04 1.153471972793340683e-02
1.020510026137344539e-04 1.153994910418987274e-02
6.897225102875381708e-05 1.154248043894767761e-02
4.879944390268065035e-05 1.153958123177289963e-02
4.824610368814319372e-05 1.154027972370386124e-02
4.900897329207509756e-05 1.154601573944091797e-02
6.004880560794845223e-05 1.154222153127193451e-02
3.661611481220461428e-05 1.153662428259849548e-02
4.066460314788855612e-05 1.154000777751207352e-02
3.949242454837076366e-05 1.153878960758447647e-02
7.151148020057007670e-05 1.154179591685533524e-02
9.151942504104226828e-05 1.154320593923330307e-02
9.492993558524176478e-05 1.154072489589452744e-02
6.015013423166237772e-05 1.154136192053556442e-02
1.225720479851588607e-04 1.154988724738359451e-02
1.436160528101027012e-04 1.154141686856746674e-02
1.506783009972423315e-04 1.155226398259401321e-02
4.118961514905095100e-04 1.153457816690206528e-02
4.185290308669209480e-04 1.156038232147693634e-02
2.042606938630342484e-04 1.158024184405803680e-02
2.635108830872923136e-04 1.156081818044185638e-02
4.527873243205249310e-04 1.152695529162883759e-02
3.963382041547447443e-04 1.157651282846927643e-02
4.627541929949074984e-04 1.156747341156005859e-02
6.243703537620604038e-04 1.155874598771333694e-02
5.880309036001563072e-04 1.156222354620695114e-02
5.718645406886935234e-04 1.160057261586189270e-02
8.292568381875753403e-04 1.158268377184867859e-02
4.575800849124789238e-04 1.153761055320501328e-02
3.927687357645481825e-04 1.150659285485744476e-02
2.887717273551970720e-04 1.152910757809877396e-02
3.164177178405225277e-04 1.155748125165700912e-02
4.754624678753316402e-04 1.153551042079925537e-02
5.236759316176176071e-04 1.156799122691154480e-02
3.680905210785567760e-04 1.158695388585329056e-02
2.380162186454981565e-04 1.155274081975221634e-02
2.544930321164429188e-04 1.155929081141948700e-02
2.419006195850670338e-04 1.153646036982536316e-02
2.806683769449591637e-04 1.154414843767881393e-02
2.302518259966745973e-04 1.155011076480150223e-02
1.186893932754173875e-04 1.152981352061033249e-02
1.334069092990830541e-04 1.155338715761899948e-02
1.461291249142959714e-04 1.152876764535903931e-02
1.815345021896064281e-04 1.154063548892736435e-02
1.715577382128685713e-04 1.153851952403783798e-02
1.703067391645163298e-04 1.153123658150434494e-02
1.724661124171689153e-04 1.153375580906867981e-02
2.383563114563003182e-04 1.153428386896848679e-02
2.133578382199630141e-04 1.155977416783571243e-02
1.622442650841549039e-04 1.153032109141349792e-02
3.141500055789947510e-04 1.155401673167943954e-02
2.627784269861876965e-04 1.155637763440608978e-02
2.146938204532489181e-04 1.154118776321411133e-02
2.838486107066273689e-04 1.154039893299341202e-02
3.281893441453576088e-04 1.154275052249431610e-02
4.077541234437376261e-04 1.153681892901659012e-02
4.206068406347185373e-04 1.153861545026302338e-02
2.103301376337185502e-04 1.150877773761749268e-02
2.153308887500315905e-04 1.154827885329723358e-02
3.074990236200392246e-04 1.151103340089321136e-02
2.307978866156190634e-04 1.155571453273296356e-02
3.210837603546679020e-04 1.155837345868349075e-02
2.806289121508598328e-04 1.153138838708400726e-02
1.945543335750699043e-04 1.156764850020408630e-02
1.537893840577453375e-04 1.152799092233181000e-02
1.664316660026088357e-04 1.153309363871812820e-02
1.129488373408094049e-04 1.151577662676572800e-02
1.377948647132143378e-04 1.154122035950422287e-02
1.258727425010874867e-04 1.153687294572591782e-02
1.086346528609283268e-04 1.153229828923940659e-02
1.108551005017943680e-04 1.154798828065395355e-02
8.203141624107956886e-05 1.154025923460721970e-02
1.253726222785189748e-04 1.154229044914245605e-02
8.731827983865514398e-05 1.154088322073221207e-02
1.090083387680351734e-04 1.154156588017940521e-02
1.822759077185764909e-04 1.155165955424308777e-02
2.340419159736484289e-04 1.153795886784791946e-02
