9.587235450744628906e-01 9.591785073280334473e-01
8.385433554649353027e-01 8.389068245887756348e-01
7.225587368011474609e-01 7.226769924163818359e-01
8.605155944824218750e-01 8.607844114303588867e-01
9.066802263259887695e-01 9.069188833236694336e-01
8.192530870437622070e-01 8.193620443344116211e-01
8.970285058021545410e-01 8.972601890563964844e-01
8.847810029983520508e-01 8.850935101509094238e-01
8.315104246139526367e-01 8.317185044288635254e-01
8.767158389091491699e-01 8.770310282707214355e-01
7.263138294219970703e-01 7.265713810920715332e-01
8.942207694053649902e-01 8.943899273872375488e-01
7.270734906196594238e-01 7.273093461990356445e-01
8.760148286819458008e-01 8.762984275817871094e-01
8.262836337089538574e-01 8.267143964767456055e-01
9.177669882774353027e-01 9.179496765136718750e-01
9.228591918945312500e-01 9.231834411621093750e-01
9.289603233337402344e-01 9.291279911994934082e-01
8.393452763557434082e-01 8.394527435302734375e-01
7.646596431732177734e-01 7.649325132369995117e-01
9.236304759979248047e-01 9.239746332168579102e-01
9.046043157577514648e-01 9.048084616661071777e-01
7.274878025054931641e-01 7.277745604515075684e-01
9.426801204681396484e-01 9.430240392684936523e-01
9.026370644569396973e-01 9.027849435806274414e-01
9.161015748977661133e-01 9.163797497749328613e-01
7.264401316642761230e-01 7.266296744346618652e-01
8.572707176208496094e-01 8.574999570846557617e-01
9.704385399818420410e-01 9.706808924674987793e-01
7.750491499900817871e-01 7.753156423568725586e-01
7.264157533645629883e-01 7.266682982444763184e-01
7.565670609474182129e-01 7.566513419151306152e-01
7.941570281982421875e-01 7.944238781929016113e-01
9.032802581787109375e-01 9.036603569984436035e-01
7.664083242416381836e-01 7.666006088256835938e-01
8.827966451644897461e-01 8.829602003097534180e-01
9.206000566482543945e-01 9.209468960762023926e-01
7.685360312461853027e-01 7.687134146690368652e-01
8.654370903968811035e-01 8.659070134162902832e-01
8.551324009895324707e-01 8.554856181144714355e-01
7.729713916778564453e-01 7.732515931129455566e-01
9.569571018218994141e-01 9.572790861129760742e-01
8.728888034820556641e-01 8.731049895286560059e-01
7.265409231185913086e-01 7.268016934394836426e-01
8.603532910346984863e-01 8.607472181320190430e-01
9.396759867668151855e-01 9.400871396064758301e-01
9.394960999488830566e-01 9.398643374443054199e-01
8.809071779251098633e-01 8.810999989509582520e-01
7.857676744461059570e-01 7.859970927238464355e-01
9.018580317497253418e-01 9.020728468894958496e-01
7.804921865463256836e-01 7.808033227920532227e-01
1.029134631156921387e+00 1.029268264770507812e+00
9.621319770812988281e-01 9.625247716903686523e-01
7.832968235015869141e-01 7.835308313369750977e-01
8.312799930572509766e-01 8.316737413406372070e-01
8.864173889160156250e-01 8.867585062980651855e-01
9.413920044898986816e-01 9.417101740837097168e-01
7.702248096466064453e-01 7.704814076423645020e-01
9.669672250747680664e-01 9.671441316604614258e-01
9.915148019790649414e-01 9.916868209838867188e-01
8.501713275909423828e-01 8.503756523132324219e-01
9.504422545433044434e-01 9.507983922958374023e-01
9.061318635940551758e-01 9.064303040504455566e-01
9.141972064971923828e-01 9.143946170806884766e-01
9.539601802825927734e-01 9.542481899261474609e-01
7.987662553787231445e-01 7.990200519561767578e-01
9.500184655189514160e-01 9.504531025886535645e-01
8.580216169357299805e-01 8.582338094711303711e-01
9.640288949012756348e-01 9.642639160156250000e-01
9.436630606651306152e-01 9.438992142677307129e-01
7.267950177192687988e-01 7.270407080650329590e-01
7.593820095062255859e-01 7.596564292907714844e-01
8.486264944076538086e-01 8.489221930503845215e-01
9.051273465156555176e-01 9.055267572402954102e-01
9.481309652328491211e-01 9.485577344894409180e-01
8.672734498977661133e-01 8.675290346145629883e-01
9.233740568161010742e-01 9.237713217735290527e-01
9.739270806312561035e-01 9.742068052291870117e-01
8.546723127365112305e-01 8.547283411026000977e-01
8.324692249298095703e-01 8.327257633209228516e-01
9.093241691589355469e-01 9.095770120620727539e-01
8.144635558128356934e-01 8.147953748703002930e-01
8.552967309951782227e-01 8.556386232376098633e-01
8.604446649551391602e-01 8.603485226631164551e-01
8.736915588378906250e-01 8.739781975746154785e-01
7.592481970787048340e-01 7.594268918037414551e-01
8.306447863578796387e-01 8.307992815971374512e-01
8.512019515037536621e-01 8.514882326126098633e-01
9.124976992607116699e-01 9.127652645111083984e-01
7.228482961654663086e-01 7.230511307716369629e-01
8.572750091552734375e-01 8.575046658515930176e-01
8.510250449180603027e-01 8.513083457946777344e-01
7.587787508964538574e-01 7.589544057846069336e-01
8.820754885673522949e-01 8.820818662643432617e-01
7.754356861114501953e-01 7.756136059761047363e-01
9.341260790824890137e-01 9.344761371612548828e-01
8.356767296791076660e-01 8.358439803123474121e-01
8.889583945274353027e-01 8.893891572952270508e-01
8.777294158935546875e-01 8.782240748405456543e-01
8.341048359870910645e-01 8.345061540603637695e-01
9.119242429733276367e-01 9.123247861862182617e-01
7.867385149002075195e-01 7.868776917457580566e-01
8.207987546920776367e-01 8.209552168846130371e-01
8.339956402778625488e-01 8.345475196838378906e-01
8.389433622360229492e-01 8.393211364746093750e-01
8.807444572448730469e-01 8.812525868415832520e-01
8.243565559387207031e-01 8.245608806610107422e-01
8.862874507904052734e-01 8.865760564804077148e-01
9.275518059730529785e-01 9.277691245079040527e-01
7.719389200210571289e-01 7.720288038253784180e-01
9.008534550666809082e-01 9.012573957443237305e-01
9.021468758583068848e-01 9.023147821426391602e-01
8.737654685974121094e-01 8.740283250808715820e-01
8.226219415664672852e-01 8.227944970130920410e-01
7.984737753868103027e-01 7.987561821937561035e-01
7.740902900695800781e-01 7.741659283638000488e-01
8.071277141571044922e-01 8.073692321777343750e-01
8.463842272758483887e-01 8.465551733970642090e-01
8.465613722801208496e-01 8.466594219207763672e-01
8.034337759017944336e-01 8.038479089736938477e-01
8.828173875808715820e-01 8.830568194389343262e-01
9.223213195800781250e-01 9.223239421844482422e-01
9.793749451637268066e-01 9.796090126037597656e-01
8.929084539413452148e-01 8.932919502258300781e-01
9.269827604293823242e-01 9.274234771728515625e-01
8.997860550880432129e-01 8.999600410461425781e-01
7.595233321189880371e-01 7.598121762275695801e-01
9.359095692634582520e-01 9.360699653625488281e-01
8.037074804306030273e-01 8.039911985397338867e-01
8.322756886482238770e-01 8.326811194419860840e-01
8.336405754089355469e-01 8.341683745384216309e-01
8.519453406333923340e-01 8.522123694419860840e-01
9.499823451042175293e-01 9.502528309822082520e-01
7.628598809242248535e-01 7.630447745323181152e-01
9.015492200851440430e-01 9.018790721893310547e-01
9.222135543823242188e-01 9.224469661712646484e-01
8.005455732345581055e-01 8.006255030632019043e-01
8.383518457412719727e-01 8.387893438339233398e-01
7.929695248603820801e-01 7.932143211364746094e-01
7.857992649078369141e-01 7.859097719192504883e-01
8.355005979537963867e-01 8.358740806579589844e-01
9.035905003547668457e-01 9.039908051490783691e-01
8.510998487472534180e-01 8.512704968452453613e-01
9.654939174652099609e-01 9.657632112503051758e-01
7.845621109008789062e-01 7.848490476608276367e-01
7.640064358711242676e-01 7.642918825149536133e-01
8.807682991027832031e-01 8.811211585998535156e-01
8.223208785057067871e-01 8.225825428962707520e-01
7.639615535736083984e-01 7.641727924346923828e-01
8.654189705848693848e-01 8.656724691390991211e-01
7.874221801757812500e-01 7.876307964324951172e-01
8.038603067398071289e-01 8.041587471961975098e-01
8.362769484519958496e-01 8.364610075950622559e-01
9.149100780487060547e-01 9.149757623672485352e-01
8.648381829261779785e-01 8.651502728462219238e-01
8.213203549385070801e-01 8.214983940124511719e-01
9.011721611022949219e-01 9.012411832809448242e-01
8.733462095260620117e-01 8.738121390342712402e-01
8.658853173255920410e-01 8.662323355674743652e-01
9.028522372245788574e-01 9.031971693038940430e-01
8.783554434776306152e-01 8.786903023719787598e-01
8.851885795593261719e-01 8.852626085281372070e-01
9.485756158828735352e-01 9.487355947494506836e-01
7.722232937812805176e-01 7.724215388298034668e-01
7.720122933387756348e-01 7.722353935241699219e-01
9.377219080924987793e-01 9.380764961242675781e-01
7.638230323791503906e-01 7.640124559402465820e-01
9.082502126693725586e-01 9.084579348564147949e-01
9.117233157157897949e-01 9.119052886962890625e-01
7.923221588134765625e-01 7.926290035247802734e-01
8.595509529113769531e-01 8.596937656402587891e-01
7.858463525772094727e-01 7.860593199729919434e-01
8.319408297538757324e-01 8.323659896850585938e-01
8.899005651473999023e-01 8.901009559631347656e-01
8.871292471885681152e-01 8.874403238296508789e-01
8.075953125953674316e-01 8.077232837677001953e-01
7.274984121322631836e-01 7.277715206146240234e-01
8.373067378997802734e-01 8.376396298408508301e-01
8.064293861389160156e-01 8.065896630287170410e-01
8.372889757156372070e-01 8.378702998161315918e-01
7.650579214096069336e-01 7.651434540748596191e-01
8.912057280540466309e-01 8.914731740951538086e-01
7.237312197685241699e-01 7.238692641258239746e-01
9.372740387916564941e-01 9.375593066215515137e-01
8.225460052490234375e-01 8.226455450057983398e-01
7.691379189491271973e-01 7.693795561790466309e-01
8.864408731460571289e-01 8.864985704421997070e-01
8.730803728103637695e-01 8.734434247016906738e-01
8.232157230377197266e-01 8.232725858688354492e-01
7.239395380020141602e-01 7.241303920745849609e-01
8.282444477081298828e-01 8.286705017089843750e-01
9.509170055389404297e-01 9.513642191886901855e-01
8.332002162933349609e-01 8.335949182510375977e-01
8.305441737174987793e-01 8.307963609695434570e-01
8.986856937408447266e-01 8.988598585128784180e-01
7.647823095321655273e-01 7.649637460708618164e-01
8.702259063720703125e-01 8.706452250480651855e-01
8.851312398910522461e-01 8.852831125259399414e-01
9.006547927856445312e-01 9.009546637535095215e-01
9.328922033309936523e-01 9.329181909561157227e-01
7.794114351272583008e-01 7.796513438224792480e-01
8.521431684494018555e-01 8.523585796356201172e-01
7.584470510482788086e-01 7.586117386817932129e-01
7.637447118759155273e-01 7.639598250389099121e-01
7.231858968734741211e-01 7.233748435974121094e-01
8.860644102096557617e-01 8.864568471908569336e-01
8.983753323554992676e-01 8.984313011169433594e-01
9.547148942947387695e-01 9.548802971839904785e-01
8.791011571884155273e-01 8.797483444213867188e-01
9.046196341514587402e-01 9.049132466316223145e-01
8.657904863357543945e-01 8.659306764602661133e-01
8.993721604347229004e-01 8.996348381042480469e-01
7.978091835975646973e-01 7.979879379272460938e-01
8.870266675949096680e-01 8.871955275535583496e-01
9.029963016510009766e-01 9.032058715820312500e-01
8.621157407760620117e-01 8.624082207679748535e-01
7.251617908477783203e-01 7.252582907676696777e-01
8.557159900665283203e-01 8.558653593063354492e-01
8.919511437416076660e-01 8.923615217208862305e-01
7.230471968650817871e-01 7.233009934425354004e-01
8.978060483932495117e-01 8.982081413269042969e-01
7.838295698165893555e-01 7.840206027030944824e-01
8.171014189720153809e-01 8.172594308853149414e-01
8.457212448120117188e-01 8.457338213920593262e-01
7.973497509956359863e-01 7.977328300476074219e-01
7.726597189903259277e-01 7.728793621063232422e-01
7.617855072021484375e-01 7.620691657066345215e-01
8.880752325057983398e-01 8.883597254753112793e-01
8.997131586074829102e-01 9.000333547592163086e-01
8.757631778717041016e-01 8.758238554000854492e-01
8.366576433181762695e-01 8.368850350379943848e-01
8.981818556785583496e-01 8.984919786453247070e-01
9.747902750968933105e-01 9.748761653900146484e-01
8.501901030540466309e-01 8.505649566650390625e-01
7.925803065299987793e-01 7.928751111030578613e-01
7.641773223876953125e-01 7.642913460731506348e-01
9.169622659683227539e-01 9.172049760818481445e-01
8.386997580528259277e-01 8.389317989349365234e-01
7.734268903732299805e-01 7.737126350402832031e-01
8.996686935424804688e-01 8.998107910156250000e-01
7.890748977661132812e-01 7.893031239509582520e-01
7.829046845436096191e-01 7.831339836120605469e-01
9.288508892059326172e-01 9.290239810943603516e-01
7.903798222541809082e-01 7.907111644744873047e-01
7.591664791107177734e-01 7.594011425971984863e-01
7.559214234352111816e-01 7.560307979583740234e-01
8.469083905220031738e-01 8.471506834030151367e-01
7.695685029029846191e-01 7.697359919548034668e-01
8.978517055511474609e-01 8.980414867401123047e-01
7.544615268707275391e-01 7.548737525939941406e-01
9.100331068038940430e-01 9.103460907936096191e-01
7.240513563156127930e-01 7.242720127105712891e-01
7.741732001304626465e-01 7.743085026741027832e-01
8.739901781082153320e-01 8.743565082550048828e-01
8.514280319213867188e-01 8.518336415290832520e-01
8.356648683547973633e-01 8.358693122863769531e-01
9.312139153480529785e-01 9.314688444137573242e-01
8.374594449996948242e-01 8.377750515937805176e-01
9.043297171592712402e-01 9.045814275741577148e-01
7.222450971603393555e-01 7.224611043930053711e-01
7.904771566390991211e-01 7.906732559204101562e-01
8.220664262771606445e-01 8.224039673805236816e-01
8.461815714836120605e-01 8.464848399162292480e-01
9.102419018745422363e-01 9.105111956596374512e-01
8.868222236633300781e-01 8.870105147361755371e-01
8.218263387680053711e-01 8.220814466476440430e-01
9.699637293815612793e-01 9.702935814857482910e-01
9.362272024154663086e-01 9.364559650421142578e-01
8.304909467697143555e-01 8.307453393936157227e-01
9.230236411094665527e-01 9.233333468437194824e-01
8.554096221923828125e-01 8.555532097816467285e-01
9.508688449859619141e-01 9.511585831642150879e-01
9.208856225013732910e-01 9.210172891616821289e-01
8.803997635841369629e-01 8.806671500205993652e-01
9.258909225463867188e-01 9.261190891265869141e-01
8.461381196975708008e-01 8.464246392250061035e-01
7.737096548080444336e-01 7.738284468650817871e-01
7.592440843582153320e-01 7.595580220222473145e-01
9.078735709190368652e-01 9.082436561584472656e-01
8.827975988388061523e-01 8.827539682388305664e-01
7.586798667907714844e-01 7.589296698570251465e-01
7.980772256851196289e-01 7.983517646789550781e-01
8.527001142501831055e-01 8.530881404876708984e-01
9.626336693763732910e-01 9.629527330398559570e-01
9.065953493118286133e-01 9.068914055824279785e-01
9.444509744644165039e-01 9.448065757751464844e-01
9.655401706695556641e-01 9.659268856048583984e-01
7.833492159843444824e-01 7.837032675743103027e-01
7.640966176986694336e-01 7.643443346023559570e-01
8.862776160240173340e-01 8.866903185844421387e-01
9.266573190689086914e-01 9.268509745597839355e-01
8.226686120033264160e-01 8.227283358573913574e-01
9.094573855400085449e-01 9.097326397895812988e-01
8.033605813980102539e-01 8.036853075027465820e-01
9.104467630386352539e-01 9.110113978385925293e-01
8.715075254440307617e-01 8.718698620796203613e-01
8.160696625709533691e-01 8.162794113159179688e-01
9.073536396026611328e-01 9.077191352844238281e-01
8.832604885101318359e-01 8.834676742553710938e-01
8.730558156967163086e-01 8.731384277343750000e-01
1.033170461654663086e+00 1.033379793167114258e+00
9.840458631515502930e-01 9.841987490653991699e-01
8.516150116920471191e-01 8.520846962928771973e-01
9.749256372451782227e-01 9.752304553985595703e-01
9.199324846267700195e-01 9.201614260673522949e-01
7.235304713249206543e-01 7.236897945404052734e-01
8.609938621520996094e-01 8.613998889923095703e-01
7.576752305030822754e-01 7.579866647720336914e-01
7.269604206085205078e-01 7.271289229393005371e-01
9.294136166572570801e-01 9.295780658721923828e-01
8.436940908432006836e-01 8.440002799034118652e-01
9.414573907852172852e-01 9.416195750236511230e-01
9.032075405120849609e-01 9.036744236946105957e-01
7.274693250656127930e-01 7.277418971061706543e-01
8.722716569900512695e-01 8.725026845932006836e-01
8.717344999313354492e-01 8.719829916954040527e-01
9.395500421524047852e-01 9.398521184921264648e-01
9.095396399497985840e-01 9.098025560379028320e-01
7.823099493980407715e-01 7.826069593429565430e-01
7.866249084472656250e-01 7.867986559867858887e-01
7.625372409820556641e-01 7.626677751541137695e-01
8.648235797882080078e-01 8.651268482208251953e-01
9.670328497886657715e-01 9.671235084533691406e-01
7.751988172531127930e-01 7.753718495368957520e-01
8.004766106605529785e-01 8.008185625076293945e-01
8.393388986587524414e-01 8.396064639091491699e-01
7.837409377098083496e-01 7.841758131980895996e-01
9.008347988128662109e-01 9.008572697639465332e-01
7.534636855125427246e-01 7.536572217941284180e-01
8.888418078422546387e-01 8.891705870628356934e-01
8.915102481842041016e-01 8.919900655746459961e-01
8.195430636405944824e-01 8.198104500770568848e-01
7.260133028030395508e-01 7.262856364250183105e-01
8.233498930931091309e-01 8.235521316528320312e-01
8.284628391265869141e-01 8.287866711616516113e-01
8.244633078575134277e-01 8.246977329254150391e-01
9.015403985977172852e-01 9.021564126014709473e-01
9.419915080070495605e-01 9.422851800918579102e-01
7.237045764923095703e-01 7.239149808883666992e-01
7.715633511543273926e-01 7.716999053955078125e-01
9.401569962501525879e-01 9.403873682022094727e-01
7.786142826080322266e-01 7.789881229400634766e-01
9.515517950057983398e-01 9.518185257911682129e-01
8.798593878746032715e-01 8.801335692405700684e-01
7.643125057220458984e-01 7.646194696426391602e-01
8.240208625793457031e-01 8.244724273681640625e-01
8.525122404098510742e-01 8.525745868682861328e-01
8.702726960182189941e-01 8.704297542572021484e-01
8.878037929534912109e-01 8.879533410072326660e-01
7.635506987571716309e-01 7.638131380081176758e-01
7.283171415328979492e-01 7.284965515136718750e-01
9.654584527015686035e-01 9.656681418418884277e-01
9.114127159118652344e-01 9.119287133216857910e-01
9.196930527687072754e-01 9.201825261116027832e-01
7.891725301742553711e-01 7.894361019134521484e-01
9.237134456634521484e-01 9.239589571952819824e-01
9.405557513236999512e-01 9.409043192863464355e-01
7.920031547546386719e-01 7.921938896179199219e-01
7.265180349349975586e-01 7.268064618110656738e-01
9.170132875442504883e-01 9.172140955924987793e-01
8.529288768768310547e-01 8.530576825141906738e-01
7.732473611831665039e-01 7.736427783966064453e-01
8.786281943321228027e-01 8.789304494857788086e-01
8.041051626205444336e-01 8.043953776359558105e-01
8.040857315063476562e-01 8.043883442878723145e-01
8.881585001945495605e-01 8.884560465812683105e-01
9.923892021179199219e-01 9.925213456153869629e-01
8.865588903427124023e-01 8.868158459663391113e-01
8.928529620170593262e-01 8.930111527442932129e-01
8.760472536087036133e-01 8.763309121131896973e-01
8.803995847702026367e-01 8.808188438415527344e-01
8.165093660354614258e-01 8.167626261711120605e-01
9.288684725761413574e-01 9.291108250617980957e-01
8.818725943565368652e-01 8.822104334831237793e-01
9.318400621414184570e-01 9.322153329849243164e-01
7.822594046592712402e-01 7.825714349746704102e-01
8.518648743629455566e-01 8.521753549575805664e-01
8.383271694183349609e-01 8.386347889900207520e-01
8.520739078521728516e-01 8.523159027099609375e-01
9.298916459083557129e-01 9.301187396049499512e-01
8.750762939453125000e-01 8.756301403045654297e-01
9.095795154571533203e-01 9.099298715591430664e-01
8.374737501144409180e-01 8.377419114112854004e-01
8.618364930152893066e-01 8.619788885116577148e-01
9.114756584167480469e-01 9.117444753646850586e-01
9.138444662094116211e-01 9.140431880950927734e-01
8.516518473625183105e-01 8.519818186759948730e-01
9.100441932678222656e-01 9.101499915122985840e-01
9.305115342140197754e-01 9.308836460113525391e-01
7.257369756698608398e-01 7.260268330574035645e-01
9.042278528213500977e-01 9.046155214309692383e-01
9.333488941192626953e-01 9.337680935859680176e-01
9.445580244064331055e-01 9.447612166404724121e-01
8.267329931259155273e-01 8.268427848815917969e-01
9.659278988838195801e-01 9.660503864288330078e-01
7.546554803848266602e-01 7.549323439598083496e-01
8.635692596435546875e-01 8.636888861656188965e-01
7.972031831741333008e-01 7.973892688751220703e-01
7.820756435394287109e-01 7.823165655136108398e-01
8.384839296340942383e-01 8.387760519981384277e-01
8.832004070281982422e-01 8.835211396217346191e-01
8.223213553428649902e-01 8.224654197692871094e-01
9.779301285743713379e-01 9.782806038856506348e-01
8.770123720169067383e-01 8.770038485527038574e-01
8.267481327056884766e-01 8.268949985504150391e-01
8.643525838851928711e-01 8.644748926162719727e-01
9.400256872177124023e-01 9.401551485061645508e-01
8.683690428733825684e-01 8.685789108276367188e-01
8.812679052352905273e-01 8.814214468002319336e-01
7.254050970077514648e-01 7.255192995071411133e-01
9.280679225921630859e-01 9.283896088600158691e-01
8.696219325065612793e-01 8.701301217079162598e-01
7.279193997383117676e-01 7.281919717788696289e-01
9.629119634628295898e-01 9.631937146186828613e-01
7.788112759590148926e-01 7.789789438247680664e-01
8.928511142730712891e-01 8.933033347129821777e-01
9.254873394966125488e-01 9.255953431129455566e-01
9.623696208000183105e-01 9.624996781349182129e-01
9.604694247245788574e-01 9.607282876968383789e-01
9.123783111572265625e-01 9.125198721885681152e-01
8.275426626205444336e-01 8.277727961540222168e-01
8.217639327049255371e-01 8.220819830894470215e-01
8.776938915252685547e-01 8.778206706047058105e-01
9.019010066986083984e-01 9.021374583244323730e-01
7.548372149467468262e-01 7.550260424613952637e-01
9.062893390655517578e-01 9.066647291183471680e-01
8.341847658157348633e-01 8.343608379364013672e-01
8.451009392738342285e-01 8.454503417015075684e-01
9.640578627586364746e-01 9.641874432563781738e-01
7.882805466651916504e-01 7.885106205940246582e-01
7.282496690750122070e-01 7.284582257270812988e-01
9.248049259185791016e-01 9.248738288879394531e-01
9.084196090698242188e-01 9.086005687713623047e-01
7.635169029235839844e-01 7.637944221496582031e-01
8.361431956291198730e-01 8.364471197128295898e-01
8.639009594917297363e-01 8.640666007995605469e-01
8.243368268013000488e-01 8.246338367462158203e-01
8.015739917755126953e-01 8.019006848335266113e-01
9.284310936927795410e-01 9.287841916084289551e-01
8.944373130798339844e-01 8.947550058364868164e-01
7.268705368041992188e-01 7.270534634590148926e-01
8.870486021041870117e-01 8.873626589775085449e-01
7.830047607421875000e-01 7.833195924758911133e-01
8.555228710174560547e-01 8.558242321014404297e-01
9.225111603736877441e-01 9.228786826133728027e-01
8.832064867019653320e-01 8.834080696105957031e-01
9.423018097877502441e-01 9.424167871475219727e-01
8.460325598716735840e-01 8.460377454757690430e-01
9.402921795845031738e-01 9.404708147048950195e-01
8.534780740737915039e-01 8.537325859069824219e-01
9.790360331535339355e-01 9.793209433555603027e-01
8.877110481262207031e-01 8.880613446235656738e-01
8.332449197769165039e-01 8.335628509521484375e-01
8.352888822555541992e-01 8.354591727256774902e-01
9.224407672882080078e-01 9.226803183555603027e-01
8.760958909988403320e-01 8.762604594230651855e-01
9.030690789222717285e-01 9.032812118530273438e-01
9.451484680175781250e-01 9.454575181007385254e-01
9.718670845031738281e-01 9.719694852828979492e-01
7.683445215225219727e-01 7.686046361923217773e-01
7.268103361129760742e-01 7.269661426544189453e-01
8.711338043212890625e-01 8.713591694831848145e-01
8.579068183898925781e-01 8.580554723739624023e-01
8.184249997138977051e-01 8.185679316520690918e-01
7.821902632713317871e-01 7.823827266693115234e-01
9.092050790786743164e-01 9.094560146331787109e-01
9.761928915977478027e-01 9.763972759246826172e-01
8.479052782058715820e-01 8.484530448913574219e-01
1.032750964164733887e+00 1.032964587211608887e+00
8.480768799781799316e-01 8.484680056571960449e-01
7.786936163902282715e-01 7.788873314857482910e-01
8.998985886573791504e-01 9.002785086631774902e-01
8.373129367828369141e-01 8.378075957298278809e-01
7.696641683578491211e-01 7.698916196823120117e-01
7.263360619544982910e-01 7.265887260437011719e-01
8.078647255897521973e-01 8.080512881278991699e-01
7.227614521980285645e-01 7.230070829391479492e-01
7.623900175094604492e-01 7.625598907470703125e-01
9.285604357719421387e-01 9.288126826286315918e-01
8.495222926139831543e-01 8.498938679695129395e-01
1.015897989273071289e+00 1.016201376914978027e+00
7.275323867797851562e-01 7.277165651321411133e-01
8.854225277900695801e-01 8.857678771018981934e-01
7.836265563964843750e-01 7.838963270187377930e-01
7.273705601692199707e-01 7.275719642639160156e-01
7.863010168075561523e-01 7.865211367607116699e-01
7.924402952194213867e-01 7.926474809646606445e-01
8.785336017608642578e-01 8.789492845535278320e-01
7.980899214744567871e-01 7.983760833740234375e-01
8.456672430038452148e-01 8.458709716796875000e-01
8.522854447364807129e-01 8.525350689888000488e-01
7.922880649566650391e-01 7.923688888549804688e-01
8.810951709747314453e-01 8.814266324043273926e-01
8.556340932846069336e-01 8.558773994445800781e-01
8.237548470497131348e-01 8.241117000579833984e-01
8.774265050888061523e-01 8.776000142097473145e-01
7.275830507278442383e-01 7.277862429618835449e-01
8.617426156997680664e-01 8.620337247848510742e-01
7.568272352218627930e-01 7.571234703063964844e-01
8.830804228782653809e-01 8.833133578300476074e-01
9.587235450744628906e-01 9.588740468025207520e-01
8.385433554649353027e-01 8.386252522468566895e-01
7.225587368011474609e-01 7.227805852890014648e-01
8.605155944824218750e-01 8.607281446456909180e-01
9.066802263259887695e-01 9.068589806556701660e-01
8.192530870437622070e-01 8.196080923080444336e-01
8.970285058021545410e-01 8.972392678260803223e-01
8.847810029983520508e-01 8.850729465484619141e-01
8.315104246139526367e-01 8.319251537322998047e-01
8.767158389091491699e-01 8.765760660171508789e-01
7.263138294219970703e-01 7.265223264694213867e-01
8.942207694053649902e-01 8.947049379348754883e-01
7.270734906196594238e-01 7.273500561714172363e-01
8.760148286819458008e-01 8.762746453285217285e-01
8.262836337089538574e-01 8.264924287796020508e-01
9.177669882774353027e-01 9.179127216339111328e-01
9.228591918945312500e-01 9.230299592018127441e-01
9.289603233337402344e-01 9.292246699333190918e-01
8.393452763557434082e-01 8.397566080093383789e-01
7.646596431732177734e-01 7.648487687110900879e-01
9.236304759979248047e-01 9.238281846046447754e-01
9.046043157577514648e-01 9.048165678977966309e-01
7.274878025054931641e-01 7.276914715766906738e-01
9.426801204681396484e-01 9.430513978004455566e-01
9.026370644569396973e-01 9.030113220214843750e-01
9.161015748977661133e-01 9.164044260978698730e-01
7.264401316642761230e-01 7.266269326210021973e-01
8.572707176208496094e-01 8.576340079307556152e-01
9.704385399818420410e-01 9.706859588623046875e-01
7.750491499900817871e-01 7.753241062164306641e-01
7.264157533645629883e-01 7.266020178794860840e-01
7.565670609474182129e-01 7.567256689071655273e-01
7.941570281982421875e-01 7.944007515907287598e-01
9.032802581787109375e-01 9.035418629646301270e-01
7.664083242416381836e-01 7.666507363319396973e-01
8.827966451644897461e-01 8.832736611366271973e-01
9.206000566482543945e-01 9.207353591918945312e-01
7.685360312461853027e-01 7.688172459602355957e-01
8.654370903968811035e-01 8.656476140022277832e-01
8.551324009895324707e-01 8.552865982055664062e-01
7.729713916778564453e-01 7.730995416641235352e-01
9.569571018218994141e-01 9.571345448493957520e-01
8.728888034820556641e-01 8.732560873031616211e-01
7.265409231185913086e-01 7.266953587532043457e-01
8.603532910346984863e-01 8.605797290802001953e-01
9.396759867668151855e-01 9.400023221969604492e-01
9.394960999488830566e-01 9.398284554481506348e-01
8.809071779251098633e-01 8.813853859901428223e-01
7.857676744461059570e-01 7.859639525413513184e-01
9.018580317497253418e-01 9.021995663642883301e-01
7.804921865463256836e-01 7.805797457695007324e-01
1.029134631156921387e+00 1.029332518577575684e+00
9.621319770812988281e-01 9.623845815658569336e-01
7.832968235015869141e-01 7.835518121719360352e-01
8.312799930572509766e-01 8.315135240554809570e-01
8.864173889160156250e-01 8.865645527839660645e-01
9.413920044898986816e-01 9.416516423225402832e-01
7.702248096466064453e-01 7.705100774765014648e-01
9.669672250747680664e-01 9.671959280967712402e-01
9.915148019790649414e-01 9.917702674865722656e-01
8.501713275909423828e-01 8.505445122718811035e-01
9.504422545433044434e-01 9.507176876068115234e-01
9.061318635940551758e-01 9.063930511474609375e-01
9.141972064971923828e-01 9.146169424057006836e-01
9.539601802825927734e-01 9.541324377059936523e-01
7.987662553787231445e-01 7.989395856857299805e-01
9.500184655189514160e-01 9.501767754554748535e-01
8.580216169357299805e-01 8.582616448402404785e-01
9.640288949012756348e-01 9.642344713211059570e-01
9.436630606651306152e-01 9.440864920616149902e-01
7.267950177192687988e-01 7.271588444709777832e-01
7.593820095062255859e-01 7.595577239990234375e-01
8.486264944076538086e-01 8.490397930145263672e-01
9.051273465156555176e-01 9.053600430488586426e-01
9.481309652328491211e-01 9.484595060348510742e-01
8.672734498977661133e-01 8.678355813026428223e-01
9.233740568161010742e-01 9.238211512565612793e-01
9.739270806312561035e-01 9.741764068603515625e-01
8.546723127365112305e-01 8.551018238067626953e-01
8.324692249298095703e-01 8.326361179351806641e-01
9.093241691589355469e-01 9.097591042518615723e-01
8.144635558128356934e-01 8.146550059318542480e-01
8.552967309951782227e-01 8.554099798202514648e-01
8.604446649551391602e-01 8.610069751739501953e-01
8.736915588378906250e-01 8.738359212875366211e-01
7.592481970787048340e-01 7.595166563987731934e-01
8.306447863578796387e-01 8.310052156448364258e-01
8.512019515037536621e-01 8.514564037322998047e-01
9.124976992607116699e-01 9.129456281661987305e-01
7.228482961654663086e-01 7.231612205505371094e-01
8.572750091552734375e-01 8.575324416160583496e-01
8.510250449180603027e-01 8.512129783630371094e-01
7.587787508964538574e-01 7.591488957405090332e-01
8.820754885673522949e-01 8.824189305305480957e-01
7.754356861114501953e-01 7.755728960037231445e-01
9.341260790824890137e-01 9.345121979713439941e-01
8.356767296791076660e-01 8.360846042633056641e-01
8.889583945274353027e-01 8.893825411796569824e-01
8.777294158935546875e-01 8.777486681938171387e-01
8.341048359870910645e-01 8.342661857604980469e-01
9.119242429733276367e-01 9.120414853096008301e-01
7.867385149002075195e-01 7.871961593627929688e-01
8.207987546920776367e-01 8.212636709213256836e-01
8.339956402778625488e-01 8.341361284255981445e-01
8.389433622360229492e-01 8.391895890235900879e-01
8.807444572448730469e-01 8.807979822158813477e-01
8.243565559387207031e-01 8.246275782585144043e-01
8.862874507904052734e-01 8.865723013877868652e-01
9.275518059730529785e-01 9.276296496391296387e-01
7.719389200210571289e-01 7.721475362777709961e-01
9.008534550666809082e-01 9.012227058410644531e-01
9.021468758583068848e-01 9.025727510452270508e-01
8.737654685974121094e-01 8.740581870079040527e-01
8.226219415664672852e-01 8.229132890701293945e-01
7.984737753868103027e-01 7.988176345825195312e-01
7.740902900695800781e-01 7.744596600532531738e-01
8.071277141571044922e-01 8.074121475219726562e-01
8.463842272758483887e-01 8.466289043426513672e-01
8.465613722801208496e-01 8.469836115837097168e-01
8.034337759017944336e-01 8.036381006240844727e-01
8.828173875808715820e-01 8.831554055213928223e-01
9.223213195800781250e-01 9.225691556930541992e-01
9.793749451637268066e-01 9.797837138175964355e-01
8.929084539413452148e-01 8.932001590728759766e-01
9.269827604293823242e-01 9.272277951240539551e-01
8.997860550880432129e-01 9.002696871757507324e-01
7.595233321189880371e-01 7.596266865730285645e-01
9.359095692634582520e-01 9.363509416580200195e-01
8.037074804306030273e-01 8.039085268974304199e-01
8.322756886482238770e-01 8.323397636413574219e-01
8.336405754089355469e-01 8.337662220001220703e-01
8.519453406333923340e-01 8.522625565528869629e-01
9.499823451042175293e-01 9.503489136695861816e-01
7.628598809242248535e-01 7.630904912948608398e-01
9.015492200851440430e-01 9.017510414123535156e-01
9.222135543823242188e-01 9.224985241889953613e-01
8.005455732345581055e-01 8.007489442825317383e-01
8.383518457412719727e-01 8.384709358215332031e-01
7.929695248603820801e-01 7.932735085487365723e-01
7.857992649078369141e-01 7.861682176589965820e-01
8.355005979537963867e-01 8.356218934059143066e-01
9.035905003547668457e-01 9.039037823677062988e-01
8.510998487472534180e-01 8.513638973236083984e-01
9.654939174652099609e-01 9.658136963844299316e-01
7.845621109008789062e-01 7.846900224685668945e-01
7.640064358711242676e-01 7.642268538475036621e-01
8.807682991027832031e-01 8.811168670654296875e-01
8.223208785057067871e-01 8.225222229957580566e-01
7.639615535736083984e-01 7.640961408615112305e-01
8.654189705848693848e-01 8.656990528106689453e-01
7.874221801757812500e-01 7.876009345054626465e-01
8.038603067398071289e-01 8.041334748268127441e-01
8.362769484519958496e-01 8.366606235504150391e-01
9.149100780487060547e-01 9.154154658317565918e-01
8.648381829261779785e-01 8.649864196777343750e-01
8.213203549385070801e-01 8.216876387596130371e-01
9.011721611022949219e-01 9.014493823051452637e-01
8.733462095260620117e-01 8.736506700515747070e-01
8.658853173255920410e-01 8.660891652107238770e-01
9.028522372245788574e-01 9.030334353446960449e-01
8.783554434776306152e-01 8.788243532180786133e-01
8.851885795593261719e-01 8.855726718902587891e-01
9.485756158828735352e-01 9.487829208374023438e-01
7.722232937812805176e-01 7.725873589515686035e-01
7.720122933387756348e-01 7.722401022911071777e-01
9.377219080924987793e-01 9.381330609321594238e-01
7.638230323791503906e-01 7.639738321304321289e-01
9.082502126693725586e-01 9.084998965263366699e-01
9.117233157157897949e-01 9.122065305709838867e-01
7.923221588134765625e-01 7.925446629524230957e-01
8.595509529113769531e-01 8.597372174263000488e-01
7.858463525772094727e-01 7.861387133598327637e-01
8.319408297538757324e-01 8.320654034614562988e-01
8.899005651473999023e-01 8.903591036796569824e-01
8.871292471885681152e-01 8.873242139816284180e-01
8.075953125953674316e-01 8.079804182052612305e-01
7.274984121322631836e-01 7.277685403823852539e-01
8.373067378997802734e-01 8.374845981597900391e-01
8.064293861389160156e-01 8.067895174026489258e-01
8.372889757156372070e-01 8.373472094535827637e-01
7.650579214096069336e-01 7.652591466903686523e-01
8.912057280540466309e-01 8.915315866470336914e-01
7.237312197685241699e-01 7.239410877227783203e-01
9.372740387916564941e-01 9.375948905944824219e-01
8.225460052490234375e-01 8.228023052215576172e-01
7.691379189491271973e-01 7.693808078765869141e-01
8.864408731460571289e-01 8.868544697761535645e-01
8.730803728103637695e-01 8.731931447982788086e-01
8.232157230377197266e-01 8.236635327339172363e-01
7.239395380020141602e-01 7.241879105567932129e-01
8.282444477081298828e-01 8.283405303955078125e-01
9.509170055389404297e-01 9.511646032333374023e-01
8.332002162933349609e-01 8.333250880241394043e-01
8.305441737174987793e-01 8.307623267173767090e-01
8.986856937408447266e-01 8.988714814186096191e-01
7.647823095321655273e-01 7.650113105773925781e-01
8.702259063720703125e-01 8.704107999801635742e-01
8.851312398910522461e-01 8.854873180389404297e-01
9.006547927856445312e-01 9.011038541793823242e-01
9.328922033309936523e-01 9.332159161567687988e-01
7.794114351272583008e-01 7.795476317405700684e-01
8.521431684494018555e-01 8.525383472442626953e-01
7.584470510482788086e-01 7.587249279022216797e-01
7.637447118759155273e-01 7.639178633689880371e-01
7.231858968734741211e-01 7.234700918197631836e-01
8.860644102096557617e-01 8.862138986587524414e-01
8.983753323554992676e-01 8.988264203071594238e-01
9.547148942947387695e-01 9.550957083702087402e-01
8.791011571884155273e-01 8.793627619743347168e-01
9.046196341514587402e-01 9.048757553100585938e-01
8.657904863357543945e-01 8.663030266761779785e-01
8.993721604347229004e-01 8.998814225196838379e-01
7.978091835975646973e-01 7.980604767799377441e-01
8.870266675949096680e-01 8.874384760856628418e-01
9.029963016510009766e-01 9.033533334732055664e-01
8.621157407760620117e-01 8.622321486473083496e-01
7.251617908477783203e-01 7.253603339195251465e-01
8.557159900665283203e-01 8.560085892677307129e-01
8.919511437416076660e-01 8.921635746955871582e-01
7.230471968650817871e-01 7.233131527900695801e-01
8.978060483932495117e-01 8.979142904281616211e-01
7.838295698165893555e-01 7.841359376907348633e-01
8.171014189720153809e-01 8.173710107803344727e-01
8.457212448120117188e-01 8.461818099021911621e-01
7.973497509956359863e-01 7.977006435394287109e-01
7.726597189903259277e-01 7.728455066680908203e-01
7.617855072021484375e-01 7.620204687118530273e-01
8.880752325057983398e-01 8.884347081184387207e-01
8.997131586074829102e-01 8.999984264373779297e-01
8.757631778717041016e-01 8.760365247726440430e-01
8.366576433181762695e-01 8.369646668434143066e-01
8.981818556785583496e-01 8.984884619712829590e-01
9.747902750968933105e-01 9.752848744392395020e-01
8.501901030540466309e-01 8.504068255424499512e-01
7.925803065299987793e-01 7.927712202072143555e-01
7.641773223876953125e-01 7.642913460731506348e-01
9.169622659683227539e-01 9.171250462532043457e-01
8.386997580528259277e-01 8.389114141464233398e-01
7.734268903732299805e-01 7.737058401107788086e-01
8.996686935424804688e-01 8.999700546264648438e-01
7.890748977661132812e-01 7.893313169479370117e-01
7.829046845436096191e-01 7.830609083175659180e-01
9.288508892059326172e-01 9.290614724159240723e-01
7.903798222541809082e-01 7.907527685165405273e-01
7.591664791107177734e-01 7.593294382095336914e-01
7.559214234352111816e-01 7.561830282211303711e-01
8.469083905220031738e-01 8.473284840583801270e-01
7.695685029029846191e-01 7.698891758918762207e-01
8.978517055511474609e-01 8.981698751449584961e-01
7.544615268707275391e-01 7.546631693840026855e-01
9.100331068038940430e-01 9.100713133811950684e-01
7.240513563156127930e-01 7.243722677230834961e-01
7.741732001304626465e-01 7.743327617645263672e-01
8.739901781082153320e-01 8.742528557777404785e-01
8.514280319213867188e-01 8.515295386314392090e-01
8.356648683547973633e-01 8.360028266906738281e-01
9.312139153480529785e-01 9.314436912536621094e-01
8.374594449996948242e-01 8.375607132911682129e-01
9.043297171592712402e-01 9.045212268829345703e-01
7.222450971603393555e-01 7.225261926651000977e-01
7.904771566390991211e-01 7.907249927520751953e-01
8.220664262771606445e-01 8.220846652984619141e-01
8.461815714836120605e-01 8.465477824211120605e-01
9.102419018745422363e-01 9.103704094886779785e-01
8.868222236633300781e-01 8.871454000473022461e-01
8.218263387680053711e-01 8.222128748893737793e-01
9.699637293815612793e-01 9.703821539878845215e-01
9.362272024154663086e-01 9.365370869636535645e-01
8.304909467697143555e-01 8.305945992469787598e-01
9.230236411094665527e-01 9.230372309684753418e-01
8.554096221923828125e-01 8.558817505836486816e-01
9.508688449859619141e-01 9.512305259704589844e-01
9.208856225013732910e-01 9.212781786918640137e-01
8.803997635841369629e-01 8.808985352516174316e-01
9.258909225463867188e-01 9.261448383331298828e-01
8.461381196975708008e-01 8.465819954872131348e-01
7.737096548080444336e-01 7.739164829254150391e-01
7.592440843582153320e-01 7.594426870346069336e-01
9.078735709190368652e-01 9.080056548118591309e-01
8.827975988388061523e-01 8.831182718276977539e-01
7.586798667907714844e-01 7.588521838188171387e-01
7.980772256851196289e-01 7.983745336532592773e-01
8.527001142501831055e-01 8.529645204544067383e-01
9.626336693763732910e-01 9.631758928298950195e-01
9.065953493118286133e-01 9.069006443023681641e-01
9.444509744644165039e-01 9.449053406715393066e-01
9.655401706695556641e-01 9.657062292098999023e-01
7.833492159843444824e-01 7.835741639137268066e-01
7.640966176986694336e-01 7.641280293464660645e-01
8.862776160240173340e-01 8.866797685623168945e-01
9.266573190689086914e-01 9.269043207168579102e-01
8.226686120033264160e-01 8.230198025703430176e-01
9.094573855400085449e-01 9.095205664634704590e-01
8.033605813980102539e-01 8.036850690841674805e-01
9.104467630386352539e-01 9.105119705200195312e-01
8.715075254440307617e-01 8.716751933097839355e-01
8.160696625709533691e-01 8.162226080894470215e-01
9.073536396026611328e-01 9.074227809906005859e-01
8.832604885101318359e-01 8.838047385215759277e-01
8.730558156967163086e-01 8.734554052352905273e-01
1.033170461654663086e+00 1.033534765243530273e+00
9.840458631515502930e-01 9.841970801353454590e-01
8.516150116920471191e-01 8.515930771827697754e-01
9.749256372451782227e-01 9.750452041625976562e-01
9.199324846267700195e-01 9.201784729957580566e-01
7.235304713249206543e-01 7.237351536750793457e-01
8.609938621520996094e-01 8.609890937805175781e-01
7.576752305030822754e-01 7.578752636909484863e-01
7.269604206085205078e-01 7.270940542221069336e-01
9.294136166572570801e-01 9.297277927398681641e-01
8.436940908432006836e-01 8.440961241722106934e-01
9.414573907852172852e-01 9.417486190795898438e-01
9.032075405120849609e-01 9.036179780960083008e-01
7.274693250656127930e-01 7.276009917259216309e-01
8.722716569900512695e-01 8.726459145545959473e-01
8.717344999313354492e-01 8.721225857734680176e-01
9.395500421524047852e-01 9.398619532585144043e-01
9.095396399497985840e-01 9.097524285316467285e-01
7.823099493980407715e-01 7.825015783309936523e-01
7.866249084472656250e-01 7.871000766754150391e-01
7.625372409820556641e-01 7.628893852233886719e-01
8.648235797882080078e-01 8.649535179138183594e-01
9.670328497886657715e-01 9.674302935600280762e-01
7.751988172531127930e-01 7.754139304161071777e-01
8.004766106605529785e-01 8.007093071937561035e-01
8.393388986587524414e-01 8.395363092422485352e-01
7.837409377098083496e-01 7.839376926422119141e-01
9.008347988128662109e-01 9.012452960014343262e-01
7.534636855125427246e-01 7.537584304809570312e-01
8.888418078422546387e-01 8.889820575714111328e-01
8.915102481842041016e-01 8.916844725608825684e-01
8.195430636405944824e-01 8.197601437568664551e-01
7.260133028030395508e-01 7.262729406356811523e-01
8.233498930931091309e-01 8.236804008483886719e-01
8.284628391265869141e-01 8.287205696105957031e-01
8.244633078575134277e-01 8.248337507247924805e-01
9.015403985977172852e-01 9.017648100852966309e-01
9.419915080070495605e-01 9.421948194503784180e-01
7.237045764923095703e-01 7.240201234817504883e-01
7.715633511543273926e-01 7.718571424484252930e-01
9.401569962501525879e-01 9.404184818267822266e-01
7.786142826080322266e-01 7.787654399871826172e-01
9.515517950057983398e-01 9.519248604774475098e-01
8.798593878746032715e-01 8.801584243774414062e-01
7.643125057220458984e-01 7.644994854927062988e-01
8.240208625793457031e-01 8.243092298507690430e-01
8.525122404098510742e-01 8.528985381126403809e-01
8.702726960182189941e-01 8.706863522529602051e-01
8.878037929534912109e-01 8.882209658622741699e-01
7.635506987571716309e-01 7.636694312095642090e-01
