2.461257099639624357e-04 2.726324833929538727e-03
1.819360477384179831e-04 2.701007062569260597e-03
1.773897820385172963e-04 2.742540091276168823e-03
1.965632545761764050e-04 2.714324044063687325e-03
1.831893896451219916e-04 2.711435547098517418e-03
1.258687989320605993e-04 2.724142977967858315e-03
1.846426312113180757e-04 2.703636419028043747e-03
1.986608549486845732e-04 2.728685038164258003e-03
1.956031774170696735e-04 2.719570416957139969e-03
1.781257305992767215e-04 2.692477311939001083e-03
1.595963694853708148e-04 2.729089697822928429e-03
1.702174340607598424e-04 2.697853604331612587e-03
1.956692867679521441e-04 2.717732917517423630e-03
1.932511222548782825e-04 2.694938564673066139e-03
1.647514436626806855e-04 2.715872135013341904e-03
1.940407091751694679e-04 2.710560336709022522e-03
1.647684111958369613e-04 2.720836084336042404e-03
1.661975402384996414e-04 2.710016677156090736e-03
1.464035449316725135e-04 2.736107213422656059e-03
1.835461880546063185e-04 2.706417348235845566e-03
1.648156758164986968e-04 2.714953618124127388e-03
1.387174124829471111e-04 2.690397202968597412e-03
1.585119462106376886e-04 2.714403672143816948e-03
1.527929707663133740e-04 2.701146295294165611e-03
1.489629794377833605e-04 2.713053952902555466e-03
2.162743476219475269e-04 2.679776400327682495e-03
2.295842277817428112e-04 2.767358906567096710e-03
3.758821985684335232e-04 2.710077445954084396e-03
2.327507099835202098e-04 2.709950320422649384e-03
1.592102053109556437e-04 2.700193319469690323e-03
1.529678702354431152e-04 2.704186132177710533e-03
2.024635323323309422e-04 2.747839549556374550e-03
1.618162350496277213e-04 2.704263431951403618e-03
1.187356247100979090e-04 2.708662766963243484e-03
1.066593904397450387e-04 2.713545924052596092e-03
1.438823528587818146e-04 2.707784995436668396e-03
1.586255821166560054e-04 2.722298726439476013e-03
1.944108080351725221e-04 2.700282027944922447e-03
2.137682167813181877e-04 2.691117813810706139e-03
2.065317530650645494e-04 2.692053560167551041e-03
1.827307714847847819e-04 2.697218675166368484e-03
2.094246010528877378e-04 2.759310416877269745e-03
3.067054203711450100e-04 2.715733135119080544e-03
1.742454332998022437e-04 2.689783228561282158e-03
1.675318198977038264e-04 2.700028941035270691e-03
1.343626790912821889e-04 2.727010287344455719e-03
1.281094882870092988e-04 2.711368724703788757e-03
1.938759087352082133e-04 2.712615998461842537e-03
3.504607302602380514e-04 2.722478006035089493e-03
3.216436598449945450e-04 2.755712484940886497e-03
2.248849632451310754e-04 2.711192471906542778e-03
1.816177536966279149e-04 2.689714310690760612e-03
2.437471848679706454e-04 2.710114000365138054e-03
2.517078246455639601e-04 2.742461860179901123e-03
3.052997344639152288e-04 2.678327262401580811e-03
3.029373183380812407e-04 2.727233106270432472e-03
2.916008816100656986e-04 2.708994783461093903e-03
2.301228523720055819e-04 2.720773918554186821e-03
3.124391369055956602e-04 2.704233396798372269e-03
3.110845864284783602e-04 2.687671920284628868e-03
2.909336471930146217e-04 2.793889492750167847e-03
3.998346801381558180e-04 2.789861755445599556e-03
3.186850808560848236e-04 2.746435115113854408e-03
3.341000119689851999e-04 2.715691458433866501e-03
3.084014169871807098e-04 2.689011162146925926e-03
3.306782164145261049e-04 2.753140171989798546e-03
4.527968412730842829e-04 2.689701737836003304e-03
2.613546967040747404e-04 2.724702935665845871e-03
2.675357391126453876e-04 2.725760452449321747e-03
2.367200359003618360e-04 2.724754856899380684e-03
1.751327654346823692e-04 2.697372809052467346e-03
2.204628690378740430e-04 2.662593498826026917e-03
2.595995320007205009e-04 2.699852921068668365e-03
2.249625540571287274e-04 2.749095670878887177e-03
4.401213373057544231e-04 2.755347406491637230e-03
4.158066294621676207e-04 2.742853248491883278e-03
2.194947301177307963e-04 2.705081598833203316e-03
1.822343328967690468e-04 2.715120557695627213e-03
2.226631913799792528e-04 2.689806045964360237e-03
2.439842355670407414e-04 2.680302131921052933e-03
2.905801229644566774e-04 2.717874478548765182e-03
3.324644640088081360e-04 2.722501754760742188e-03
4.465494130272418261e-04 2.790565835312008858e-03
8.192470995709300041e-04 2.870284253731369972e-03
7.826836081221699715e-04 2.709156135097146034e-03
4.647936439141631126e-04 2.791120670735836029e-03
5.298019386827945709e-04 2.959403907880187035e-03
8.738863980397582054e-04 2.843829104676842690e-03
8.644387125968933105e-04 3.285145852714776993e-03
1.732084085233509541e-03 2.898545935750007629e-03
1.178908743895590305e-03 3.706315299496054649e-03
1.444586203433573246e-03 3.248476656153798103e-03
1.432611141353845596e-03 3.652830841019749641e-03
1.622696174308657646e-03 3.104269504547119141e-03
1.167312846519052982e-03 2.903852146118879318e-03
9.392657666467130184e-04 3.331557381898164749e-03
1.058903872035443783e-03 2.881768625229597092e-03
9.542231564410030842e-04 2.799156820401549339e-03
6.610332056879997253e-04 2.844654023647308350e-03
5.804755492135882378e-04 2.812486607581377029e-03
4.903176450170576572e-04 2.735371701419353485e-03
5.088489269837737083e-04 2.862055785953998566e-03
4.235216765664517879e-04 2.761444309726357460e-03
3.247093409299850464e-04 2.761453855782747269e-03
2.968792396131902933e-04 2.855022437870502472e-03
4.063008236698806286e-04 2.773751504719257355e-03
3.234242612961679697e-04 2.784734126180410385e-03
3.041432646568864584e-04 2.727033803239464760e-03
2.581118897069245577e-04 2.750496380031108856e-03
2.757911861408501863e-04 2.785783493891358376e-03
2.775043540168553591e-04 2.732893219217658043e-03
2.815644838847219944e-04 2.748671686276793480e-03
1.771319657564163208e-04 2.732343971729278564e-03
1.753725373419001698e-04 2.730175154283642769e-03
1.439777552150189877e-04 2.750337822362780571e-03
1.298051356570795178e-04 2.742472337558865547e-03
1.460036291973665357e-04 2.762182848528027534e-03
1.879221672425046563e-04 2.733308589085936546e-03
1.410673576174303889e-04 2.734090201556682587e-03
1.065948745235800743e-04 2.721894532442092896e-03
1.023623553919605911e-04 2.724085701629519463e-03
9.586215310264378786e-05 2.724544610828161240e-03
1.082343587768264115e-04 2.732410794124007225e-03
1.091890298994258046e-04 2.725779311731457710e-03
1.175209035864099860e-04 2.729892032220959663e-03
1.304819597862660885e-04 2.718826755881309509e-03
1.315520930802449584e-04 2.722792327404022217e-03
1.412965939380228519e-04 2.716280519962310791e-03
1.360900932922959328e-04 2.736395690590143204e-03
1.558914373163133860e-04 2.723671495914459229e-03
1.160871252068318427e-04 2.742333337664604187e-03
1.115748455049470067e-04 2.717051189392805099e-03
1.257193653145805001e-04 2.709308406338095665e-03
1.492518931627273560e-04 2.729505300521850586e-03
1.457797188777476549e-04 2.719448879361152649e-03
1.145837595686316490e-04 2.723613521084189415e-03
1.043799857143312693e-04 2.722500590607523918e-03
9.848053014138713479e-05 2.718119882047176361e-03
9.663793753134086728e-05 2.723943442106246948e-03
9.752857295097783208e-05 2.720209071412682533e-03
1.138084408012218773e-04 2.718829782679677010e-03
1.287535706069320440e-04 2.727414481341838837e-03
1.235583040397614241e-04 2.725913655012845993e-03
1.139293890446424484e-04 2.718139206990599632e-03
1.351211103610694408e-04 2.708879997953772545e-03
1.099235378205776215e-04 2.715861424803733826e-03
2.369192225160077214e-04 2.715038368478417397e-03
1.632524654269218445e-04 2.739201299846172333e-03
1.395365397911518812e-04 2.714502392336726189e-03
1.772808172972872853e-04 2.713802969083189964e-03
2.055272489087656140e-04 2.735641086474061012e-03
1.683239242993295193e-04 2.716740360483527184e-03
1.936944318003952503e-04 2.768604783341288567e-03
2.303114888491109014e-04 2.723728306591510773e-03
2.230663667432963848e-04 2.745943609625101089e-03
