3.120173950195312500e+02 3.119796752929687500e+02
2.382481079101562500e+02 2.383047943115234375e+02
3.352601928710937500e+02 3.351749267578125000e+02
2.483149566650390625e+02 2.484273071289062500e+02
1.630234680175781250e+02 1.632557678222656250e+02
3.828230895996093750e+02 3.830342407226562500e+02
2.482607421875000000e+02 2.483315429687500000e+02
1.586430511474609375e+02 1.585121765136718750e+02
1.734858245849609375e+02 1.734858398437500000e+02
2.541569824218750000e+02 2.542174987792968750e+02
3.353301391601562500e+02 3.359964904785156250e+02
4.463474426269531250e+02 4.465418701171875000e+02
3.320463562011718750e+02 3.324854125976562500e+02
2.573019104003906250e+02 2.576001586914062500e+02
2.346456756591796875e+02 2.345059509277343750e+02
2.074015350341796875e+02 2.074980468750000000e+02
1.658420104980468750e+02 1.657411804199218750e+02
1.750985260009765625e+02 1.753904571533203125e+02
3.893967895507812500e+02 3.895832214355468750e+02
3.473378601074218750e+02 3.477290954589843750e+02
1.682375640869140625e+02 1.680682525634765625e+02
1.502656860351562500e+02 1.503719329833984375e+02
3.317650756835937500e+02 3.318962707519531250e+02
2.222051849365234375e+02 2.220823211669921875e+02
2.104148712158203125e+02 2.103893737792968750e+02
1.941674499511718750e+02 1.943562927246093750e+02
3.353773803710937500e+02 3.357439575195312500e+02
2.582726135253906250e+02 2.586651000976562500e+02
1.849929504394531250e+02 1.849841156005859375e+02
3.578464355468750000e+02 3.578968200683593750e+02
3.356675720214843750e+02 3.359976806640625000e+02
3.463410034179687500e+02 3.465031738281250000e+02
2.254051818847656250e+02 2.257022247314453125e+02
1.524924468994140625e+02 1.523912506103515625e+02
3.470559082031250000e+02 3.473987426757812500e+02
1.993386383056640625e+02 1.992849121093750000e+02
2.765131835937500000e+02 2.765273742675781250e+02
3.581592102050781250e+02 3.579460144042968750e+02
2.569187622070312500e+02 2.568140563964843750e+02
2.601044311523437500e+02 2.602700195312500000e+02
3.589061279296875000e+02 3.590800476074218750e+02
2.108896636962890625e+02 2.108990020751953125e+02
1.910278625488281250e+02 1.910590820312500000e+02
3.321555786132812500e+02 3.325153808593750000e+02
2.660003662109375000e+02 2.660725708007812500e+02
3.014829406738281250e+02 3.014998474121093750e+02
2.031046752929687500e+02 2.029720611572265625e+02
1.607397613525390625e+02 1.605693359375000000e+02
3.651315002441406250e+02 3.652070922851562500e+02
2.106382141113281250e+02 2.106173706054687500e+02
3.684643249511718750e+02 3.685016479492187500e+02
4.010457153320312500e+02 4.013443298339843750e+02
2.406453399658203125e+02 2.405644989013671875e+02
3.639242858886718750e+02 3.643408203125000000e+02
2.409038238525390625e+02 2.406937713623046875e+02
4.381061401367187500e+02 4.383182983398437500e+02
2.020004119873046875e+02 2.020454711914062500e+02
3.592596740722656250e+02 3.595694885253906250e+02
1.842680969238281250e+02 1.846016387939453125e+02
3.439964904785156250e+02 3.442774353027343750e+02
1.694657592773437500e+02 1.695725555419921875e+02
1.753532257080078125e+02 1.754048156738281250e+02
1.760859069824218750e+02 1.759510040283203125e+02
1.702549438476562500e+02 1.704819793701171875e+02
1.764661254882812500e+02 1.767256317138671875e+02
2.257310791015625000e+02 2.256799621582031250e+02
1.706157379150390625e+02 1.704509582519531250e+02
2.629651184082031250e+02 2.629091186523437500e+02
1.732108764648437500e+02 1.731671142578125000e+02
1.856161041259765625e+02 1.856830139160156250e+02
3.320446472167968750e+02 3.321750793457031250e+02
3.457562866210937500e+02 3.456725158691406250e+02
1.688350372314453125e+02 1.688863067626953125e+02
2.669876403808593750e+02 2.669909667968750000e+02
1.590562591552734375e+02 1.592595214843750000e+02
2.655060729980468750e+02 2.655407409667968750e+02
1.762171173095703125e+02 1.762045593261718750e+02
1.727992553710937500e+02 1.730524291992187500e+02
1.823535308837890625e+02 1.821457672119140625e+02
3.814035949707031250e+02 3.816055603027343750e+02
1.697638549804687500e+02 1.697061309814453125e+02
3.763347167968750000e+02 3.764465026855468750e+02
2.601482238769531250e+02 2.601090087890625000e+02
1.898541564941406250e+02 1.894591979980468750e+02
4.113380432128906250e+02 4.113675842285156250e+02
3.513319702148437500e+02 3.514365539550781250e+02
1.736421966552734375e+02 1.737312011718750000e+02
1.808885955810546875e+02 1.807595825195312500e+02
1.706297760009765625e+02 1.706137084960937500e+02
3.320446777343750000e+02 3.319212646484375000e+02
2.602764282226562500e+02 2.600260620117187500e+02
1.839976806640625000e+02 1.838451995849609375e+02
3.461613464355468750e+02 3.464908447265625000e+02
4.207578125000000000e+02 4.206703796386718750e+02
3.566981506347656250e+02 3.568942565917968750e+02
1.762444305419921875e+02 1.761947631835937500e+02
1.800618133544921875e+02 1.800372009277343750e+02
1.414727478027343750e+02 1.415646362304687500e+02
2.542742767333984375e+02 2.542134552001953125e+02
1.799263305664062500e+02 1.799708251953125000e+02
1.582171630859375000e+02 1.583605651855468750e+02
3.650763854980468750e+02 3.652677612304687500e+02
3.825022583007812500e+02 3.828210449218750000e+02
3.861542663574218750e+02 3.863055419921875000e+02
3.929257202148437500e+02 3.931855163574218750e+02
2.012999572753906250e+02 2.012771301269531250e+02
2.340609436035156250e+02 2.340113525390625000e+02
2.820454711914062500e+02 2.820331726074218750e+02
2.840639648437500000e+02 2.839939880371093750e+02
3.596751403808593750e+02 3.601720581054687500e+02
1.512032012939453125e+02 1.511264343261718750e+02
1.792395477294921875e+02 1.792427673339843750e+02
1.932314300537109375e+02 1.932013854980468750e+02
3.799354553222656250e+02 3.799856262207031250e+02
2.257558746337890625e+02 2.255505371093750000e+02
3.574948730468750000e+02 3.576750793457031250e+02
3.677018737792968750e+02 3.676407775878906250e+02
1.939738769531250000e+02 1.940562438964843750e+02
1.853027496337890625e+02 1.853291931152343750e+02
3.648339538574218750e+02 3.647268371582031250e+02
1.622723999023437500e+02 1.622595977783203125e+02
2.086295013427734375e+02 2.086888275146484375e+02
1.772991180419921875e+02 1.773598175048828125e+02
1.592948608398437500e+02 1.592024688720703125e+02
1.616830291748046875e+02 1.615617523193359375e+02
1.622736663818359375e+02 1.622993621826171875e+02
3.455770874023437500e+02 3.460078735351562500e+02
2.935121459960937500e+02 2.935610046386718750e+02
2.361165771484375000e+02 2.360692901611328125e+02
2.386192169189453125e+02 2.384754486083984375e+02
3.836197814941406250e+02 3.837018432617187500e+02
1.794669494628906250e+02 1.795181274414062500e+02
1.638889007568359375e+02 1.641695861816406250e+02
3.480974426269531250e+02 3.475984802246093750e+02
2.026143646240234375e+02 2.025486602783203125e+02
1.483426208496093750e+02 1.484929656982421875e+02
3.649909362792968750e+02 3.650768432617187500e+02
2.382475585937500000e+02 2.382579498291015625e+02
2.276065368652343750e+02 2.274907226562500000e+02
3.690668640136718750e+02 3.692840576171875000e+02
3.854610595703125000e+02 3.856398925781250000e+02
1.422581634521484375e+02 1.424357604980468750e+02
1.683427429199218750e+02 1.683837127685546875e+02
1.835562133789062500e+02 1.835064849853515625e+02
3.696629028320312500e+02 3.698638916015625000e+02
3.474894714355468750e+02 3.478090209960937500e+02
1.964454498291015625e+02 1.965125427246093750e+02
2.352923736572265625e+02 2.355570831298828125e+02
3.481612548828125000e+02 3.484093322753906250e+02
2.667244873046875000e+02 2.668678894042968750e+02
3.645395812988281250e+02 3.650970153808593750e+02
3.642408142089843750e+02 3.643400878906250000e+02
1.764395599365234375e+02 1.762977600097656250e+02
1.825554046630859375e+02 1.825572509765625000e+02
2.467087860107421875e+02 2.467238006591796875e+02
2.327551116943359375e+02 2.325001373291015625e+02
1.506475677490234375e+02 1.506330413818359375e+02
2.678855895996093750e+02 2.676806640625000000e+02
2.568591918945312500e+02 2.567059631347656250e+02
2.050494537353515625e+02 2.049871673583984375e+02
1.585853881835937500e+02 1.587286682128906250e+02
4.189458312988281250e+02 4.190423278808593750e+02
2.122478027343750000e+02 2.123167266845703125e+02
3.582427673339843750e+02 3.588286743164062500e+02
3.593347167968750000e+02 3.596627502441406250e+02
1.574532928466796875e+02 1.576847229003906250e+02
3.476441650390625000e+02 3.476085815429687500e+02
2.202837066650390625e+02 2.199619140625000000e+02
2.161405639648437500e+02 2.160146484375000000e+02
2.304214477539062500e+02 2.306487579345703125e+02
1.875835113525390625e+02 1.875734558105468750e+02
3.657479553222656250e+02 3.659436645507812500e+02
1.781559753417968750e+02 1.782038879394531250e+02
1.850085449218750000e+02 1.851305999755859375e+02
2.665760803222656250e+02 2.666724243164062500e+02
3.671684265136718750e+02 3.671679687500000000e+02
3.349220886230468750e+02 3.352059020996093750e+02
3.853265380859375000e+02 3.855028381347656250e+02
3.678549194335937500e+02 3.679197692871093750e+02
2.385435333251953125e+02 2.386447143554687500e+02
3.511200561523437500e+02 3.515809936523437500e+02
1.418047332763671875e+02 1.419651489257812500e+02
3.318615112304687500e+02 3.319985961914062500e+02
2.219102172851562500e+02 2.217533264160156250e+02
3.787092895507812500e+02 3.786451721191406250e+02
3.587319335937500000e+02 3.588862915039062500e+02
4.269519958496093750e+02 4.269477539062500000e+02
4.102942199707031250e+02 4.106807556152343750e+02
2.388700714111328125e+02 2.385798034667968750e+02
3.317466430664062500e+02 3.319225769042968750e+02
1.736035003662109375e+02 1.737447662353515625e+02
1.747950286865234375e+02 1.747357788085937500e+02
2.450021057128906250e+02 2.450123748779296875e+02
2.385713958740234375e+02 2.385849914550781250e+02
1.608681335449218750e+02 1.609488372802734375e+02
3.470742187500000000e+02 3.471474914550781250e+02
1.405454101562500000e+02 1.406132049560546875e+02
1.938446044921875000e+02 1.940404815673828125e+02
2.702633056640625000e+02 2.703337402343750000e+02
1.976138763427734375e+02 1.975254669189453125e+02
3.612648925781250000e+02 3.615900878906250000e+02
4.054632263183593750e+02 4.055606994628906250e+02
3.460769042968750000e+02 3.464882812500000000e+02
3.475321044921875000e+02 3.478655700683593750e+02
3.319671630859375000e+02 3.322521057128906250e+02
1.563057250976562500e+02 1.564649658203125000e+02
1.608813018798828125e+02 1.609367980957031250e+02
2.053928527832031250e+02 2.052260589599609375e+02
2.576996459960937500e+02 2.576221313476562500e+02
1.718514709472656250e+02 1.718396301269531250e+02
2.510689239501953125e+02 2.511640472412109375e+02
1.471753082275390625e+02 1.473543395996093750e+02
2.275307922363281250e+02 2.275033874511718750e+02
4.179215087890625000e+02 4.178444824218750000e+02
1.843008270263671875e+02 1.844256286621093750e+02
2.661754455566406250e+02 2.662929992675781250e+02
3.311951293945312500e+02 3.311242980957031250e+02
2.609972229003906250e+02 2.610633239746093750e+02
1.594566955566406250e+02 1.595126342773437500e+02
3.350376586914062500e+02 3.352038269042968750e+02
1.400066986083984375e+02 1.400882568359375000e+02
3.613834838867187500e+02 3.615525512695312500e+02
2.369184722900390625e+02 2.368404235839843750e+02
1.854746856689453125e+02 1.855298614501953125e+02
2.276797790527343750e+02 2.277609100341796875e+02
3.574060058593750000e+02 3.576784362792968750e+02
3.486123657226562500e+02 3.486291198730468750e+02
2.671184387207031250e+02 2.670358581542968750e+02
2.237929687500000000e+02 2.239709167480468750e+02
1.759182281494140625e+02 1.760029754638671875e+02
3.969196777343750000e+02 3.969790344238281250e+02
1.988951721191406250e+02 1.989888916015625000e+02
2.486470947265625000e+02 2.483961639404296875e+02
2.607333068847656250e+02 2.607062988281250000e+02
2.258191986083984375e+02 2.259905700683593750e+02
3.515094299316406250e+02 3.517999877929687500e+02
1.696996765136718750e+02 1.698411712646484375e+02
2.415963287353515625e+02 2.415517578125000000e+02
3.577852172851562500e+02 3.578226318359375000e+02
1.521508026123046875e+02 1.520116577148437500e+02
2.260359954833984375e+02 2.261790008544921875e+02
3.630872802734375000e+02 3.631871948242187500e+02
2.900325012207031250e+02 2.899715576171875000e+02
3.702095031738281250e+02 3.703442077636718750e+02
3.488323059082031250e+02 3.485793457031250000e+02
3.460463562011718750e+02 3.459773254394531250e+02
2.518173522949218750e+02 2.519340209960937500e+02
3.588071899414062500e+02 3.589483947753906250e+02
4.339112243652343750e+02 4.341190185546875000e+02
3.466656799316406250e+02 3.466446228027343750e+02
2.767607421875000000e+02 2.768999023437500000e+02
3.315738830566406250e+02 3.316367797851562500e+02
3.574431152343750000e+02 3.571405334472656250e+02
1.880449829101562500e+02 1.878982849121093750e+02
4.047626037597656250e+02 4.049738769531250000e+02
3.932586059570312500e+02 3.933635253906250000e+02
1.880480346679687500e+02 1.880553131103515625e+02
3.903134765625000000e+02 3.903783264160156250e+02
1.354248809814453125e+02 1.356292114257812500e+02
3.325206909179687500e+02 3.324965209960937500e+02
2.256239318847656250e+02 2.254761810302734375e+02
3.791546020507812500e+02 3.792344360351562500e+02
2.521123352050781250e+02 2.523787078857421875e+02
1.666369628906250000e+02 1.665716705322265625e+02
1.913598937988281250e+02 1.913389892578125000e+02
2.392886199951171875e+02 2.388941955566406250e+02
1.709274749755859375e+02 1.710972137451171875e+02
2.109862060546875000e+02 2.109344329833984375e+02
2.385928649902343750e+02 2.384349975585937500e+02
1.748324737548828125e+02 1.748211975097656250e+02
1.819406890869140625e+02 1.816713867187500000e+02
2.271633300781250000e+02 2.274014282226562500e+02
2.890476379394531250e+02 2.891127014160156250e+02
2.601148376464843750e+02 2.603493041992187500e+02
1.759145202636718750e+02 1.760922698974609375e+02
2.458592681884765625e+02 2.461429901123046875e+02
3.586542358398437500e+02 3.587844238281250000e+02
3.457388610839843750e+02 3.459104309082031250e+02
1.758229980468750000e+02 1.760499725341796875e+02
4.259371643066406250e+02 4.259010925292968750e+02
3.460403137207031250e+02 3.468251342773437500e+02
2.258925323486328125e+02 2.260791625976562500e+02
2.542188415527343750e+02 2.543510131835937500e+02
3.082249755859375000e+02 3.082976074218750000e+02
1.590178070068359375e+02 1.591581115722656250e+02
1.966812438964843750e+02 1.967600860595703125e+02
1.932092742919921875e+02 1.930957183837890625e+02
3.647301025390625000e+02 3.648474731445312500e+02
3.473723754882812500e+02 3.480647583007812500e+02
1.507194366455078125e+02 1.505572967529296875e+02
1.787027587890625000e+02 1.789875335693359375e+02
3.786443786621093750e+02 3.786468811035156250e+02
1.730191345214843750e+02 1.731646423339843750e+02
3.645515441894531250e+02 3.647535095214843750e+02
2.161765594482421875e+02 2.161864013671875000e+02
1.871796112060546875e+02 1.871586456298828125e+02
3.775074157714843750e+02 3.775959167480468750e+02
1.980614318847656250e+02 1.980496368408203125e+02
1.576934204101562500e+02 1.577260894775390625e+02
4.148604125976562500e+02 4.149171142578125000e+02
2.202376861572265625e+02 2.200806427001953125e+02
1.848601684570312500e+02 1.849989318847656250e+02
1.827281036376953125e+02 1.826751556396484375e+02
1.797407989501953125e+02 1.797712097167968750e+02
1.478963317871093750e+02 1.479979553222656250e+02
3.348319396972656250e+02 3.349839477539062500e+02
2.444488983154296875e+02 2.442579040527343750e+02
3.465696716308593750e+02 3.472656860351562500e+02
3.319403991699218750e+02 3.321233825683593750e+02
1.606677093505859375e+02 1.607288055419921875e+02
2.483057403564453125e+02 2.485429687500000000e+02
1.792611999511718750e+02 1.792803039550781250e+02
1.486592407226562500e+02 1.486234893798828125e+02
3.318592224121093750e+02 3.324343872070312500e+02
1.911641235351562500e+02 1.913363952636718750e+02
2.727770385742187500e+02 2.730314941406250000e+02
3.099185485839843750e+02 3.101746520996093750e+02
1.677897186279296875e+02 1.677249603271484375e+02
3.631747741699218750e+02 3.631989440917968750e+02
3.649732055664062500e+02 3.653620300292968750e+02
3.481032714843750000e+02 3.479158020019531250e+02
2.467169799804687500e+02 2.464646759033203125e+02
2.217805633544921875e+02 2.218954315185546875e+02
3.691936340332031250e+02 3.694302062988281250e+02
2.252590179443359375e+02 2.251606292724609375e+02
2.564865722656250000e+02 2.567696533203125000e+02
3.646161804199218750e+02 3.646748046875000000e+02
1.603005981445312500e+02 1.602040252685546875e+02
3.471150207519531250e+02 3.469986267089843750e+02
1.287212982177734375e+02 1.290393829345703125e+02
4.226066894531250000e+02 4.228998413085937500e+02
2.368175964355468750e+02 2.370921936035156250e+02
3.307525634765625000e+02 3.309112854003906250e+02
3.792132873535156250e+02 3.793404235839843750e+02
2.367287292480468750e+02 2.367958679199218750e+02
2.339742431640625000e+02 2.341209106445312500e+02
1.701140594482421875e+02 1.701244659423828125e+02
1.571160278320312500e+02 1.573177337646484375e+02
3.318439025878906250e+02 3.321521301269531250e+02
3.586718750000000000e+02 3.589357299804687500e+02
1.660326690673828125e+02 1.662899169921875000e+02
3.616356506347656250e+02 3.617545776367187500e+02
1.851289062500000000e+02 1.853340301513671875e+02
1.985281219482421875e+02 1.985498352050781250e+02
3.478707580566406250e+02 3.479015197753906250e+02
2.341010894775390625e+02 2.339420318603515625e+02
1.809803924560546875e+02 1.809731140136718750e+02
1.269821395874023438e+02 1.270955810546875000e+02
2.636825561523437500e+02 2.639313659667968750e+02
3.477925109863281250e+02 3.481330566406250000e+02
3.313711242675781250e+02 3.313440856933593750e+02
1.775928039550781250e+02 1.777383117675781250e+02
2.969259338378906250e+02 2.969023132324218750e+02
2.835087280273437500e+02 2.835380554199218750e+02
2.259218597412109375e+02 2.260811004638671875e+02
1.822241973876953125e+02 1.823276824951171875e+02
1.849475708007812500e+02 1.851689453125000000e+02
2.260660705566406250e+02 2.260071868896484375e+02
3.322903747558593750e+02 3.317785034179687500e+02
1.722277069091796875e+02 1.721996002197265625e+02
1.818293457031250000e+02 1.820012359619140625e+02
3.578400573730468750e+02 3.578414306640625000e+02
1.566189727783203125e+02 1.567004089355468750e+02
2.359542236328125000e+02 2.362221527099609375e+02
2.363464813232421875e+02 2.366228942871093750e+02
1.521642456054687500e+02 1.523972473144531250e+02
2.609543457031250000e+02 2.609396667480468750e+02
2.919581909179687500e+02 2.920289611816406250e+02
2.611292724609375000e+02 2.609809570312500000e+02
1.777800140380859375e+02 1.776749725341796875e+02
1.439980468750000000e+02 1.440428466796875000e+02
3.762682189941406250e+02 3.764337463378906250e+02
2.062159423828125000e+02 2.061268920898437500e+02
1.470638427734375000e+02 1.470452423095703125e+02
4.608920593261718750e+02 4.613804931640625000e+02
3.631204528808593750e+02 3.632959289550781250e+02
1.794324035644531250e+02 1.794252166748046875e+02
3.920471191406250000e+02 3.922170104980468750e+02
4.118758850097656250e+02 4.119533081054687500e+02
1.976625671386718750e+02 1.975849304199218750e+02
1.773658752441406250e+02 1.773022155761718750e+02
2.106423034667968750e+02 2.107148742675781250e+02
2.390602722167968750e+02 2.390395050048828125e+02
2.655114440917968750e+02 2.658129272460937500e+02
2.218109741210937500e+02 2.218495025634765625e+02
2.133948059082031250e+02 2.134582061767578125e+02
2.482042541503906250e+02 2.482871093750000000e+02
1.994980926513671875e+02 1.996434936523437500e+02
1.827168426513671875e+02 1.826903228759765625e+02
3.307947692871093750e+02 3.315830993652343750e+02
1.887964019775390625e+02 1.886676483154296875e+02
1.859371185302734375e+02 1.857294464111328125e+02
1.894319915771484375e+02 1.894978027343750000e+02
2.325363006591796875e+02 2.327849884033203125e+02
1.709518585205078125e+02 1.710609130859375000e+02
3.465382690429687500e+02 3.463850402832031250e+02
2.608081970214843750e+02 2.606258544921875000e+02
2.309140319824218750e+02 2.310119934082031250e+02
3.652351074218750000e+02 3.654967651367187500e+02
2.439282989501953125e+02 2.435904693603515625e+02
1.468443298339843750e+02 1.469552764892578125e+02
2.403795928955078125e+02 2.404954986572265625e+02
3.247495422363281250e+02 3.249974670410156250e+02
2.538701324462890625e+02 2.536197357177734375e+02
1.743705291748046875e+02 1.743511810302734375e+02
2.467628479003906250e+02 2.464756622314453125e+02
2.257263793945312500e+02 2.256604156494140625e+02
4.078372802734375000e+02 4.078359375000000000e+02
1.884002380371093750e+02 1.884114685058593750e+02
3.327942810058593750e+02 3.328355407714843750e+02
1.768177185058593750e+02 1.769560852050781250e+02
1.919720764160156250e+02 1.919410552978515625e+02
3.349252319335937500e+02 3.351014404296875000e+02
3.042545166015625000e+02 3.041416320800781250e+02
3.615440673828125000e+02 3.621518249511718750e+02
4.265124816894531250e+02 4.266786499023437500e+02
2.012362823486328125e+02 2.011719360351562500e+02
3.035096130371093750e+02 3.033706665039062500e+02
1.667646026611328125e+02 1.667721557617187500e+02
1.749516143798828125e+02 1.749263153076171875e+02
2.387562408447265625e+02 2.385592498779296875e+02
2.326489105224609375e+02 2.327142944335937500e+02
2.580972290039062500e+02 2.577798461914062500e+02
1.952087554931640625e+02 1.952908325195312500e+02
3.464162597656250000e+02 3.466017150878906250e+02
1.770252227783203125e+02 1.770462951660156250e+02
2.438273925781250000e+02 2.438973846435546875e+02
2.523578643798828125e+02 2.522881927490234375e+02
2.424563751220703125e+02 2.425558319091796875e+02
3.711472167968750000e+02 3.714282531738281250e+02
3.344833679199218750e+02 3.346260375976562500e+02
1.624503631591796875e+02 1.625253295898437500e+02
2.701601257324218750e+02 2.700516052246093750e+02
3.470543823242187500e+02 3.471399230957031250e+02
2.394246368408203125e+02 2.397130432128906250e+02
2.469229278564453125e+02 2.466920623779296875e+02
2.340322875976562500e+02 2.339340209960937500e+02
3.654221801757812500e+02 3.658271789550781250e+02
2.333693542480468750e+02 2.332443542480468750e+02
1.419434051513671875e+02 1.419006347656250000e+02
3.319931640625000000e+02 3.317757873535156250e+02
1.581948547363281250e+02 1.582241973876953125e+02
3.630654907226562500e+02 3.630950317382812500e+02
2.611656494140625000e+02 2.612297668457031250e+02
1.484692993164062500e+02 1.487432708740234375e+02
1.910149536132812500e+02 1.910429077148437500e+02
1.885688629150390625e+02 1.885108642578125000e+02
3.960665588378906250e+02 3.963093261718750000e+02
1.827966613769531250e+02 1.826927032470703125e+02
1.811087036132812500e+02 1.811154479980468750e+02
3.167581176757812500e+02 3.166900329589843750e+02
4.172071533203125000e+02 4.173565063476562500e+02
2.387143096923828125e+02 2.388331298828125000e+02
2.392101135253906250e+02 2.393047790527343750e+02
2.963485107421875000e+02 2.964344177246093750e+02
2.543017883300781250e+02 2.539652862548828125e+02
1.821472320556640625e+02 1.820368804931640625e+02
1.565910034179687500e+02 1.567202148437500000e+02
2.166811981201171875e+02 2.166866607666015625e+02
3.592362060546875000e+02 3.594527893066406250e+02
3.321698913574218750e+02 3.323203125000000000e+02
1.907822265625000000e+02 1.906339569091796875e+02
2.458258514404296875e+02 2.458133697509765625e+02
2.333179473876953125e+02 2.333178253173828125e+02
3.674519653320312500e+02 3.676475830078125000e+02
1.768845367431640625e+02 1.770929412841796875e+02
1.725021209716796875e+02 1.725404205322265625e+02
3.977388610839843750e+02 3.979544982910156250e+02
2.871373291015625000e+02 2.874216003417968750e+02
3.957601623535156250e+02 3.960338134765625000e+02
3.615885314941406250e+02 3.619118041992187500e+02
1.428058319091796875e+02 1.431622924804687500e+02
3.934265747070312500e+02 3.937157287597656250e+02
3.574318237304687500e+02 3.579154968261718750e+02
3.321994018554687500e+02 3.321159057617187500e+02
3.671574096679687500e+02 3.671843872070312500e+02
3.322578125000000000e+02 3.323985900878906250e+02
3.488602905273437500e+02 3.489267883300781250e+02
2.880803833007812500e+02 2.881056518554687500e+02
2.499817657470703125e+02 2.502376098632812500e+02
2.722341003417968750e+02 2.722395324707031250e+02
3.318422241210937500e+02 3.318796386718750000e+02
2.651262512207031250e+02 2.652333068847656250e+02
3.613364562988281250e+02 3.610983886718750000e+02
3.317036743164062500e+02 3.317590942382812500e+02
3.649358520507812500e+02 3.652633666992187500e+02
2.274579772949218750e+02 2.274142150878906250e+02
1.427071990966796875e+02 1.426824188232421875e+02
2.258699493408203125e+02 2.258505554199218750e+02
3.993786926269531250e+02 3.994856262207031250e+02
1.809354095458984375e+02 1.810153350830078125e+02
3.680980224609375000e+02 3.684414062500000000e+02
1.963384094238281250e+02 1.962746429443359375e+02
1.816855926513671875e+02 1.816878051757812500e+02
2.362607116699218750e+02 2.363321838378906250e+02
2.539863281250000000e+02 2.538250732421875000e+02
3.348107604980468750e+02 3.349769592285156250e+02
2.608022766113281250e+02 2.609195861816406250e+02
3.455118408203125000e+02 3.457838745117187500e+02
3.076375122070312500e+02 3.076793518066406250e+02
3.120173950195312500e+02 3.123398742675781250e+02
2.382481079101562500e+02 2.383573913574218750e+02
3.352601928710937500e+02 3.354704589843750000e+02
2.483149566650390625e+02 2.485155181884765625e+02
1.630234680175781250e+02 1.630514221191406250e+02
3.828230895996093750e+02 3.830123901367187500e+02
2.482607421875000000e+02 2.483762207031250000e+02
1.586430511474609375e+02 1.589288635253906250e+02
1.734858245849609375e+02 1.733385925292968750e+02
2.541569824218750000e+02 2.540125579833984375e+02
3.353301391601562500e+02 3.355683288574218750e+02
4.463474426269531250e+02 4.466254272460937500e+02
3.320463562011718750e+02 3.318208007812500000e+02
2.573019104003906250e+02 2.573744201660156250e+02
2.346456756591796875e+02 2.345345001220703125e+02
2.074015350341796875e+02 2.073380584716796875e+02
1.658420104980468750e+02 1.657566680908203125e+02
1.750985260009765625e+02 1.752500305175781250e+02
3.893967895507812500e+02 3.893876647949218750e+02
3.473378601074218750e+02 3.473795166015625000e+02
1.682375640869140625e+02 1.682136993408203125e+02
1.502656860351562500e+02 1.503573608398437500e+02
3.317650756835937500e+02 3.321475830078125000e+02
2.222051849365234375e+02 2.221361999511718750e+02
2.104148712158203125e+02 2.103318328857421875e+02
1.941674499511718750e+02 1.940520172119140625e+02
3.353773803710937500e+02 3.355501098632812500e+02
2.582726135253906250e+02 2.583905029296875000e+02
1.849929504394531250e+02 1.851256561279296875e+02
3.578464355468750000e+02 3.580822143554687500e+02
3.356675720214843750e+02 3.358272399902343750e+02
3.463410034179687500e+02 3.465328369140625000e+02
2.254051818847656250e+02 2.255849914550781250e+02
1.524924468994140625e+02 1.525526885986328125e+02
3.470559082031250000e+02 3.471385498046875000e+02
1.993386383056640625e+02 1.993435668945312500e+02
2.765131835937500000e+02 2.764676818847656250e+02
3.581592102050781250e+02 3.583984375000000000e+02
2.569187622070312500e+02 2.565800781250000000e+02
2.601044311523437500e+02 2.600806884765625000e+02
3.589061279296875000e+02 3.592174072265625000e+02
2.108896636962890625e+02 2.108986663818359375e+02
1.910278625488281250e+02 1.909735565185546875e+02
3.321555786132812500e+02 3.323969421386718750e+02
2.660003662109375000e+02 2.660922546386718750e+02
3.014829406738281250e+02 3.015409851074218750e+02
2.031046752929687500e+02 2.029850463867187500e+02
1.607397613525390625e+02 1.607196044921875000e+02
3.651315002441406250e+02 3.652905883789062500e+02
2.106382141113281250e+02 2.106877593994140625e+02
3.684643249511718750e+02 3.687467651367187500e+02
4.010457153320312500e+02 4.014907226562500000e+02
2.406453399658203125e+02 2.405664978027343750e+02
3.639242858886718750e+02 3.640910949707031250e+02
2.409038238525390625e+02 2.410052185058593750e+02
4.381061401367187500e+02 4.382676086425781250e+02
2.020004119873046875e+02 2.018682098388671875e+02
3.592596740722656250e+02 3.595499877929687500e+02
1.842680969238281250e+02 1.845577697753906250e+02
3.439964904785156250e+02 3.441311340332031250e+02
1.694657592773437500e+02 1.694695892333984375e+02
1.753532257080078125e+02 1.753416137695312500e+02
1.760859069824218750e+02 1.761898345947265625e+02
1.702549438476562500e+02 1.702994079589843750e+02
1.764661254882812500e+02 1.766569061279296875e+02
2.257310791015625000e+02 2.258086853027343750e+02
1.706157379150390625e+02 1.703811340332031250e+02
2.629651184082031250e+02 2.629719238281250000e+02
1.732108764648437500e+02 1.733100128173828125e+02
1.856161041259765625e+02 1.855933990478515625e+02
3.320446472167968750e+02 3.321036071777343750e+02
3.457562866210937500e+02 3.458954467773437500e+02
1.688350372314453125e+02 1.688876190185546875e+02
2.669876403808593750e+02 2.668677673339843750e+02
1.590562591552734375e+02 1.592085723876953125e+02
2.655060729980468750e+02 2.655960693359375000e+02
1.762171173095703125e+02 1.762085266113281250e+02
1.727992553710937500e+02 1.730088043212890625e+02
1.823535308837890625e+02 1.823309326171875000e+02
3.814035949707031250e+02 3.813006286621093750e+02
1.697638549804687500e+02 1.696360931396484375e+02
3.763347167968750000e+02 3.763690490722656250e+02
2.601482238769531250e+02 2.603363037109375000e+02
1.898541564941406250e+02 1.897658081054687500e+02
4.113380432128906250e+02 4.114089660644531250e+02
3.513319702148437500e+02 3.517713623046875000e+02
1.736421966552734375e+02 1.735802001953125000e+02
1.808885955810546875e+02 1.806946716308593750e+02
1.706297760009765625e+02 1.705660552978515625e+02
3.320446777343750000e+02 3.321198730468750000e+02
2.602764282226562500e+02 2.602588500976562500e+02
1.839976806640625000e+02 1.837078399658203125e+02
3.461613464355468750e+02 3.462638854980468750e+02
4.207578125000000000e+02 4.209414978027343750e+02
3.566981506347656250e+02 3.571041259765625000e+02
1.762444305419921875e+02 1.761080017089843750e+02
1.800618133544921875e+02 1.800022125244140625e+02
1.414727478027343750e+02 1.413791351318359375e+02
2.542742767333984375e+02 2.540943603515625000e+02
1.799263305664062500e+02 1.799084472656250000e+02
1.582171630859375000e+02 1.581747894287109375e+02
3.650763854980468750e+02 3.648218383789062500e+02
3.825022583007812500e+02 3.825452880859375000e+02
3.861542663574218750e+02 3.862984924316406250e+02
3.929257202148437500e+02 3.929922180175781250e+02
2.012999572753906250e+02 2.012978515625000000e+02
2.340609436035156250e+02 2.340754241943359375e+02
2.820454711914062500e+02 2.820781250000000000e+02
2.840639648437500000e+02 2.840727539062500000e+02
3.596751403808593750e+02 3.597897033691406250e+02
1.512032012939453125e+02 1.512520599365234375e+02
1.792395477294921875e+02 1.792691345214843750e+02
1.932314300537109375e+02 1.932756652832031250e+02
3.799354553222656250e+02 3.802434387207031250e+02
2.257558746337890625e+02 2.258605957031250000e+02
3.574948730468750000e+02 3.574829711914062500e+02
3.677018737792968750e+02 3.676833496093750000e+02
1.939738769531250000e+02 1.940980224609375000e+02
1.853027496337890625e+02 1.853177795410156250e+02
3.648339538574218750e+02 3.649096679687500000e+02
1.622723999023437500e+02 1.624514465332031250e+02
2.086295013427734375e+02 2.087112121582031250e+02
1.772991180419921875e+02 1.772519378662109375e+02
1.592948608398437500e+02 1.593321228027343750e+02
1.616830291748046875e+02 1.618034820556640625e+02
1.622736663818359375e+02 1.621606903076171875e+02
3.455770874023437500e+02 3.454689941406250000e+02
2.935121459960937500e+02 2.936569519042968750e+02
2.361165771484375000e+02 2.360581817626953125e+02
2.386192169189453125e+02 2.384589385986328125e+02
3.836197814941406250e+02 3.837101745605468750e+02
1.794669494628906250e+02 1.794007415771484375e+02
1.638889007568359375e+02 1.641317291259765625e+02
3.480974426269531250e+02 3.481090698242187500e+02
2.026143646240234375e+02 2.025884094238281250e+02
1.483426208496093750e+02 1.485192413330078125e+02
3.649909362792968750e+02 3.651441650390625000e+02
2.382475585937500000e+02 2.383578948974609375e+02
2.276065368652343750e+02 2.276330566406250000e+02
3.690668640136718750e+02 3.692214965820312500e+02
3.854610595703125000e+02 3.854207153320312500e+02
1.422581634521484375e+02 1.424864501953125000e+02
1.683427429199218750e+02 1.682564086914062500e+02
1.835562133789062500e+02 1.834090881347656250e+02
3.696629028320312500e+02 3.700454711914062500e+02
3.474894714355468750e+02 3.477457580566406250e+02
1.964454498291015625e+02 1.963632354736328125e+02
2.352923736572265625e+02 2.352540435791015625e+02
3.481612548828125000e+02 3.483264770507812500e+02
2.667244873046875000e+02 2.668484497070312500e+02
3.645395812988281250e+02 3.647928466796875000e+02
3.642408142089843750e+02 3.642936096191406250e+02
1.764395599365234375e+02 1.764568634033203125e+02
1.825554046630859375e+02 1.825919799804687500e+02
2.467087860107421875e+02 2.462426757812500000e+02
2.327551116943359375e+02 2.326348724365234375e+02
1.506475677490234375e+02 1.507671813964843750e+02
2.678855895996093750e+02 2.676637878417968750e+02
2.568591918945312500e+02 2.567383422851562500e+02
2.050494537353515625e+02 2.049589385986328125e+02
1.585853881835937500e+02 1.585439147949218750e+02
4.189458312988281250e+02 4.193471069335937500e+02
2.122478027343750000e+02 2.124070892333984375e+02
3.582427673339843750e+02 3.582114868164062500e+02
3.593347167968750000e+02 3.595796813964843750e+02
1.574532928466796875e+02 1.574125823974609375e+02
3.476441650390625000e+02 3.475375976562500000e+02
2.202837066650390625e+02 2.202816619873046875e+02
2.161405639648437500e+02 2.160798950195312500e+02
2.304214477539062500e+02 2.305085906982421875e+02
1.875835113525390625e+02 1.875021209716796875e+02
3.657479553222656250e+02 3.658765869140625000e+02
1.781559753417968750e+02 1.783108062744140625e+02
1.850085449218750000e+02 1.850212860107421875e+02
2.665760803222656250e+02 2.667533264160156250e+02
3.671684265136718750e+02 3.672511596679687500e+02
3.349220886230468750e+02 3.350592346191406250e+02
3.853265380859375000e+02 3.853961791992187500e+02
3.678549194335937500e+02 3.679202575683593750e+02
2.385435333251953125e+02 2.385760498046875000e+02
3.511200561523437500e+02 3.513666381835937500e+02
1.418047332763671875e+02 1.419259796142578125e+02
3.318615112304687500e+02 3.321660766601562500e+02
2.219102172851562500e+02 2.218857727050781250e+02
3.787092895507812500e+02 3.788809814453125000e+02
3.587319335937500000e+02 3.591410522460937500e+02
4.269519958496093750e+02 4.270128784179687500e+02
4.102942199707031250e+02 4.103636169433593750e+02
2.388700714111328125e+02 2.388103332519531250e+02
3.317466430664062500e+02 3.320708007812500000e+02
1.736035003662109375e+02 1.736638793945312500e+02
1.747950286865234375e+02 1.747555694580078125e+02
2.450021057128906250e+02 2.450410156250000000e+02
2.385713958740234375e+02 2.386715698242187500e+02
1.608681335449218750e+02 1.609354553222656250e+02
3.470742187500000000e+02 3.473562011718750000e+02
1.405454101562500000e+02 1.404698333740234375e+02
1.938446044921875000e+02 1.937555084228515625e+02
2.702633056640625000e+02 2.702666931152343750e+02
1.976138763427734375e+02 1.975346527099609375e+02
3.612648925781250000e+02 3.612485351562500000e+02
4.054632263183593750e+02 4.056044311523437500e+02
3.460769042968750000e+02 3.462658996582031250e+02
3.475321044921875000e+02 3.473726806640625000e+02
3.319671630859375000e+02 3.323531799316406250e+02
1.563057250976562500e+02 1.563495635986328125e+02
1.608813018798828125e+02 1.608083801269531250e+02
2.053928527832031250e+02 2.054321441650390625e+02
2.576996459960937500e+02 2.573768005371093750e+02
1.718514709472656250e+02 1.718544006347656250e+02
2.510689239501953125e+02 2.510509490966796875e+02
1.471753082275390625e+02 1.473449707031250000e+02
2.275307922363281250e+02 2.274152374267578125e+02
4.179215087890625000e+02 4.182653808593750000e+02
1.843008270263671875e+02 1.842710113525390625e+02
2.661754455566406250e+02 2.661658630371093750e+02
3.311951293945312500e+02 3.313974609375000000e+02
2.609972229003906250e+02 2.609474792480468750e+02
1.594566955566406250e+02 1.593680267333984375e+02
3.350376586914062500e+02 3.355332641601562500e+02
1.400066986083984375e+02 1.402204284667968750e+02
3.613834838867187500e+02 3.615402526855468750e+02
2.369184722900390625e+02 2.371387481689453125e+02
1.854746856689453125e+02 1.852693023681640625e+02
2.276797790527343750e+02 2.277348632812500000e+02
3.574060058593750000e+02 3.580662841796875000e+02
3.486123657226562500e+02 3.488390808105468750e+02
2.671184387207031250e+02 2.672387084960937500e+02
2.237929687500000000e+02 2.238460235595703125e+02
1.759182281494140625e+02 1.758506622314453125e+02
3.969196777343750000e+02 3.972236938476562500e+02
1.988951721191406250e+02 1.988891906738281250e+02
2.486470947265625000e+02 2.486204528808593750e+02
2.607333068847656250e+02 2.609378967285156250e+02
2.258191986083984375e+02 2.259214172363281250e+02
3.515094299316406250e+02 3.514494628906250000e+02
1.696996765136718750e+02 1.698413543701171875e+02
2.415963287353515625e+02 2.416324615478515625e+02
3.577852172851562500e+02 3.577854919433593750e+02
1.521508026123046875e+02 1.520836029052734375e+02
2.260359954833984375e+02 2.265355529785156250e+02
3.630872802734375000e+02 3.633051452636718750e+02
2.900325012207031250e+02 2.898712463378906250e+02
3.702095031738281250e+02 3.704935302734375000e+02
3.488323059082031250e+02 3.485462341308593750e+02
3.460463562011718750e+02 3.461824951171875000e+02
2.518173522949218750e+02 2.517753295898437500e+02
3.588071899414062500e+02 3.589114990234375000e+02
4.339112243652343750e+02 4.341863098144531250e+02
3.466656799316406250e+02 3.470463256835937500e+02
2.767607421875000000e+02 2.768446350097656250e+02
3.315738830566406250e+02 3.318271484375000000e+02
3.574431152343750000e+02 3.576499328613281250e+02
1.880449829101562500e+02 1.881991577148437500e+02
4.047626037597656250e+02 4.048304138183593750e+02
3.932586059570312500e+02 3.934479064941406250e+02
1.880480346679687500e+02 1.879282531738281250e+02
3.903134765625000000e+02 3.902886352539062500e+02
1.354248809814453125e+02 1.355352630615234375e+02
3.325206909179687500e+02 3.326256713867187500e+02
2.256239318847656250e+02 2.258628234863281250e+02
3.791546020507812500e+02 3.792336730957031250e+02
2.521123352050781250e+02 2.521134338378906250e+02
1.666369628906250000e+02 1.665523223876953125e+02
1.913598937988281250e+02 1.913458404541015625e+02
2.392886199951171875e+02 2.391535949707031250e+02
1.709274749755859375e+02 1.711745300292968750e+02
2.109862060546875000e+02 2.111315765380859375e+02
2.385928649902343750e+02 2.387784729003906250e+02
1.748324737548828125e+02 1.746687316894531250e+02
1.819406890869140625e+02 1.818924255371093750e+02
2.271633300781250000e+02 2.273922576904296875e+02
2.890476379394531250e+02 2.892379760742187500e+02
2.601148376464843750e+02 2.602901916503906250e+02
1.759145202636718750e+02 1.761732635498046875e+02
2.458592681884765625e+02 2.459454498291015625e+02
3.586542358398437500e+02 3.587213134765625000e+02
3.457388610839843750e+02 3.455434875488281250e+02
1.758229980468750000e+02 1.759176483154296875e+02
4.259371643066406250e+02 4.261007080078125000e+02
3.460403137207031250e+02 3.458002014160156250e+02
2.258925323486328125e+02 2.258730468750000000e+02
2.542188415527343750e+02 2.544698181152343750e+02
3.082249755859375000e+02 3.081947326660156250e+02
1.590178070068359375e+02 1.591512298583984375e+02
1.966812438964843750e+02 1.968274993896484375e+02
1.932092742919921875e+02 1.932025299072265625e+02
3.647301025390625000e+02 3.650349121093750000e+02
3.473723754882812500e+02 3.476199645996093750e+02
1.507194366455078125e+02 1.508509368896484375e+02
1.787027587890625000e+02 1.787738189697265625e+02
3.786443786621093750e+02 3.786420593261718750e+02
1.730191345214843750e+02 1.728104095458984375e+02
3.645515441894531250e+02 3.646280212402343750e+02
2.161765594482421875e+02 2.159481658935546875e+02
1.871796112060546875e+02 1.871013641357421875e+02
3.775074157714843750e+02 3.777168884277343750e+02
1.980614318847656250e+02 1.981741485595703125e+02
1.576934204101562500e+02 1.575985565185546875e+02
4.148604125976562500e+02 4.149552612304687500e+02
2.202376861572265625e+02 2.203007354736328125e+02
1.848601684570312500e+02 1.848875885009765625e+02
1.827281036376953125e+02 1.824670715332031250e+02
1.797407989501953125e+02 1.797240600585937500e+02
1.478963317871093750e+02 1.478972778320312500e+02
3.348319396972656250e+02 3.354735412597656250e+02
2.444488983154296875e+02 2.439748077392578125e+02
3.465696716308593750e+02 3.464976806640625000e+02
3.319403991699218750e+02 3.317277526855468750e+02
1.606677093505859375e+02 1.608193206787109375e+02
2.483057403564453125e+02 2.484440155029296875e+02
1.792611999511718750e+02 1.793082122802734375e+02
1.486592407226562500e+02 1.485281372070312500e+02
3.318592224121093750e+02 3.318695983886718750e+02
1.911641235351562500e+02 1.911831512451171875e+02
2.727770385742187500e+02 2.728906860351562500e+02
3.099185485839843750e+02 3.099363708496093750e+02
1.677897186279296875e+02 1.677033233642578125e+02
3.631747741699218750e+02 3.633284606933593750e+02
3.649732055664062500e+02 3.648325195312500000e+02
3.481032714843750000e+02 3.482901306152343750e+02
2.467169799804687500e+02 2.464160919189453125e+02
2.217805633544921875e+02 2.217707672119140625e+02
3.691936340332031250e+02 3.693579711914062500e+02
2.252590179443359375e+02 2.253961029052734375e+02
2.564865722656250000e+02 2.563987426757812500e+02
3.646161804199218750e+02 3.648895263671875000e+02
1.603005981445312500e+02 1.605013580322265625e+02
3.471150207519531250e+02 3.472443237304687500e+02
1.287212982177734375e+02 1.287321777343750000e+02
4.226066894531250000e+02 4.226428222656250000e+02
2.368175964355468750e+02 2.368385467529296875e+02
3.307525634765625000e+02 3.313058776855468750e+02
3.792132873535156250e+02 3.791106872558593750e+02
2.367287292480468750e+02 2.366515960693359375e+02
2.339742431640625000e+02 2.338764648437500000e+02
1.701140594482421875e+02 1.699952545166015625e+02
1.571160278320312500e+02 1.573027954101562500e+02
3.318439025878906250e+02 3.321698608398437500e+02
3.586718750000000000e+02 3.588901367187500000e+02
1.660326690673828125e+02 1.662610168457031250e+02
3.616356506347656250e+02 3.615407104492187500e+02
1.851289062500000000e+02 1.853329467773437500e+02
1.985281219482421875e+02 1.985601501464843750e+02
3.478707580566406250e+02 3.481118774414062500e+02
2.341010894775390625e+02 2.345357208251953125e+02
1.809803924560546875e+02 1.809017944335937500e+02
1.269821395874023438e+02 1.272409439086914062e+02
2.636825561523437500e+02 2.637950134277343750e+02
3.477925109863281250e+02 3.480594482421875000e+02
