1.227775821462273598e-03 2.989582484588027000e-03
1.182961161248385906e-03 3.016691189259290695e-03
1.177492435090243816e-03 3.045650431886315346e-03
1.211205846630036831e-03 3.029601648449897766e-03
1.203423249535262585e-03 3.110504476353526115e-03
1.227372325956821442e-03 2.994237933307886124e-03
1.206945278681814671e-03 3.040602663531899452e-03
1.230988185852766037e-03 3.038649214431643486e-03
1.186750247143208981e-03 3.035503672435879707e-03
1.241662655957043171e-03 2.997580217197537422e-03
1.188095426186919212e-03 3.076971275731921196e-03
1.288020168431103230e-03 3.062828443944454193e-03
1.307800994254648685e-03 3.075639717280864716e-03
1.291627879254519939e-03 3.114133840426802635e-03
1.260441262274980545e-03 3.139524487778544426e-03
1.304612960666418076e-03 3.058328526094555855e-03
1.220619305968284607e-03 3.104195231571793556e-03
1.233246293850243092e-03 3.057627938687801361e-03
1.201736507937312126e-03 3.034389112144708633e-03
1.206617685966193676e-03 3.022556658834218979e-03
1.251042820513248444e-03 3.083610441535711288e-03
1.286514336243271828e-03 3.063292708247900009e-03
1.257006661035120487e-03 3.008901607245206833e-03
1.270885230042040348e-03 3.060950897634029388e-03
1.214157091453671455e-03 3.020835807546973228e-03
1.220115926116704941e-03 3.032701089978218079e-03
1.309877028688788414e-03 3.125904826447367668e-03
1.217119861394166946e-03 2.994520124047994614e-03
1.227407716214656830e-03 3.076132154092192650e-03
1.243489678017795086e-03 3.020854899659752846e-03
1.249780878424644470e-03 3.029982792213559151e-03
1.271114684641361237e-03 3.043638309463858604e-03
1.241799676790833473e-03 3.066562581807374954e-03
1.247069565579295158e-03 3.025996731594204903e-03
1.172995544038712978e-03 3.032871289178729057e-03
1.213496201671659946e-03 2.987161045894026756e-03
1.222757156938314438e-03 3.045141929760575294e-03
1.196928089484572411e-03 3.041405463591217995e-03
1.251110807061195374e-03 3.112117527052760124e-03
1.312879147008061409e-03 3.070004051551222801e-03
1.239593140780925751e-03 3.070763312280178070e-03
1.225017011165618896e-03 3.126871772110462189e-03
1.240781391970813274e-03 3.005877137184143066e-03
1.198700279928743839e-03 2.980813384056091309e-03
1.231120550073683262e-03 2.985186874866485596e-03
1.248713117092847824e-03 2.977952361106872559e-03
1.226273132488131523e-03 3.005836391821503639e-03
1.251902896910905838e-03 3.009407082572579384e-03
1.219281344674527645e-03 3.004091791808605194e-03
1.201025093905627728e-03 2.995064016431570053e-03
1.221359590999782085e-03 3.057792084291577339e-03
1.228183391503989697e-03 3.469026647508144379e-03
1.511830603703856468e-03 3.043188014999032021e-03
1.268989522941410542e-03 3.139116335660219193e-03
1.284460653550922871e-03 3.060607938095927238e-03
1.258837990462779999e-03 3.054472384974360466e-03
1.225076848641037941e-03 3.057969501242041588e-03
1.203822903335094452e-03 3.157465951517224312e-03
1.382006565108895302e-03 3.189879003912210464e-03
1.358760404400527477e-03 3.099178662523627281e-03
1.322238706052303314e-03 3.017932176589965820e-03
1.215280266478657722e-03 3.068485995754599571e-03
1.188237220048904419e-03 3.058260539546608925e-03
1.187908463180065155e-03 3.046912141144275665e-03
1.226941938512027264e-03 3.040569834411144257e-03
1.403686124831438065e-03 3.114720340818166733e-03
1.251482986845076084e-03 3.039314877241849899e-03
1.306266407482326031e-03 3.077230416238307953e-03
1.215382362715899944e-03 2.994535490870475769e-03
1.197748351842164993e-03 3.020982490852475166e-03
1.245342311449348927e-03 2.972986316308379173e-03
1.328872167505323887e-03 3.127416595816612244e-03
1.213460345752537251e-03 3.027699422091245651e-03
1.313219196163117886e-03 3.123071743175387383e-03
1.260436954908072948e-03 3.027962055057287216e-03
1.214552787132561207e-03 3.026361810043454170e-03
1.204087515361607075e-03 2.953452523797750473e-03
1.239744131453335285e-03 3.015499096363782883e-03
1.220340025611221790e-03 3.019884461537003517e-03
1.212977920658886433e-03 3.051947336643934250e-03
1.241157879121601582e-03 3.009279957041144371e-03
1.210487680509686470e-03 3.004291327670216560e-03
1.238190452568233013e-03 2.953616436570882797e-03
1.292038825340569019e-03 3.056621644645929337e-03
1.311048399657011032e-03 2.996545750647783279e-03
1.268761116079986095e-03 3.098792396485805511e-03
1.338926143944263458e-03 3.052386222407221794e-03
1.180878025479614735e-03 3.036932088434696198e-03
1.253852620720863342e-03 3.027858678251504898e-03
1.309066894464194775e-03 3.017705865204334259e-03
1.218997174873948097e-03 2.983095822855830193e-03
1.217691344209015369e-03 3.000318538397550583e-03
1.249658293090760708e-03 3.157934406772255898e-03
1.229065936058759689e-03 3.059728071093559265e-03
1.255321549251675606e-03 2.997644478455185890e-03
1.202170969918370247e-03 3.063603769987821579e-03
1.233369694091379642e-03 2.987389219924807549e-03
1.396027626469731331e-03 3.125159535557031631e-03
1.478793798014521599e-03 3.263347083702683449e-03
1.370666315779089928e-03 3.057115478441119194e-03
1.283140853047370911e-03 2.957775956019759178e-03
1.185787608847022057e-03 3.021852113306522369e-03
1.243518316186964512e-03 2.991205547004938126e-03
1.189456437714397907e-03 3.050995524972677231e-03
1.197710516862571239e-03 3.035114379599690437e-03
1.257578958757221699e-03 3.129648743197321892e-03
1.190853654406964779e-03 3.029769985005259514e-03
1.234382973052561283e-03 3.049702383577823639e-03
1.206198590807616711e-03 3.012762637808918953e-03
1.190199749544262886e-03 3.024671459570527077e-03
1.260449411347508430e-03 3.052709624171257019e-03
1.252533285878598690e-03 3.065268509089946747e-03
1.292030909098684788e-03 3.040478797629475594e-03
1.317456131801009178e-03 3.111909143626689911e-03
1.257823896594345570e-03 3.128388198092579842e-03
1.297283102758228779e-03 3.029885236173868179e-03
1.200546510517597198e-03 2.985464641824364662e-03
1.181453350000083447e-03 3.044098848477005959e-03
1.257975702174007893e-03 3.093343693763017654e-03
1.278593670576810837e-03 3.050180152058601379e-03
1.210329937748610973e-03 3.080124268308281898e-03
1.251514302566647530e-03 3.111129393801093102e-03
1.243633334524929523e-03 3.016166388988494873e-03
1.290720887482166290e-03 3.068729769438505173e-03
1.271312939934432507e-03 3.049734514206647873e-03
1.250815927051007748e-03 3.058656118810176849e-03
1.221891492605209351e-03 3.038418479263782501e-03
1.174716744571924210e-03 3.087495453655719757e-03
1.192057738080620766e-03 3.069090424105525017e-03
1.216792385093867779e-03 3.010133747011423111e-03
1.293085864745080471e-03 3.108209697529673576e-03
1.294161193072795868e-03 3.040743293240666389e-03
1.206648652441799641e-03 3.006606362760066986e-03
1.195171149447560310e-03 2.972545335069298744e-03
1.188662834465503693e-03 3.095391206443309784e-03
1.260657445527613163e-03 3.129408461973071098e-03
1.259182812646031380e-03 3.061236348003149033e-03
1.221300917677581310e-03 3.035723930224776268e-03
1.194628886878490448e-03 2.992129884660243988e-03
1.219794503413140774e-03 3.039540024474263191e-03
1.255047391168773174e-03 3.191983792930841446e-03
1.227615750394761562e-03 3.004638012498617172e-03
1.262545702047646046e-03 2.997879637405276299e-03
1.276072231121361256e-03 3.090347396209836006e-03
1.294617773965001106e-03 3.104066243395209312e-03
1.209954614751040936e-03 3.031762549653649330e-03
1.234860392287373543e-03 3.061563475057482719e-03
1.239630277268588543e-03 3.168101655319333076e-03
1.369328354485332966e-03 3.069748170673847198e-03
1.193093135952949524e-03 3.103323047980666161e-03
1.208137255162000656e-03 3.056254005059599876e-03
1.261868514120578766e-03 3.023024182766675949e-03
1.193706295453011990e-03 3.006652230396866798e-03
1.264147693291306496e-03 3.287488594651222229e-03
1.328676473349332809e-03 3.102265996858477592e-03
1.203952473588287830e-03 2.965458435937762260e-03
1.221669372171163559e-03 3.227878827601671219e-03
1.416124519892036915e-03 3.389028133824467659e-03
1.364517724141478539e-03 3.099729772657155991e-03
1.322792260907590389e-03 3.079713787883520126e-03
1.253904192708432674e-03 2.987491665408015251e-03
1.240462879650294781e-03 3.039045725017786026e-03
1.168364076875150204e-03 2.990439999848604202e-03
1.277207746170461178e-03 3.044864395633339882e-03
1.249912194907665253e-03 3.027491271495819092e-03
1.185322646051645279e-03 2.972225891426205635e-03
1.230960013344883919e-03 3.145346883684396744e-03
1.223737956024706364e-03 3.014425281435251236e-03
1.221880549564957619e-03 3.048845333978533745e-03
1.227094209752976894e-03 3.002132987603545189e-03
1.203467370942234993e-03 3.107505152001976967e-03
1.295515918172895908e-03 3.427206771448254585e-03
1.477490295656025410e-03 3.532239235937595367e-03
1.426588161848485470e-03 3.048097249120473862e-03
1.304250094108283520e-03 3.035503439605236053e-03
1.232748385518789291e-03 3.020135220140218735e-03
1.192384283058345318e-03 3.046792699024081230e-03
1.233109971508383751e-03 3.121052403002977371e-03
1.360118505544960499e-03 3.127711592242121696e-03
1.370937563478946686e-03 3.025740850716829300e-03
1.272940658964216709e-03 3.039707895368337631e-03
1.181280356831848621e-03 3.001592587679624557e-03
1.186599605716764927e-03 3.039639210328459740e-03
1.248826738446950912e-03 2.978445030748844147e-03
1.288056606426835060e-03 3.058030968531966209e-03
1.204132218845188618e-03 3.062996547669172287e-03
1.244299462996423244e-03 3.026740392670035362e-03
1.311373547650873661e-03 3.050348255783319473e-03
1.318286755122244358e-03 3.180870087817311287e-03
1.211318303830921650e-03 3.064026823267340660e-03
1.229186775162816048e-03 3.064490621909499168e-03
1.215521362610161304e-03 3.046129830181598663e-03
1.173730008304119110e-03 2.985427854582667351e-03
1.213554758578538895e-03 3.110474208369851112e-03
1.297566224820911884e-03 2.976701129227876663e-03
1.225287676788866520e-03 3.046964760869741440e-03
1.214575604535639286e-03 3.045826219022274017e-03
1.202204031869769096e-03 3.028835868462920189e-03
1.207907451316714287e-03 3.035846166312694550e-03
1.253959839232265949e-03 3.259356133639812469e-03
1.212044968269765377e-03 2.965321298688650131e-03
