1.173853641375899315e-03 4.268405493348836899e-03
8.358692866750061512e-04 4.140459466725587845e-03
6.667784182354807854e-04 4.189268685877323151e-03
6.568699027411639690e-04 4.115981981158256531e-03
5.593059468083083630e-04 4.157802090048789978e-03
6.017778650857508183e-04 4.206114914268255234e-03
7.440029294230043888e-04 4.113972187042236328e-03
5.923546268604695797e-04 4.237380810081958771e-03
7.049926789477467537e-04 4.209154751151800156e-03
6.797789246775209904e-04 4.099243320524692535e-03
6.405510357581079006e-04 4.226818215101957321e-03
7.664753356948494911e-04 4.119222983717918396e-03
7.004838553257286549e-04 4.114408977329730988e-03
7.036495953798294067e-04 4.182760138064622879e-03
7.877598982304334641e-04 4.160739947110414505e-03
6.464569596573710442e-04 4.179185722023248672e-03
7.256508688442409039e-04 4.218420945107936859e-03
7.551686721853911877e-04 4.136556759476661682e-03
8.333494188264012337e-04 4.237108863890171051e-03
8.212989196181297302e-04 4.452606663107872009e-03
9.316254290752112865e-04 4.130803048610687256e-03
7.251041242852807045e-04 4.196576774120330811e-03
6.577405729331076145e-04 4.187165759503841400e-03
6.648579728789627552e-04 4.206270910799503326e-03
9.666293626651167870e-04 4.266910254955291748e-03
1.064292388036847115e-03 4.232827108353376389e-03
1.029114704579114914e-03 4.404926672577857971e-03
1.187828951515257359e-03 4.257119726389646530e-03
9.279360529035329819e-04 4.094520583748817444e-03
8.503879653289914131e-04 4.215438850224018097e-03
8.152918890118598938e-04 4.133869893848896027e-03
8.971013012342154980e-04 4.343043081462383270e-03
9.990441612899303436e-04 4.330314695835113525e-03
1.023480785079300404e-03 4.413788206875324249e-03
9.573130519129335880e-04 4.646385088562965393e-03
1.632485073059797287e-03 4.485242534428834915e-03
1.080224406905472279e-03 4.267926793545484543e-03
9.555048309266567230e-04 4.490135703235864639e-03
8.982629515230655670e-04 4.168385174125432968e-03
8.676466532051563263e-04 4.354302305728197098e-03
1.170630217529833317e-03 5.028642248362302780e-03
1.329144462943077087e-03 4.394037649035453796e-03
9.337345254607498646e-04 4.140945617109537125e-03
9.553891723044216633e-04 4.147347528487443924e-03
1.056912122294306755e-03 4.539499990642070770e-03
8.857544162310659885e-04 4.170963075011968613e-03
8.228846127167344093e-04 4.457081202417612076e-03
1.045968616381287575e-03 4.173044580966234207e-03
7.765030604787170887e-04 4.303432069718837738e-03
7.902049110271036625e-04 4.227835685014724731e-03
7.450923440046608448e-04 4.161471035331487656e-03
7.752783130854368210e-04 4.179182462394237518e-03
7.025951053947210312e-04 4.185128491371870041e-03
6.829294725321233273e-04 4.153694491833448410e-03
7.543866522610187531e-04 4.566601477563381195e-03
1.134013873524963856e-03 4.627743735909461975e-03
1.197668490931391716e-03 4.204759374260902405e-03
9.470387012697756290e-04 4.261340945959091187e-03
1.019756076857447624e-03 4.471613559871912003e-03
9.090872481465339661e-04 4.300571978092193604e-03
8.374412427656352520e-04 4.158976022154092789e-03
1.099850749596953392e-03 4.434986505657434464e-03
1.536355703137814999e-03 4.452139604836702347e-03
1.340043381787836552e-03 4.408825654536485672e-03
1.127106253989040852e-03 4.229563288390636444e-03
7.153861806727945805e-04 4.302246961742639542e-03
8.276174194179475307e-04 4.259178414940834045e-03
8.843561518006026745e-04 4.173038061708211899e-03
8.453138871118426323e-04 4.227121360599994659e-03
6.703733233734965324e-04 4.193972796201705933e-03
7.348762592300772667e-04 4.293259233236312866e-03
1.152474083937704563e-03 4.695062525570392609e-03
1.698036328889429569e-03 4.972287453711032867e-03
1.670369529165327549e-03 4.281969740986824036e-03
1.098661916330456734e-03 4.229787737131118774e-03
9.099199669435620308e-04 4.372185096144676208e-03
9.300091769546270370e-04 4.223990254104137421e-03
8.053059573285281658e-04 4.114443901926279068e-03
7.147771539166569710e-04 4.289322067052125931e-03
7.883563521318137646e-04 4.373436793684959412e-03
6.983731873333454132e-04 4.229746758937835693e-03
5.996322724968194962e-04 4.158349242061376572e-03
7.430230034515261650e-04 4.250146448612213135e-03
6.451881490647792816e-04 4.357893019914627075e-03
8.596093393862247467e-04 4.180307500064373016e-03
7.742423913441598415e-04 4.416039213538169861e-03
8.886976283974945545e-04 4.531838465481996536e-03
1.249540830031037331e-03 4.310590215027332306e-03
8.952351636253297329e-04 4.208803176879882812e-03
7.314386311918497086e-04 4.271797370165586472e-03
8.013679762370884418e-04 4.386434797197580338e-03
7.637980161234736443e-04 4.239186644554138184e-03
1.137357205152511597e-03 4.551929421722888947e-03
1.523684361018240452e-03 4.225640557706356049e-03
1.167205744422972202e-03 4.816099535673856735e-03
1.221484271809458733e-03 4.565470386296510696e-03
1.452856464311480522e-03 4.366021137684583664e-03
1.032882253639400005e-03 4.152157343924045563e-03
9.069207590073347092e-04 4.139308352023363113e-03
7.790765375830233097e-04 4.423215519636869431e-03
9.940108284354209900e-04 4.145921673625707626e-03
7.488788687624037266e-04 4.584440495818853378e-03
8.205748745240271091e-04 4.276291932910680771e-03
8.130033384077250957e-04 4.204219672828912735e-03
7.684011943638324738e-04 4.259580280631780624e-03
9.897460695356130600e-04 4.287093412131071091e-03
8.265146752819418907e-04 4.221321549266576767e-03
