3.657521156128495932e-04 8.764265105128288269e-03
2.776223409455269575e-04 8.733169175684452057e-03
2.888361923396587372e-04 8.742699399590492249e-03
3.109094686806201935e-04 8.739640004932880402e-03
2.689015236683189869e-04 8.766228333115577698e-03
2.543453592807054520e-04 8.752775378525257111e-03
3.024773614015430212e-04 8.766577579081058502e-03
3.851222863886505365e-04 8.766847662627696991e-03
3.254951443523168564e-04 8.757119067013263702e-03
2.402892132522538304e-04 8.762510493397712708e-03
4.622735432349145412e-04 8.755692280828952789e-03
2.695196308195590973e-04 8.745645172894001007e-03
2.763132797554135323e-04 8.749837987124919891e-03
3.783834108617156744e-04 8.747337386012077332e-03
2.116943942382931709e-04 8.747332729399204254e-03
1.851190172601491213e-04 8.760711178183555603e-03
2.298851759405806661e-04 8.768954314291477203e-03
4.468059050850570202e-04 8.764262311160564423e-03
2.274797880090773106e-04 8.761409670114517212e-03
2.582810411695390940e-04 8.749539032578468323e-03
1.774505944922566414e-04 8.767055347561836243e-03
3.371192433405667543e-04 8.742642588913440704e-03
1.519274956081062555e-04 8.752124384045600891e-03
1.876023598015308380e-04 8.746976964175701141e-03
1.291076332563534379e-04 8.745195344090461731e-03
1.350539241684600711e-04 8.747274987399578094e-03
2.427309809718281031e-04 8.738726377487182617e-03
1.609151513548567891e-04 8.739461190998554230e-03
2.135984977940097451e-04 8.740213699638843536e-03
1.187594025395810604e-04 8.753850124776363373e-03
2.116605173796415329e-04 8.752634748816490173e-03
1.094753097277134657e-04 8.750461973249912262e-03
1.077412744052708149e-04 8.753482252359390259e-03
1.005244048428721726e-04 8.747424930334091187e-03
1.203102146973833442e-04 8.752002380788326263e-03
1.422604545950889587e-04 8.743900805711746216e-03
8.131835056701675057e-05 8.738076314330101013e-03
1.048915873980149627e-04 8.735141716897487640e-03
1.370774843962863088e-04 8.736174553632736206e-03
1.431309065083041787e-04 8.750891312956809998e-03
4.474318993743509054e-04 8.754991926252841949e-03
4.523451498243957758e-04 8.741097524762153625e-03
1.897094480227679014e-04 8.758344687521457672e-03
5.986827309243381023e-04 8.779627270996570587e-03
7.042266079224646091e-04 8.770293556153774261e-03
3.054384724237024784e-04 8.792303502559661865e-03
8.173217647708952427e-04 8.784413337707519531e-03
5.423393449746072292e-04 8.761964738368988037e-03
3.264381957706063986e-04 8.765745908021926880e-03
5.119416164234280586e-04 8.757772855460643768e-03
2.297512983204796910e-04 8.741372264921665192e-03
1.680962450336664915e-04 8.750390261411666870e-03
1.619891263544559479e-04 8.744926191866397858e-03
1.569552259752526879e-04 8.746374398469924927e-03
1.446640089852735400e-04 8.744588121771812439e-03
1.449838164262473583e-04 8.736675605177879333e-03
1.196568482555449009e-04 8.742712438106536865e-03
1.227312750415876508e-04 8.739315904676914215e-03
1.220854901475831866e-04 8.736461400985717773e-03
3.360604168847203255e-04 8.746743202209472656e-03
3.320281684864312410e-04 8.733599446713924408e-03
2.579212014097720385e-04 8.739203214645385742e-03
2.194978442275896668e-04 8.749887347221374512e-03
2.207943325629457831e-04 8.765651844441890717e-03
3.706050047185271978e-04 8.744372986257076263e-03
1.562217803439125419e-04 8.745661005377769470e-03
1.221700658788904548e-04 8.750333450734615326e-03
1.646368618821725249e-04 8.746365085244178772e-03
2.448696177452802658e-04 8.741277270019054413e-03
2.817444910760968924e-04 8.739488199353218079e-03
3.099419700447469950e-04 8.736642077565193176e-03
1.746103662298992276e-04 8.748618885874748230e-03
3.454843827057629824e-04 8.794652298092842102e-03
1.036761444993317127e-03 8.867457509040832520e-03
1.415571081452071667e-03 8.830960839986801147e-03
1.235276344232261181e-03 8.730502799153327942e-03
4.982916871085762978e-04 8.728113956749439240e-03
4.363264015410095453e-04 8.753697387874126434e-03
3.612531872931867838e-04 8.765172213315963745e-03
3.709042211994528770e-04 8.742161095142364502e-03
4.423018835950642824e-04 8.759929798543453217e-03
6.269386503845453262e-04 8.767829276621341705e-03
4.943196545355021954e-04 8.747574873268604279e-03
2.388871653238311410e-04 8.736200630664825439e-03
4.108422726858407259e-04 8.733247406780719757e-03
2.267535310238599777e-04 8.745932951569557190e-03
3.602926153689622879e-04 8.763030171394348145e-03
2.850333112291991711e-04 8.740547113120555878e-03
3.418833948671817780e-04 8.766430430114269257e-03
7.424981449730694294e-04 8.790434338152408600e-03
7.059323834255337715e-04 8.771086111664772034e-03
3.026162157766520977e-04 8.776640519499778748e-03
5.367464036680757999e-04 8.793649263679981232e-03
3.455510886851698160e-04 8.787759579718112946e-03
6.067894282750785351e-04 8.859097026288509369e-03
1.450246898457407951e-03 8.860448375344276428e-03
8.983917650766670704e-04 8.790097199380397797e-03
1.358837704174220562e-03 8.843191899359226227e-03
8.380208164453506470e-04 8.872109465301036835e-03
1.418564002960920334e-03 8.781851269304752350e-03
5.870389868505299091e-04 8.769487962126731873e-03
6.484255427494645119e-04 8.738419041037559509e-03
8.474975475110113621e-04 8.771440014243125916e-03
5.841048550792038441e-04 8.781141601502895355e-03
7.179553504101932049e-04 8.751934394240379333e-03
5.203808541409671307e-04 8.766591548919677734e-03
6.614279700443148613e-04 8.753827773034572601e-03
3.625593089964240789e-04 8.773433044552803040e-03
3.150016418658196926e-04 8.767834864556789398e-03
2.909193281084299088e-04 8.751311339437961578e-03
2.554873644839972258e-04 8.731300011277198792e-03
1.965204282896593213e-04 8.737486787140369415e-03
1.638815010664984584e-04 8.742914535105228424e-03
1.867824030341580510e-04 8.750328794121742249e-03
1.806821674108505249e-04 8.754681795835494995e-03
1.085431722458451986e-04 8.744821883738040924e-03
1.123455658671446145e-04 8.748005144298076630e-03
9.942697215592488647e-05 8.753013797104358673e-03
1.432333956472575665e-04 8.751921355724334717e-03
9.398980182595551014e-05 8.748362772166728973e-03
1.029935301630757749e-04 8.747926913201808929e-03
7.372650725301355124e-05 8.748117834329605103e-03
1.318346330663189292e-04 8.748066611588001251e-03
1.342963805655017495e-04 8.742075413465499878e-03
8.880163659341633320e-05 8.747482672333717346e-03
7.871328125474974513e-05 8.745108731091022491e-03
7.907386316219344735e-05 8.749286644160747528e-03
9.244073589798063040e-05 8.748068474233150482e-03
1.226907479576766491e-04 8.744954131543636322e-03
1.124904447351582348e-04 8.750860579311847687e-03
1.216810924233868718e-04 8.748902007937431335e-03
7.851063128327950835e-05 8.747347630560398102e-03
8.806799451122060418e-05 8.745717816054821014e-03
9.336118091596290469e-05 8.749356493353843689e-03
6.185860547702759504e-05 8.752246387302875519e-03
1.316209381911903620e-04 8.747767657041549683e-03
1.093536338885314763e-04 8.748556487262248993e-03
1.010157720884308219e-04 8.746972307562828064e-03
8.263630297733470798e-05 8.750593289732933044e-03
1.528379507362842560e-04 8.754936978220939636e-03
2.203713083872571588e-04 8.750235661864280701e-03
8.200374577427282929e-05 8.748814463615417480e-03
1.115594350267201662e-04 8.754855953156948090e-03
2.785156830213963985e-04 8.769345469772815704e-03
3.073838888667523861e-04 8.759835734963417053e-03
1.350599923171103001e-04 8.748544380068778992e-03
1.520015939604490995e-04 8.740650489926338196e-03
1.344990887446328998e-04 8.734895847737789154e-03
1.280538854189217091e-04 8.736551739275455475e-03
2.230801765108481050e-04 8.739983662962913513e-03
2.594848338048905134e-04 8.744540624320507050e-03
4.857567255385220051e-04 8.733121678233146667e-03
5.552206421270966530e-04 8.730594068765640259e-03
3.083489427808672190e-04 8.732671849429607391e-03
1.826901134336367249e-04 8.741668425500392914e-03
1.792382827261462808e-04 8.747864514589309692e-03
1.383775525027886033e-04 8.749980479478836060e-03
2.719535259529948235e-04 8.790511637926101685e-03
6.828734185546636581e-04 8.853714913129806519e-03
1.515527837909758091e-03 9.044124744832515717e-03
2.172722714021801949e-03 8.847055025398731232e-03
7.608542218804359436e-04 8.812204934656620026e-03
1.077983062714338303e-03 8.762210607528686523e-03
7.912467699497938156e-04 8.784637786448001862e-03
8.100530249066650867e-04 8.729777298867702484e-03
4.565710551105439663e-04 8.805481716990470886e-03
3.874785033985972404e-04 8.782438002526760101e-03
5.875703063793480396e-04 8.745722472667694092e-03
5.458527011796832085e-04 8.792133070528507233e-03
4.456752212718129158e-04 8.791491389274597168e-03
6.171898567117750645e-04 8.770584128797054291e-03
4.857783787883818150e-04 8.754497393965721130e-03
3.045805788133293390e-04 8.755894377827644348e-03
3.523566119838505983e-04 8.747776970267295837e-03
1.823241036618128419e-04 8.760808035731315613e-03
2.314496086910367012e-04 8.751844987273216248e-03
1.444132503820583224e-04 8.761516772210597992e-03
1.329752558376640081e-04 8.752910420298576355e-03
1.241371937794610858e-04 8.758240379393100739e-03
1.341699680779129267e-04 8.751362562179565430e-03
1.178558013634756207e-04 8.747122250497341156e-03
1.689124765107408166e-04 8.746840991079807281e-03
2.223310002591460943e-04 8.744690567255020142e-03
1.643586874706670642e-04 8.745906874537467957e-03
1.509361027274280787e-04 8.753351867198944092e-03
2.035489451372995973e-04 8.751167915761470795e-03
1.881336065707728267e-04 8.757499977946281433e-03
3.174130106344819069e-04 8.747138082981109619e-03
1.412087440257892013e-04 8.760725148022174835e-03
2.753030858002603054e-04 8.741685189306735992e-03
1.911835861392319202e-04 8.757892064750194550e-03
3.375856322236359119e-04 8.737049065530300140e-03
1.609041792107746005e-04 8.748740889132022858e-03
1.339574810117483139e-04 8.741870522499084473e-03
1.057712288456968963e-04 8.744367398321628571e-03
9.704151307232677937e-05 8.739311248064041138e-03
8.664726192364469171e-05 8.739574812352657318e-03
7.331773667829111218e-05 8.741575293242931366e-03
8.144810999510809779e-05 8.740312419831752777e-03
8.693442941876128316e-05 8.747643791139125824e-03
6.482056778622791171e-05 8.744552731513977051e-03
7.723773160250857472e-05 8.743337355554103851e-03
1.134251288021914661e-04 8.743778802454471588e-03
7.309547800105065107e-05 8.751842193305492401e-03
2.441066608298569918e-04 8.753113448619842529e-03
3.947344375774264336e-04 8.764203637838363647e-03
6.794494693167507648e-04 8.781392127275466919e-03
6.435579853132367134e-04 8.753430098295211792e-03
2.614331315271556377e-04 8.734075352549552917e-03
3.797949175350368023e-04 8.769242092967033386e-03
8.187397615984082222e-04 8.801341056823730469e-03
1.200804836116731167e-03 8.780853822827339172e-03
7.014397997409105301e-04 8.761567994952201843e-03
4.321289015933871269e-04 8.808729238808155060e-03
8.916495717130601406e-04 8.799112401902675629e-03
9.828981710597872734e-04 8.823367767035961151e-03
9.019081480801105499e-04 8.723570033907890320e-03
3.368631587363779545e-04 8.729817345738410950e-03
3.021013108082115650e-04 8.756103925406932831e-03
2.802927920129150152e-04 8.774483576416969299e-03
5.903168930672109127e-04 8.775373920798301697e-03
6.758478120900690556e-04 8.737343363463878632e-03
2.748811675701290369e-04 8.769445121288299561e-03
4.379443125799298286e-04 8.764537982642650604e-03
4.126400162931531668e-04 8.749723434448242188e-03
2.544545568525791168e-04 8.754160255193710327e-03
3.627971746027469635e-04 8.749746717512607574e-03
1.942236704053357244e-04 8.747846819460391998e-03
3.218106576241552830e-04 8.753874339163303375e-03
3.653195453807711601e-04 8.745629340410232544e-03
2.843232068698853254e-04 8.753038942813873291e-03
5.157510749995708466e-04 8.749656379222869873e-03
2.125963073922321200e-04 8.744563907384872437e-03
2.488568134140223265e-04 8.748295716941356659e-03
1.688325573923066258e-04 8.762743324041366577e-03
1.915344037115573883e-04 8.755946531891822815e-03
1.270836219191551208e-04 8.758217096328735352e-03
1.136876817326992750e-04 8.754623122513294220e-03
1.315644185524433851e-04 8.760159835219383240e-03
2.918959653470665216e-04 8.768738247454166412e-03
3.418670385144650936e-04 8.761658333241939545e-03
3.539481549523770809e-04 8.774734102189540863e-03
4.008989199064671993e-04 8.779586292803287506e-03
3.704297414515167475e-04 8.764888159930706024e-03
1.608784077689051628e-04 8.766991086304187775e-03
3.014407411683350801e-04 8.766585029661655426e-03
5.318615003488957882e-04 8.751169778406620026e-03
4.975234041921794415e-04 8.767413906753063202e-03
2.514641091693192720e-04 8.762542158365249634e-03
1.538007927592843771e-04 8.763116784393787384e-03
1.444822846679016948e-04 8.758733980357646942e-03
3.402192669454962015e-04 8.769482374191284180e-03
5.700460169464349747e-04 8.793994784355163574e-03
9.931476088240742683e-04 8.801759220659732819e-03
8.358912891708314419e-04 8.732255548238754272e-03
3.488929069135338068e-04 8.808257989585399628e-03
1.254059025086462498e-03 8.968906477093696594e-03
1.755910576321184635e-03 8.836570195853710175e-03
6.749458261765539646e-04 8.903322741389274597e-03
1.669158809818327427e-03 8.843641728162765503e-03
8.190015214495360851e-04 8.831465616822242737e-03
7.728862692601978779e-04 8.829793892800807953e-03
1.314353896304965019e-03 8.736338466405868530e-03
