3.645395812988281250e+02 3.659366149902343750e+02
3.642408142089843750e+02 3.644221191406250000e+02
1.764395599365234375e+02 1.762120666503906250e+02
1.825554046630859375e+02 1.818675994873046875e+02
2.467087860107421875e+02 2.475105285644531250e+02
2.327551116943359375e+02 2.325591125488281250e+02
1.506475677490234375e+02 1.504966735839843750e+02
2.678855895996093750e+02 2.684280090332031250e+02
2.568591918945312500e+02 2.565907897949218750e+02
2.050494537353515625e+02 2.048327331542968750e+02
1.585853881835937500e+02 1.587574615478515625e+02
4.189458312988281250e+02 4.191222534179687500e+02
2.122478027343750000e+02 2.116913757324218750e+02
3.582427673339843750e+02 3.586032409667968750e+02
3.593347167968750000e+02 3.594701232910156250e+02
1.574532928466796875e+02 1.572811584472656250e+02
3.476441650390625000e+02 3.481053161621093750e+02
2.202837066650390625e+02 2.214071807861328125e+02
2.161405639648437500e+02 2.158364410400390625e+02
2.304214477539062500e+02 2.300388183593750000e+02
1.875835113525390625e+02 1.884437561035156250e+02
3.657479553222656250e+02 3.660595703125000000e+02
1.781559753417968750e+02 1.781658782958984375e+02
1.850085449218750000e+02 1.842498474121093750e+02
2.665760803222656250e+02 2.667671813964843750e+02
3.671684265136718750e+02 3.671467590332031250e+02
3.349220886230468750e+02 3.353420410156250000e+02
3.853265380859375000e+02 3.862032165527343750e+02
3.678549194335937500e+02 3.683422241210937500e+02
2.385435333251953125e+02 2.393713073730468750e+02
3.511200561523437500e+02 3.516140441894531250e+02
1.418047332763671875e+02 1.422441253662109375e+02
3.318615112304687500e+02 3.325412292480468750e+02
2.219102172851562500e+02 2.214440765380859375e+02
3.787092895507812500e+02 3.791737365722656250e+02
3.587319335937500000e+02 3.600753479003906250e+02
4.269519958496093750e+02 4.268560791015625000e+02
4.102942199707031250e+02 4.112791748046875000e+02
2.388700714111328125e+02 2.384255828857421875e+02
3.317466430664062500e+02 3.326708679199218750e+02
1.736035003662109375e+02 1.737045593261718750e+02
1.747950286865234375e+02 1.751475982666015625e+02
2.450021057128906250e+02 2.461149749755859375e+02
2.385713958740234375e+02 2.393661499023437500e+02
1.608681335449218750e+02 1.602852325439453125e+02
3.470742187500000000e+02 3.482598266601562500e+02
1.405454101562500000e+02 1.402397613525390625e+02
1.938446044921875000e+02 1.932975921630859375e+02
2.702633056640625000e+02 2.698841552734375000e+02
1.976138763427734375e+02 1.974094238281250000e+02
3.612648925781250000e+02 3.621929626464843750e+02
4.054632263183593750e+02 4.055950927734375000e+02
3.460769042968750000e+02 3.467797241210937500e+02
3.475321044921875000e+02 3.478715820312500000e+02
3.319671630859375000e+02 3.326194152832031250e+02
1.563057250976562500e+02 1.577934570312500000e+02
1.608813018798828125e+02 1.602206878662109375e+02
2.053928527832031250e+02 2.052553253173828125e+02
2.576996459960937500e+02 2.584977111816406250e+02
1.718514709472656250e+02 1.716088104248046875e+02
2.510689239501953125e+02 2.513809204101562500e+02
1.471753082275390625e+02 1.467807006835937500e+02
2.275307922363281250e+02 2.282658233642578125e+02
4.179215087890625000e+02 4.186770935058593750e+02
1.843008270263671875e+02 1.840041809082031250e+02
2.661754455566406250e+02 2.667269592285156250e+02
3.311951293945312500e+02 3.318868408203125000e+02
2.609972229003906250e+02 2.609873657226562500e+02
1.594566955566406250e+02 1.602628326416015625e+02
3.350376586914062500e+02 3.358686218261718750e+02
1.400066986083984375e+02 1.399048614501953125e+02
3.613834838867187500e+02 3.615653686523437500e+02
2.369184722900390625e+02 2.383850860595703125e+02
1.854746856689453125e+02 1.851532745361328125e+02
2.276797790527343750e+02 2.286732788085937500e+02
3.574060058593750000e+02 3.581213989257812500e+02
3.486123657226562500e+02 3.493607788085937500e+02
2.671184387207031250e+02 2.667320556640625000e+02
2.237929687500000000e+02 2.234078063964843750e+02
1.759182281494140625e+02 1.759094543457031250e+02
3.969196777343750000e+02 3.969183044433593750e+02
1.988951721191406250e+02 1.984974975585937500e+02
2.486470947265625000e+02 2.489882049560546875e+02
2.607333068847656250e+02 2.615997924804687500e+02
2.258191986083984375e+02 2.259410095214843750e+02
3.515094299316406250e+02 3.522391967773437500e+02
1.696996765136718750e+02 1.686263732910156250e+02
2.415963287353515625e+02 2.422073516845703125e+02
3.577852172851562500e+02 3.579388427734375000e+02
1.521508026123046875e+02 1.513138427734375000e+02
2.260359954833984375e+02 2.277574310302734375e+02
3.630872802734375000e+02 3.634093322753906250e+02
2.900325012207031250e+02 2.899835510253906250e+02
3.702095031738281250e+02 3.705758666992187500e+02
3.488323059082031250e+02 3.497645263671875000e+02
3.460463562011718750e+02 3.468514404296875000e+02
2.518173522949218750e+02 2.515063018798828125e+02
3.588071899414062500e+02 3.592077331542968750e+02
4.339112243652343750e+02 4.336352233886718750e+02
3.466656799316406250e+02 3.470694580078125000e+02
2.767607421875000000e+02 2.773030395507812500e+02
3.315738830566406250e+02 3.329424133300781250e+02
3.574431152343750000e+02 3.579604797363281250e+02
1.880449829101562500e+02 1.887617950439453125e+02
4.047626037597656250e+02 4.046781921386718750e+02
3.932586059570312500e+02 3.928375854492187500e+02
1.880480346679687500e+02 1.872925720214843750e+02
3.903134765625000000e+02 3.912314453125000000e+02
1.354248809814453125e+02 1.350140991210937500e+02
3.325206909179687500e+02 3.339628906250000000e+02
2.256239318847656250e+02 2.270105438232421875e+02
3.791546020507812500e+02 3.797829895019531250e+02
2.521123352050781250e+02 2.517516632080078125e+02
1.666369628906250000e+02 1.663735198974609375e+02
1.913598937988281250e+02 1.909527435302734375e+02
2.392886199951171875e+02 2.390208282470703125e+02
1.709274749755859375e+02 1.711738433837890625e+02
2.109862060546875000e+02 2.109765167236328125e+02
2.385928649902343750e+02 2.395089874267578125e+02
1.748324737548828125e+02 1.742775726318359375e+02
1.819406890869140625e+02 1.817549133300781250e+02
2.271633300781250000e+02 2.264839782714843750e+02
2.890476379394531250e+02 2.891300048828125000e+02
2.601148376464843750e+02 2.595650329589843750e+02
1.759145202636718750e+02 1.759027862548828125e+02
2.458592681884765625e+02 2.460632019042968750e+02
3.586542358398437500e+02 3.591759643554687500e+02
3.457388610839843750e+02 3.470249938964843750e+02
1.758229980468750000e+02 1.761339874267578125e+02
4.259371643066406250e+02 4.269432983398437500e+02
3.460403137207031250e+02 3.464302978515625000e+02
2.258925323486328125e+02 2.270856781005859375e+02
2.542188415527343750e+02 2.544381561279296875e+02
3.082249755859375000e+02 3.078741455078125000e+02
1.590178070068359375e+02 1.595791320800781250e+02
1.966812438964843750e+02 1.967077484130859375e+02
1.932092742919921875e+02 1.950238647460937500e+02
3.647301025390625000e+02 3.650996398925781250e+02
3.473723754882812500e+02 3.476729125976562500e+02
1.507194366455078125e+02 1.515612487792968750e+02
1.787027587890625000e+02 1.792002258300781250e+02
3.786443786621093750e+02 3.787859497070312500e+02
1.730191345214843750e+02 1.722165069580078125e+02
3.645515441894531250e+02 3.644167480468750000e+02
2.161765594482421875e+02 2.165776214599609375e+02
1.871796112060546875e+02 1.869571838378906250e+02
3.775074157714843750e+02 3.777651672363281250e+02
1.980614318847656250e+02 1.975948181152343750e+02
1.576934204101562500e+02 1.578653106689453125e+02
4.148604125976562500e+02 4.154852600097656250e+02
2.202376861572265625e+02 2.195935211181640625e+02
1.848601684570312500e+02 1.852444763183593750e+02
1.827281036376953125e+02 1.825834808349609375e+02
1.797407989501953125e+02 1.790799255371093750e+02
1.478963317871093750e+02 1.482839355468750000e+02
3.348319396972656250e+02 3.354499511718750000e+02
2.444488983154296875e+02 2.450117187500000000e+02
3.465696716308593750e+02 3.471151123046875000e+02
3.319403991699218750e+02 3.323714904785156250e+02
1.606677093505859375e+02 1.608791351318359375e+02
2.483057403564453125e+02 2.484332275390625000e+02
1.792611999511718750e+02 1.792391815185546875e+02
1.486592407226562500e+02 1.496872558593750000e+02
3.318592224121093750e+02 3.321613769531250000e+02
1.911641235351562500e+02 1.907337951660156250e+02
2.727770385742187500e+02 2.729202270507812500e+02
3.099185485839843750e+02 3.098171081542968750e+02
1.677897186279296875e+02 1.681194610595703125e+02
3.631747741699218750e+02 3.631589965820312500e+02
3.649732055664062500e+02 3.657851257324218750e+02
3.481032714843750000e+02 3.490918273925781250e+02
2.467169799804687500e+02 2.474940185546875000e+02
2.217805633544921875e+02 2.207595062255859375e+02
3.691936340332031250e+02 3.691883544921875000e+02
2.252590179443359375e+02 2.263024444580078125e+02
2.564865722656250000e+02 2.558918304443359375e+02
3.646161804199218750e+02 3.650808715820312500e+02
1.603005981445312500e+02 1.603712615966796875e+02
3.471150207519531250e+02 3.475168457031250000e+02
1.287212982177734375e+02 1.285620727539062500e+02
4.226066894531250000e+02 4.241479187011718750e+02
2.368175964355468750e+02 2.365002288818359375e+02
3.307525634765625000e+02 3.318921508789062500e+02
3.792132873535156250e+02 3.785724792480468750e+02
2.367287292480468750e+02 2.376167144775390625e+02
2.339742431640625000e+02 2.339330291748046875e+02
1.701140594482421875e+02 1.698421783447265625e+02
1.571160278320312500e+02 1.568566284179687500e+02
3.318439025878906250e+02 3.327420654296875000e+02
3.586718750000000000e+02 3.598320312500000000e+02
1.660326690673828125e+02 1.654268341064453125e+02
3.616356506347656250e+02 3.624279479980468750e+02
1.851289062500000000e+02 1.850879821777343750e+02
1.985281219482421875e+02 1.977620086669921875e+02
3.478707580566406250e+02 3.473492736816406250e+02
2.341010894775390625e+02 2.349655609130859375e+02
1.809803924560546875e+02 1.801827850341796875e+02
1.269821395874023438e+02 1.267880783081054688e+02
2.636825561523437500e+02 2.634233093261718750e+02
3.477925109863281250e+02 3.485498962402343750e+02
4.403881530761718750e+02 4.416551208496093750e+02
3.580227355957031250e+02 3.581265869140625000e+02
3.319253540039062500e+02 3.324983215332031250e+02
2.260318756103515625e+02 2.268456878662109375e+02
1.592779388427734375e+02 1.597496337890625000e+02
1.659890289306640625e+02 1.660619964599609375e+02
4.054783325195312500e+02 4.054330444335937500e+02
3.346200256347656250e+02 3.357562561035156250e+02
2.108228302001953125e+02 2.112258148193359375e+02
3.809225769042968750e+02 3.811448059082031250e+02
2.040921478271484375e+02 2.028696289062500000e+02
1.654663391113281250e+02 1.643212738037109375e+02
1.735229339599609375e+02 1.734159851074218750e+02
2.436764221191406250e+02 2.438441162109375000e+02
3.844987792968750000e+02 3.835529479980468750e+02
3.321192321777343750e+02 3.322613220214843750e+02
1.936899414062500000e+02 1.938640441894531250e+02
2.461629638671875000e+02 2.473409423828125000e+02
1.623907012939453125e+02 1.624488220214843750e+02
1.724124603271484375e+02 1.716177825927734375e+02
3.695845031738281250e+02 3.699039306640625000e+02
2.451292266845703125e+02 2.446618041992187500e+02
1.875768127441406250e+02 1.875323944091796875e+02
2.323232421875000000e+02 2.319099884033203125e+02
1.929853820800781250e+02 1.933866424560546875e+02
1.821238861083984375e+02 1.818776092529296875e+02
1.974895477294921875e+02 1.969339294433593750e+02
1.287258148193359375e+02 1.294374084472656250e+02
3.630462341308593750e+02 3.638310852050781250e+02
1.836846466064453125e+02 1.841894989013671875e+02
3.766815795898437500e+02 3.766224060058593750e+02
1.610741577148437500e+02 1.612755889892578125e+02
1.697830810546875000e+02 1.685201873779296875e+02
1.910449066162109375e+02 1.925125122070312500e+02
4.464592895507812500e+02 4.462947998046875000e+02
3.586621093750000000e+02 3.588973083496093750e+02
1.559922790527343750e+02 1.567322235107421875e+02
1.714098205566406250e+02 1.708268585205078125e+02
3.643838806152343750e+02 3.648746032714843750e+02
1.798449707031250000e+02 1.794004211425781250e+02
2.616561889648437500e+02 2.612908935546875000e+02
2.367409820556640625e+02 2.363749389648437500e+02
1.935397949218750000e+02 1.930209655761718750e+02
3.358723754882812500e+02 3.362723083496093750e+02
2.368789978027343750e+02 2.375158386230468750e+02
1.830291137695312500e+02 1.823586883544921875e+02
2.010460205078125000e+02 2.003386383056640625e+02
2.130003051757812500e+02 2.122640075683593750e+02
2.342308502197265625e+02 2.346332397460937500e+02
1.798309020996093750e+02 1.801847534179687500e+02
2.714995422363281250e+02 2.721130065917968750e+02
1.392259826660156250e+02 1.396442260742187500e+02
4.033690490722656250e+02 4.035652770996093750e+02
2.808607482910156250e+02 2.808065185546875000e+02
2.367137298583984375e+02 2.367670593261718750e+02
3.796025085449218750e+02 3.790487060546875000e+02
2.091070098876953125e+02 2.091624145507812500e+02
2.257066345214843750e+02 2.269925231933593750e+02
2.610827026367187500e+02 2.614520263671875000e+02
3.577079772949218750e+02 3.584833679199218750e+02
3.897517700195312500e+02 3.893127746582031250e+02
3.485656738281250000e+02 3.493939819335937500e+02
3.306851501464843750e+02 3.308462524414062500e+02
2.332965850830078125e+02 2.340063171386718750e+02
1.491371917724609375e+02 1.491000366210937500e+02
2.536702728271484375e+02 2.537487792968750000e+02
2.913442993164062500e+02 2.913574829101562500e+02
1.757550354003906250e+02 1.754369812011718750e+02
2.147680816650390625e+02 2.150506744384765625e+02
1.672802429199218750e+02 1.662956542968750000e+02
2.038202209472656250e+02 2.041486816406250000e+02
2.256989593505859375e+02 2.266914215087890625e+02
2.078609619140625000e+02 2.076433563232421875e+02
2.258782958984375000e+02 2.262589111328125000e+02
3.490642700195312500e+02 3.495094604492187500e+02
2.405519409179687500e+02 2.416908416748046875e+02
3.443283691406250000e+02 3.450028686523437500e+02
1.546180267333984375e+02 1.546442108154296875e+02
2.607949829101562500e+02 2.608187866210937500e+02
1.768855285644531250e+02 1.763593902587890625e+02
4.204553222656250000e+02 4.206327209472656250e+02
3.347741394042968750e+02 3.357156982421875000e+02
3.784288635253906250e+02 3.779905395507812500e+02
3.590992736816406250e+02 3.605553894042968750e+02
3.706457824707031250e+02 3.699701843261718750e+02
1.707893829345703125e+02 1.704282989501953125e+02
3.321273193359375000e+02 3.324643554687500000e+02
1.734597015380859375e+02 1.724327545166015625e+02
2.473428344726562500e+02 2.477893218994140625e+02
3.456840515136718750e+02 3.459521179199218750e+02
3.931556091308593750e+02 3.935173034667968750e+02
3.641383666992187500e+02 3.645960693359375000e+02
3.486609802246093750e+02 3.496607360839843750e+02
1.762997131347656250e+02 1.758188323974609375e+02
3.459749755859375000e+02 3.463609313964843750e+02
2.372551574707031250e+02 2.377438201904296875e+02
2.342699127197265625e+02 2.341946411132812500e+02
3.792548828125000000e+02 3.785944824218750000e+02
3.648014831542968750e+02 3.653581237792968750e+02
3.456765136718750000e+02 3.462143249511718750e+02
1.927225799560546875e+02 1.932370910644531250e+02
3.320554504394531250e+02 3.329877624511718750e+02
2.366074676513671875e+02 2.362133026123046875e+02
2.565071411132812500e+02 2.569459228515625000e+02
1.589249114990234375e+02 1.599744567871093750e+02
1.649156188964843750e+02 1.643794555664062500e+02
2.297946777343750000e+02 2.295706634521484375e+02
3.305176086425781250e+02 3.309430847167968750e+02
2.392686614990234375e+02 2.389205932617187500e+02
3.768744506835937500e+02 3.768950500488281250e+02
1.452557525634765625e+02 1.463565521240234375e+02
3.724507141113281250e+02 3.743997497558593750e+02
3.822973022460937500e+02 3.828182067871093750e+02
3.685831909179687500e+02 3.686838073730468750e+02
2.049696655273437500e+02 2.045893096923828125e+02
4.165338439941406250e+02 4.176632690429687500e+02
2.258078460693359375e+02 2.277267913818359375e+02
3.576187438964843750e+02 3.581665344238281250e+02
3.493133544921875000e+02 3.505351257324218750e+02
2.104651794433593750e+02 2.099932708740234375e+02
1.467922515869140625e+02 1.468638763427734375e+02
1.797442932128906250e+02 1.793008728027343750e+02
2.250483398437500000e+02 2.269239501953125000e+02
3.842597351074218750e+02 3.852730102539062500e+02
2.876075744628906250e+02 2.879249267578125000e+02
1.830785217285156250e+02 1.830416564941406250e+02
2.392183837890625000e+02 2.404846801757812500e+02
1.660020446777343750e+02 1.664568176269531250e+02
2.313862152099609375e+02 2.308053741455078125e+02
3.320682067871093750e+02 3.330795288085937500e+02
3.910035400390625000e+02 3.921646118164062500e+02
1.974455718994140625e+02 1.971253204345703125e+02
3.482728271484375000e+02 3.484551696777343750e+02
3.461542358398437500e+02 3.471480712890625000e+02
3.091498107910156250e+02 3.089081726074218750e+02
1.811835937500000000e+02 1.830228271484375000e+02
1.794537048339843750e+02 1.793453674316406250e+02
3.850911254882812500e+02 3.856428833007812500e+02
1.986795349121093750e+02 1.982085113525390625e+02
3.819980773925781250e+02 3.822933349609375000e+02
1.794615020751953125e+02 1.798726043701171875e+02
2.444566497802734375e+02 2.451720886230468750e+02
1.760684051513671875e+02 1.752053833007812500e+02
1.477499847412109375e+02 1.474956512451171875e+02
3.318760375976562500e+02 3.326054382324218750e+02
2.761697387695312500e+02 2.755783081054687500e+02
3.631288757324218750e+02 3.639157104492187500e+02
1.963728332519531250e+02 1.957388763427734375e+02
3.689685974121093750e+02 3.695290832519531250e+02
1.830745544433593750e+02 1.827631835937500000e+02
1.824581298828125000e+02 1.828148040771484375e+02
1.630450897216796875e+02 1.628839416503906250e+02
3.646112976074218750e+02 3.637680053710937500e+02
1.795304260253906250e+02 1.803534088134765625e+02
6.070697021484375000e+02 6.066464233398437500e+02
2.366997222900390625e+02 2.367841033935546875e+02
2.494606323242187500e+02 2.494791107177734375e+02
2.309092559814453125e+02 2.322683410644531250e+02
2.646159057617187500e+02 2.643139648437500000e+02
2.963787536621093750e+02 2.963286132812500000e+02
3.455879211425781250e+02 3.451108093261718750e+02
1.889738464355468750e+02 1.885719909667968750e+02
4.947844238281250000e+02 4.953542785644531250e+02
2.261383056640625000e+02 2.278245697021484375e+02
1.603864898681640625e+02 1.596902313232421875e+02
1.509671020507812500e+02 1.510457763671875000e+02
2.346637725830078125e+02 2.360879821777343750e+02
3.672985229492187500e+02 3.671334838867187500e+02
3.474875793457031250e+02 3.480640869140625000e+02
2.027653656005859375e+02 2.030535888671875000e+02
1.531046447753906250e+02 1.530411834716796875e+02
2.384091491699218750e+02 2.393293457031250000e+02
3.671297607421875000e+02 3.676393737792968750e+02
3.713172302246093750e+02 3.717135620117187500e+02
2.385662536621093750e+02 2.389314422607421875e+02
1.763610076904296875e+02 1.758864593505859375e+02
3.656911010742187500e+02 3.660342712402343750e+02
2.021272277832031250e+02 2.015831756591796875e+02
3.523632507324218750e+02 3.533648681640625000e+02
3.709717712402343750e+02 3.703936157226562500e+02
2.077726440429687500e+02 2.084356842041015625e+02
3.646915588378906250e+02 3.646812438964843750e+02
2.346534423828125000e+02 2.357845001220703125e+02
3.665260314941406250e+02 3.668960266113281250e+02
2.514438018798828125e+02 2.522393493652343750e+02
2.443175659179687500e+02 2.452838745117187500e+02
1.831359558105468750e+02 1.823578491210937500e+02
3.593374023437500000e+02 3.591600646972656250e+02
1.950811462402343750e+02 1.949676513671875000e+02
3.475356445312500000e+02 3.483062438964843750e+02
2.261368103027343750e+02 2.269342498779296875e+02
2.971290283203125000e+02 2.972324218750000000e+02
2.482475280761718750e+02 2.480431823730468750e+02
1.481815490722656250e+02 1.483105468750000000e+02
3.577211303710937500e+02 3.579106750488281250e+02
3.295386657714843750e+02 3.294453125000000000e+02
2.952559814453125000e+02 2.947835083007812500e+02
3.588950805664062500e+02 3.594448547363281250e+02
3.833781127929687500e+02 3.835545959472656250e+02
3.616547241210937500e+02 3.623599548339843750e+02
1.540685577392578125e+02 1.549304962158203125e+02
3.576854248046875000e+02 3.581564941406250000e+02
1.907988128662109375e+02 1.904000701904296875e+02
1.746047058105468750e+02 1.746552886962890625e+02
3.899209289550781250e+02 3.899904479980468750e+02
2.623431091308593750e+02 2.626509704589843750e+02
2.603475646972656250e+02 2.618380432128906250e+02
2.442140350341796875e+02 2.443202362060546875e+02
3.579438781738281250e+02 3.591172790527343750e+02
1.674165039062500000e+02 1.672622222900390625e+02
1.995153503417968750e+02 1.988722076416015625e+02
3.346353454589843750e+02 3.349501647949218750e+02
1.782304077148437500e+02 1.774552459716796875e+02
2.310563659667968750e+02 2.319109802246093750e+02
2.274182586669921875e+02 2.289284210205078125e+02
3.627444763183593750e+02 3.639464416503906250e+02
4.120075378417968750e+02 4.115325012207031250e+02
1.743040161132812500e+02 1.733880615234375000e+02
3.663731994628906250e+02 3.664312744140625000e+02
2.384816589355468750e+02 2.379962463378906250e+02
3.571707763671875000e+02 3.577749328613281250e+02
2.478146667480468750e+02 2.488247680664062500e+02
2.518466949462890625e+02 2.521755065917968750e+02
2.517510070800781250e+02 2.515365447998046875e+02
1.626395568847656250e+02 1.632558746337890625e+02
1.785717010498046875e+02 1.784850921630859375e+02
3.593867187500000000e+02 3.595013732910156250e+02
2.878262634277343750e+02 2.871303100585937500e+02
3.321972961425781250e+02 3.332627258300781250e+02
1.506629943847656250e+02 1.509492492675781250e+02
1.894348754882812500e+02 1.894477233886718750e+02
2.161936340332031250e+02 2.160237121582031250e+02
1.982390899658203125e+02 1.969530639648437500e+02
2.460042114257812500e+02 2.463755035400390625e+02
2.345159606933593750e+02 2.343408203125000000e+02
3.641134948730468750e+02 3.640880432128906250e+02
3.328277587890625000e+02 3.331560058593750000e+02
4.122006835937500000e+02 4.121597900390625000e+02
2.127373352050781250e+02 2.125164031982421875e+02
2.462239990234375000e+02 2.468055725097656250e+02
1.982182769775390625e+02 1.981570129394531250e+02
3.711900024414062500e+02 3.721082458496093750e+02
2.542532348632812500e+02 2.551689147949218750e+02
3.583297729492187500e+02 3.590945739746093750e+02
2.925176696777343750e+02 2.933118286132812500e+02
3.323522338867187500e+02 3.327166137695312500e+02
1.535656280517578125e+02 1.536355285644531250e+02
3.702628784179687500e+02 3.709924621582031250e+02
2.164778289794921875e+02 2.159610443115234375e+02
2.949091796875000000e+02 2.946445922851562500e+02
1.558876037597656250e+02 1.554888916015625000e+02
1.479940185546875000e+02 1.472116851806640625e+02
1.509875488281250000e+02 1.510708312988281250e+02
1.961716461181640625e+02 1.957498474121093750e+02
2.461473236083984375e+02 2.447929077148437500e+02
1.897309417724609375e+02 1.887614746093750000e+02
1.849786071777343750e+02 1.848503112792968750e+02
1.467796020507812500e+02 1.474027404785156250e+02
3.897968444824218750e+02 3.896481933593750000e+02
1.541942901611328125e+02 1.553113098144531250e+02
1.911760559082031250e+02 1.908398590087890625e+02
3.616555480957031250e+02 3.617231445312500000e+02
3.947730407714843750e+02 3.951981811523437500e+02
4.403866271972656250e+02 4.404331970214843750e+02
4.713153076171875000e+02 4.712984313964843750e+02
2.363363647460937500e+02 2.372302398681640625e+02
3.322918395996093750e+02 3.338241882324218750e+02
1.795154571533203125e+02 1.793762817382812500e+02
1.687700958251953125e+02 1.689279022216796875e+02
2.659932556152343750e+02 2.669457092285156250e+02
2.414394073486328125e+02 2.425510864257812500e+02
2.019084930419921875e+02 2.013015747070312500e+02
1.830094299316406250e+02 1.828468475341796875e+02
1.871219024658203125e+02 1.880316772460937500e+02
2.392332611083984375e+02 2.401040496826171875e+02
2.460781250000000000e+02 2.458608093261718750e+02
1.855853881835937500e+02 1.853447265625000000e+02
3.321963806152343750e+02 3.331749572753906250e+02
2.629428710937500000e+02 2.628543701171875000e+02
3.642532043457031250e+02 3.651077575683593750e+02
1.651384124755859375e+02 1.654170379638671875e+02
3.457546691894531250e+02 3.467764282226562500e+02
1.742156066894531250e+02 1.738222198486328125e+02
2.126413116455078125e+02 2.127265930175781250e+02
4.327122802734375000e+02 4.332332763671875000e+02
1.409897918701171875e+02 1.398219757080078125e+02
3.638760986328125000e+02 3.641663513183593750e+02
1.422618103027343750e+02 1.435302581787109375e+02
1.899306793212890625e+02 1.893430938720703125e+02
3.487185974121093750e+02 3.487633361816406250e+02
1.852058105468750000e+02 1.850594329833984375e+02
1.580022888183593750e+02 1.576827392578125000e+02
2.459247131347656250e+02 2.465586700439453125e+02
2.383956146240234375e+02 2.380761260986328125e+02
3.881036071777343750e+02 3.887337036132812500e+02
2.568018798828125000e+02 2.562891845703125000e+02
1.568151855468750000e+02 1.571976318359375000e+02
3.634424133300781250e+02 3.643324279785156250e+02
3.579452209472656250e+02 3.582522583007812500e+02
2.191559753417968750e+02 2.186471252441406250e+02
1.720211181640625000e+02 1.714922180175781250e+02
4.086625061035156250e+02 4.087778320312500000e+02
3.462821044921875000e+02 3.473878784179687500e+02
3.818758239746093750e+02 3.821194152832031250e+02
2.326100158691406250e+02 2.335260162353515625e+02
2.562319335937500000e+02 2.573285217285156250e+02
2.635192565917968750e+02 2.647797546386718750e+02
1.920673370361328125e+02 1.917628326416015625e+02
3.472524108886718750e+02 3.476850280761718750e+02
1.639203948974609375e+02 1.626301879882812500e+02
3.320359497070312500e+02 3.325356750488281250e+02
1.702143249511718750e+02 1.703832702636718750e+02
2.750767517089843750e+02 2.747805480957031250e+02
2.475321044921875000e+02 2.472490692138671875e+02
1.542480163574218750e+02 1.545760650634765625e+02
1.426114959716796875e+02 1.424823455810546875e+02
1.593853149414062500e+02 1.585320587158203125e+02
3.319244995117187500e+02 3.326385498046875000e+02
4.514025573730468750e+02 4.510873413085937500e+02
1.743660278320312500e+02 1.735280456542968750e+02
4.234153137207031250e+02 4.235881958007812500e+02
3.476636962890625000e+02 3.481436462402343750e+02
4.021436157226562500e+02 4.017145690917968750e+02
3.461655273437500000e+02 3.468062438964843750e+02
1.899533691406250000e+02 1.895597534179687500e+02
2.343827972412109375e+02 2.359488067626953125e+02
2.437396697998046875e+02 2.439912872314453125e+02
2.092263641357421875e+02 2.092555999755859375e+02
1.622001800537109375e+02 1.619005432128906250e+02
2.259985504150390625e+02 2.264420318603515625e+02
2.571913452148437500e+02 2.575398559570312500e+02
3.320276184082031250e+02 3.324873962402343750e+02
3.806688232421875000e+02 3.815482482910156250e+02
3.590133666992187500e+02 3.597335815429687500e+02
3.828341064453125000e+02 3.828118591308593750e+02
2.461262512207031250e+02 2.474424896240234375e+02
1.808413085937500000e+02 1.821193695068359375e+02
3.316759948730468750e+02 3.327614746093750000e+02
4.136280822753906250e+02 4.137522888183593750e+02
1.755057525634765625e+02 1.755358276367187500e+02
1.843889465332031250e+02 1.837889251708984375e+02
2.540371398925781250e+02 2.540719757080078125e+02
3.459544677734375000e+02 3.468487854003906250e+02
1.926026458740234375e+02 1.922397308349609375e+02
3.666247253417968750e+02 3.671114807128906250e+02
3.965774230957031250e+02 3.964251708984375000e+02
1.748520965576171875e+02 1.752644805908203125e+02
1.509482116699218750e+02 1.516432495117187500e+02
1.940109558105468750e+02 1.930406951904296875e+02
2.102772216796875000e+02 2.105963592529296875e+02
3.457658996582031250e+02 3.461445922851562500e+02
4.147007141113281250e+02 4.151120910644531250e+02
1.708967132568359375e+02 1.708402404785156250e+02
1.829217071533203125e+02 1.824471588134765625e+02
1.750330505371093750e+02 1.748723754882812500e+02
4.272324523925781250e+02 4.270736694335937500e+02
1.720803375244140625e+02 1.714625396728515625e+02
1.502880706787109375e+02 1.501199035644531250e+02
2.442277832031250000e+02 2.453270568847656250e+02
2.365557708740234375e+02 2.371977539062500000e+02
1.576775512695312500e+02 1.575884246826171875e+02
2.055467071533203125e+02 2.046689758300781250e+02
3.346254272460937500e+02 3.339977111816406250e+02
2.688125305175781250e+02 2.691683959960937500e+02
1.816610260009765625e+02 1.807094268798828125e+02
3.323195190429687500e+02 3.329627380371093750e+02
3.493252258300781250e+02 3.503403930664062500e+02
2.475773315429687500e+02 2.462930908203125000e+02
3.481542663574218750e+02 3.493058776855468750e+02
4.226728515625000000e+02 4.226996154785156250e+02
3.840332641601562500e+02 3.836123046875000000e+02
1.504699096679687500e+02 1.508147430419921875e+02
2.310766754150390625e+02 2.314174499511718750e+02
4.601621704101562500e+02 4.611719360351562500e+02
1.759619140625000000e+02 1.756192169189453125e+02
3.852778015136718750e+02 3.864765930175781250e+02
1.996845245361328125e+02 1.995798645019531250e+02
1.878893127441406250e+02 1.888570251464843750e+02
1.857775573730468750e+02 1.865236511230468750e+02
4.244727783203125000e+02 4.245765380859375000e+02
2.690442810058593750e+02 2.686060485839843750e+02
2.232753906250000000e+02 2.227104644775390625e+02
4.068197021484375000e+02 4.080660095214843750e+02
3.486291198730468750e+02 3.493110961914062500e+02
2.389303131103515625e+02 2.386081542968750000e+02
1.592742919921875000e+02 1.592678680419921875e+02
1.564513549804687500e+02 1.550019683837890625e+02
2.108417816162109375e+02 2.108155517578125000e+02
1.936346588134765625e+02 1.945917663574218750e+02
1.470050659179687500e+02 1.477280273437500000e+02
2.280691986083984375e+02 2.290670013427734375e+02
1.630151214599609375e+02 1.625839843750000000e+02
2.044799346923828125e+02 2.042708435058593750e+02
1.958819427490234375e+02 1.951943359375000000e+02
1.775669097900390625e+02 1.767871093750000000e+02
2.031871795654296875e+02 2.026575164794921875e+02
2.256547241210937500e+02 2.270567169189453125e+02
3.855852355957031250e+02 3.859553833007812500e+02
2.460979919433593750e+02 2.460568237304687500e+02
1.759722900390625000e+02 1.754481201171875000e+02
3.642817993164062500e+02 3.644878540039062500e+02
3.458453063964843750e+02 3.454992065429687500e+02
2.278050842285156250e+02 2.275102996826171875e+02
2.543899993896484375e+02 2.558766021728515625e+02
1.539639739990234375e+02 1.551702575683593750e+02
3.475503540039062500e+02 3.485753479003906250e+02
3.627125549316406250e+02 3.629205627441406250e+02
2.259346466064453125e+02 2.269462585449218750e+02
2.035668487548828125e+02 2.028562469482421875e+02
1.840158538818359375e+02 1.841778411865234375e+02
2.675669860839843750e+02 2.671149597167968750e+02
1.953138732910156250e+02 1.963353729248046875e+02
3.482115173339843750e+02 3.486549377441406250e+02
3.321381225585937500e+02 3.327477722167968750e+02
3.826713562011718750e+02 3.831197509765625000e+02
1.811560363769531250e+02 1.804536285400390625e+02
4.144421386718750000e+02 4.151555480957031250e+02
2.516286926269531250e+02 2.514276428222656250e+02
1.647184295654296875e+02 1.638815765380859375e+02
3.324703369140625000e+02 3.334522094726562500e+02
2.017583160400390625e+02 2.011990814208984375e+02
1.619393768310546875e+02 1.612672729492187500e+02
1.636766204833984375e+02 1.641745758056640625e+02
2.374355926513671875e+02 2.376004180908203125e+02
2.475960540771484375e+02 2.488676910400390625e+02
2.366419525146484375e+02 2.367711334228515625e+02
2.466522369384765625e+02 2.471968841552734375e+02
1.971686553955078125e+02 1.964997711181640625e+02
2.274338836669921875e+02 2.272115631103515625e+02
2.052633972167968750e+02 2.048068695068359375e+02
1.936832122802734375e+02 1.932808685302734375e+02
3.851518554687500000e+02 3.852230834960937500e+02
3.588626708984375000e+02 3.595520019531250000e+02
3.678853759765625000e+02 3.676103210449218750e+02
3.646397094726562500e+02 3.656127624511718750e+02
2.887397766113281250e+02 2.889592590332031250e+02
3.653386840820312500e+02 3.654010925292968750e+02
3.317684020996093750e+02 3.316055603027343750e+02
2.365746917724609375e+02 2.362165527343750000e+02
3.628630371093750000e+02 3.637873229980468750e+02
3.678930664062500000e+02 3.681310729980468750e+02
2.254949035644531250e+02 2.255265045166015625e+02
3.616978149414062500e+02 3.625498657226562500e+02
1.883436584472656250e+02 1.883054962158203125e+02
2.257960205078125000e+02 2.273473205566406250e+02
1.880258483886718750e+02 1.880187683105468750e+02
2.544684143066406250e+02 2.552614440917968750e+02
2.256889343261718750e+02 2.272660369873046875e+02
1.619724731445312500e+02 1.616049041748046875e+02
3.321886596679687500e+02 3.324554748535156250e+02
2.523488464355468750e+02 2.530338134765625000e+02
4.105607299804687500e+02 4.116499328613281250e+02
2.147006378173828125e+02 2.153345947265625000e+02
1.523455352783203125e+02 1.522316589355468750e+02
1.483836975097656250e+02 1.495782928466796875e+02
3.457168884277343750e+02 3.460177307128906250e+02
3.320132141113281250e+02 3.330926818847656250e+02
2.328515777587890625e+02 2.339281158447265625e+02
1.448641510009765625e+02 1.458272399902343750e+02
1.661037139892578125e+02 1.666363525390625000e+02
3.321319580078125000e+02 3.324605102539062500e+02
3.699880676269531250e+02 3.707264709472656250e+02
1.455179443359375000e+02 1.455521697998046875e+02
2.348452148437500000e+02 2.361355438232421875e+02
2.257265167236328125e+02 2.271956787109375000e+02
1.709555358886718750e+02 1.716501464843750000e+02
1.671555633544921875e+02 1.675308074951171875e+02
2.622917480468750000e+02 2.625694274902343750e+02
2.543310852050781250e+02 2.548915100097656250e+02
3.731306457519531250e+02 3.735526733398437500e+02
3.587929382324218750e+02 3.591422729492187500e+02
2.042544708251953125e+02 2.036147155761718750e+02
3.673486938476562500e+02 3.680480041503906250e+02
3.702043457031250000e+02 3.702457275390625000e+02
1.497389068603515625e+02 1.492904357910156250e+02
2.353660278320312500e+02 2.352077636718750000e+02
2.540374755859375000e+02 2.543278961181640625e+02
2.128002471923828125e+02 2.125698394775390625e+02
1.496510925292968750e+02 1.502856292724609375e+02
3.457061767578125000e+02 3.465462951660156250e+02
1.872724609375000000e+02 1.868505554199218750e+02
3.321529235839843750e+02 3.330508117675781250e+02
2.340523834228515625e+02 2.346212615966796875e+02
2.340138549804687500e+02 2.341433410644531250e+02
3.586393127441406250e+02 3.583446655273437500e+02
2.006559600830078125e+02 1.999107666015625000e+02
1.660877075195312500e+02 1.662559814453125000e+02
2.789092407226562500e+02 2.792536010742187500e+02
1.911152954101562500e+02 1.906875000000000000e+02
3.942299499511718750e+02 3.946047668457031250e+02
1.961892547607421875e+02 1.963325805664062500e+02
2.359146270751953125e+02 2.373310089111328125e+02
1.591421661376953125e+02 1.586508178710937500e+02
3.482950134277343750e+02 3.491292419433593750e+02
4.417027282714843750e+02 4.417064819335937500e+02
1.805479736328125000e+02 1.797835845947265625e+02
1.478087463378906250e+02 1.486038208007812500e+02
1.907589874267578125e+02 1.907271423339843750e+02
2.557334594726562500e+02 2.557391815185546875e+02
3.519269104003906250e+02 3.510523681640625000e+02
3.313711242675781250e+02 3.320212707519531250e+02
1.775928039550781250e+02 1.762679290771484375e+02
2.969259338378906250e+02 2.968074951171875000e+02
2.835087280273437500e+02 2.840769042968750000e+02
2.259218597412109375e+02 2.258116302490234375e+02
1.822241973876953125e+02 1.824500579833984375e+02
1.849475708007812500e+02 1.847870635986328125e+02
2.260660705566406250e+02 2.275032348632812500e+02
3.322903747558593750e+02 3.332504882812500000e+02
1.722277069091796875e+02 1.715509033203125000e+02
1.818293457031250000e+02 1.814647064208984375e+02
3.578400573730468750e+02 3.588149108886718750e+02
1.566189727783203125e+02 1.566854400634765625e+02
2.359542236328125000e+02 2.358955688476562500e+02
2.363464813232421875e+02 2.358513793945312500e+02
1.521642456054687500e+02 1.528437805175781250e+02
2.609543457031250000e+02 2.602426757812500000e+02
2.919581909179687500e+02 2.920999450683593750e+02
2.611292724609375000e+02 2.612749633789062500e+02
1.777800140380859375e+02 1.786785125732421875e+02
1.439980468750000000e+02 1.442572021484375000e+02
3.762682189941406250e+02 3.764831237792968750e+02
2.062159423828125000e+02 2.054774169921875000e+02
1.470638427734375000e+02 1.477098388671875000e+02
4.608920593261718750e+02 4.615574645996093750e+02
3.631204528808593750e+02 3.632098693847656250e+02
1.794324035644531250e+02 1.801844177246093750e+02
3.920471191406250000e+02 3.921925659179687500e+02
4.118758850097656250e+02 4.122773437500000000e+02
1.976625671386718750e+02 1.974009857177734375e+02
1.773658752441406250e+02 1.784347229003906250e+02
2.106423034667968750e+02 2.110863342285156250e+02
2.390602722167968750e+02 2.378957824707031250e+02
2.655114440917968750e+02 2.650247192382812500e+02
2.218109741210937500e+02 2.224247741699218750e+02
2.133948059082031250e+02 2.136374053955078125e+02
2.482042541503906250e+02 2.492996978759765625e+02
1.994980926513671875e+02 1.987231597900390625e+02
1.827168426513671875e+02 1.822645721435546875e+02
3.307947692871093750e+02 3.306109924316406250e+02
1.887964019775390625e+02 1.891374359130859375e+02
1.859371185302734375e+02 1.869958343505859375e+02
1.894319915771484375e+02 1.888060302734375000e+02
2.325363006591796875e+02 2.322519989013671875e+02
1.709518585205078125e+02 1.702684478759765625e+02
3.465382690429687500e+02 3.471722717285156250e+02
2.608081970214843750e+02 2.607565002441406250e+02
2.309140319824218750e+02 2.317123413085937500e+02
3.652351074218750000e+02 3.655198974609375000e+02
2.439282989501953125e+02 2.435249328613281250e+02
1.468443298339843750e+02 1.468871002197265625e+02
2.403795928955078125e+02 2.416105499267578125e+02
3.247495422363281250e+02 3.245399169921875000e+02
2.538701324462890625e+02 2.529057922363281250e+02
1.743705291748046875e+02 1.752138366699218750e+02
2.467628479003906250e+02 2.462714843750000000e+02
2.257263793945312500e+02 2.259470825195312500e+02
4.078372802734375000e+02 4.079793701171875000e+02
1.884002380371093750e+02 1.877606506347656250e+02
3.327942810058593750e+02 3.333300170898437500e+02
1.768177185058593750e+02 1.761410522460937500e+02
1.919720764160156250e+02 1.934729461669921875e+02
3.349252319335937500e+02 3.359536437988281250e+02
3.042545166015625000e+02 3.041501770019531250e+02
3.615440673828125000e+02 3.617715454101562500e+02
4.265124816894531250e+02 4.277448730468750000e+02
2.012362823486328125e+02 2.005526733398437500e+02
3.035096130371093750e+02 3.029198608398437500e+02
1.667646026611328125e+02 1.662701110839843750e+02
1.749516143798828125e+02 1.737667083740234375e+02
2.387562408447265625e+02 2.387293853759765625e+02
2.326489105224609375e+02 2.339787750244140625e+02
2.580972290039062500e+02 2.577302856445312500e+02
1.952087554931640625e+02 1.939302062988281250e+02
3.464162597656250000e+02 3.472145080566406250e+02
1.770252227783203125e+02 1.778058776855468750e+02
2.438273925781250000e+02 2.435389709472656250e+02
2.523578643798828125e+02 2.528802185058593750e+02
2.424563751220703125e+02 2.417747955322265625e+02
3.711472167968750000e+02 3.723060607910156250e+02
3.344833679199218750e+02 3.356352233886718750e+02
1.624503631591796875e+02 1.627788543701171875e+02
2.701601257324218750e+02 2.700739440917968750e+02
3.470543823242187500e+02 3.460737304687500000e+02
2.394246368408203125e+02 2.387929534912109375e+02
2.469229278564453125e+02 2.462347717285156250e+02
2.340322875976562500e+02 2.355309753417968750e+02
3.654221801757812500e+02 3.663708496093750000e+02
2.333693542480468750e+02 2.329877319335937500e+02
1.419434051513671875e+02 1.407867736816406250e+02
3.319931640625000000e+02 3.325530700683593750e+02
1.581948547363281250e+02 1.581366729736328125e+02
3.630654907226562500e+02 3.639005432128906250e+02
2.611656494140625000e+02 2.616341857910156250e+02
1.484692993164062500e+02 1.484803924560546875e+02
1.910149536132812500e+02 1.900342102050781250e+02
1.885688629150390625e+02 1.883330688476562500e+02
3.960665588378906250e+02 3.964272766113281250e+02
1.827966613769531250e+02 1.827417907714843750e+02
1.811087036132812500e+02 1.809996032714843750e+02
3.167581176757812500e+02 3.166116333007812500e+02
4.172071533203125000e+02 4.179896240234375000e+02
2.387143096923828125e+02 2.393338623046875000e+02
2.392101135253906250e+02 2.393190307617187500e+02
2.963485107421875000e+02 2.978526611328125000e+02
2.543017883300781250e+02 2.543479461669921875e+02
1.821472320556640625e+02 1.824778289794921875e+02
1.565910034179687500e+02 1.567260589599609375e+02
2.166811981201171875e+02 2.155319213867187500e+02
3.592362060546875000e+02 3.588091430664062500e+02
3.321698913574218750e+02 3.328215332031250000e+02
1.907822265625000000e+02 1.902460479736328125e+02
2.458258514404296875e+02 2.459131164550781250e+02
2.333179473876953125e+02 2.354056854248046875e+02
3.674519653320312500e+02 3.675406799316406250e+02
1.768845367431640625e+02 1.770941619873046875e+02
1.725021209716796875e+02 1.725162200927734375e+02
3.977388610839843750e+02 3.975655212402343750e+02
2.871373291015625000e+02 2.868509521484375000e+02
3.957601623535156250e+02 3.963940734863281250e+02
3.615885314941406250e+02 3.620096435546875000e+02
1.428058319091796875e+02 1.427024078369140625e+02
3.934265747070312500e+02 3.941614379882812500e+02
3.574318237304687500e+02 3.576105957031250000e+02
3.321994018554687500e+02 3.332911682128906250e+02
3.671574096679687500e+02 3.671688842773437500e+02
3.322578125000000000e+02 3.322671813964843750e+02
3.488602905273437500e+02 3.499273681640625000e+02
2.880803833007812500e+02 2.879034118652343750e+02
2.499817657470703125e+02 2.499375305175781250e+02
2.722341003417968750e+02 2.719052429199218750e+02
3.318422241210937500e+02 3.326059265136718750e+02
2.651262512207031250e+02 2.657366027832031250e+02
3.613364562988281250e+02 3.621081542968750000e+02
3.317036743164062500e+02 3.323687438964843750e+02
3.649358520507812500e+02 3.652938842773437500e+02
2.274579772949218750e+02 2.282984924316406250e+02
1.427071990966796875e+02 1.436424865722656250e+02
2.258699493408203125e+02 2.256533508300781250e+02
3.993786926269531250e+02 3.995510864257812500e+02
1.809354095458984375e+02 1.803971862792968750e+02
3.680980224609375000e+02 3.685791015625000000e+02
1.963384094238281250e+02 1.966867980957031250e+02
1.816855926513671875e+02 1.815312500000000000e+02
2.362607116699218750e+02 2.356597137451171875e+02
2.539863281250000000e+02 2.535792236328125000e+02
3.348107604980468750e+02 3.354161376953125000e+02
2.608022766113281250e+02 2.597909240722656250e+02
3.455118408203125000e+02 3.457373962402343750e+02
3.076375122070312500e+02 3.074377441406250000e+02
3.120173950195312500e+02 3.117024230957031250e+02
2.382481079101562500e+02 2.382503204345703125e+02
3.352601928710937500e+02 3.358620300292968750e+02
2.483149566650390625e+02 2.485677032470703125e+02
1.630234680175781250e+02 1.636582183837890625e+02
3.828230895996093750e+02 3.831392211914062500e+02
2.482607421875000000e+02 2.479787445068359375e+02
1.586430511474609375e+02 1.583496246337890625e+02
1.734858245849609375e+02 1.740607604980468750e+02
2.541569824218750000e+02 2.534795379638671875e+02
3.353301391601562500e+02 3.360638732910156250e+02
4.463474426269531250e+02 4.467435302734375000e+02
3.320463562011718750e+02 3.329765014648437500e+02
2.573019104003906250e+02 2.580864868164062500e+02
2.346456756591796875e+02 2.345607604980468750e+02
2.074015350341796875e+02 2.072473449707031250e+02
1.658420104980468750e+02 1.642427215576171875e+02
1.750985260009765625e+02 1.741051330566406250e+02
3.893967895507812500e+02 3.902142944335937500e+02
3.473378601074218750e+02 3.475311584472656250e+02
1.682375640869140625e+02 1.675633544921875000e+02
1.502656860351562500e+02 1.499264068603515625e+02
3.317650756835937500e+02 3.326640014648437500e+02
2.222051849365234375e+02 2.216748962402343750e+02
2.104148712158203125e+02 2.101099243164062500e+02
1.941674499511718750e+02 1.945330810546875000e+02
3.353773803710937500e+02 3.358681945800781250e+02
2.582726135253906250e+02 2.587567138671875000e+02
1.849929504394531250e+02 1.848636016845703125e+02
3.578464355468750000e+02 3.591677551269531250e+02
3.356675720214843750e+02 3.362725830078125000e+02
3.463410034179687500e+02 3.466382446289062500e+02
2.254051818847656250e+02 2.269009094238281250e+02
1.524924468994140625e+02 1.522350769042968750e+02
3.470559082031250000e+02 3.478789367675781250e+02
1.993386383056640625e+02 1.999329071044921875e+02
2.765131835937500000e+02 2.761105651855468750e+02
3.581592102050781250e+02 3.581509399414062500e+02
2.569187622070312500e+02 2.568419494628906250e+02
2.601044311523437500e+02 2.603388061523437500e+02
3.589061279296875000e+02 3.602131042480468750e+02
2.108896636962890625e+02 2.099305114746093750e+02
1.910278625488281250e+02 1.922623748779296875e+02
3.321555786132812500e+02 3.331493225097656250e+02
2.660003662109375000e+02 2.660475769042968750e+02
3.014829406738281250e+02 3.014391784667968750e+02
2.031046752929687500e+02 2.036537780761718750e+02
1.607397613525390625e+02 1.607416687011718750e+02
3.651315002441406250e+02 3.655412902832031250e+02
2.106382141113281250e+02 2.107617492675781250e+02
3.684643249511718750e+02 3.687746276855468750e+02
4.010457153320312500e+02 4.002751159667968750e+02
2.406453399658203125e+02 2.398230743408203125e+02
3.639242858886718750e+02 3.640823059082031250e+02
2.409038238525390625e+02 2.404680480957031250e+02
4.381061401367187500e+02 4.379631042480468750e+02
2.020004119873046875e+02 2.011587982177734375e+02
3.592596740722656250e+02 3.594430236816406250e+02
1.842680969238281250e+02 1.838025817871093750e+02
3.439964904785156250e+02 3.437922668457031250e+02
1.694657592773437500e+02 1.697531280517578125e+02
1.753532257080078125e+02 1.745405273437500000e+02
1.760859069824218750e+02 1.759493408203125000e+02
1.702549438476562500e+02 1.715455627441406250e+02
1.764661254882812500e+02 1.753872375488281250e+02
2.257310791015625000e+02 2.254005432128906250e+02
1.706157379150390625e+02 1.698456115722656250e+02
2.629651184082031250e+02 2.627983398437500000e+02
1.732108764648437500e+02 1.718352508544921875e+02
1.856161041259765625e+02 1.869928588867187500e+02
3.320446472167968750e+02 3.328902587890625000e+02
3.457562866210937500e+02 3.458705139160156250e+02
1.688350372314453125e+02 1.693991088867187500e+02
2.669876403808593750e+02 2.670765380859375000e+02
1.590562591552734375e+02 1.590023651123046875e+02
2.655060729980468750e+02 2.670656738281250000e+02
1.762171173095703125e+02 1.760706634521484375e+02
1.727992553710937500e+02 1.728504333496093750e+02
1.823535308837890625e+02 1.823380889892578125e+02
3.814035949707031250e+02 3.816976318359375000e+02
1.697638549804687500e+02 1.708339080810546875e+02
3.763347167968750000e+02 3.759416809082031250e+02
2.601482238769531250e+02 2.603264770507812500e+02
1.898541564941406250e+02 1.896265106201171875e+02
4.113380432128906250e+02 4.114532775878906250e+02
3.513319702148437500e+02 3.512216186523437500e+02
1.736421966552734375e+02 1.736277923583984375e+02
1.808885955810546875e+02 1.812518768310546875e+02
1.706297760009765625e+02 1.712815093994140625e+02
3.320446777343750000e+02 3.328022155761718750e+02
2.602764282226562500e+02 2.607536010742187500e+02
1.839976806640625000e+02 1.844044036865234375e+02
3.461613464355468750e+02 3.464884338378906250e+02
4.207578125000000000e+02 4.216981811523437500e+02
3.566981506347656250e+02 3.575533447265625000e+02
1.762444305419921875e+02 1.754971771240234375e+02
1.800618133544921875e+02 1.807355041503906250e+02
1.414727478027343750e+02 1.422967834472656250e+02
2.542742767333984375e+02 2.534254760742187500e+02
1.799263305664062500e+02 1.806289520263671875e+02
1.582171630859375000e+02 1.572364959716796875e+02
3.650763854980468750e+02 3.660338439941406250e+02
3.825022583007812500e+02 3.829134216308593750e+02
3.861542663574218750e+02 3.855573425292968750e+02
3.929257202148437500e+02 3.930440063476562500e+02
2.012999572753906250e+02 2.007033843994140625e+02
2.340609436035156250e+02 2.349881286621093750e+02
2.820454711914062500e+02 2.818598327636718750e+02
2.840639648437500000e+02 2.838658142089843750e+02
3.596751403808593750e+02 3.603934936523437500e+02
1.512032012939453125e+02 1.525856170654296875e+02
1.792395477294921875e+02 1.801161499023437500e+02
1.932314300537109375e+02 1.928407287597656250e+02
3.799354553222656250e+02 3.810102844238281250e+02
2.257558746337890625e+02 2.254258117675781250e+02
3.574948730468750000e+02 3.584142150878906250e+02
3.677018737792968750e+02 3.676919250488281250e+02
1.939738769531250000e+02 1.939380187988281250e+02
1.853027496337890625e+02 1.856698760986328125e+02
3.648339538574218750e+02 3.655261840820312500e+02
1.622723999023437500e+02 1.621022186279296875e+02
2.086295013427734375e+02 2.089947204589843750e+02
1.772991180419921875e+02 1.774183197021484375e+02
1.592948608398437500e+02 1.596129760742187500e+02
1.616830291748046875e+02 1.613142242431640625e+02
1.622736663818359375e+02 1.620691375732421875e+02
3.455770874023437500e+02 3.461132202148437500e+02
2.935121459960937500e+02 2.936350402832031250e+02
2.361165771484375000e+02 2.357465057373046875e+02
2.386192169189453125e+02 2.379532470703125000e+02
3.836197814941406250e+02 3.828659667968750000e+02
1.794669494628906250e+02 1.804843902587890625e+02
1.638889007568359375e+02 1.629430541992187500e+02
3.480974426269531250e+02 3.479263000488281250e+02
2.026143646240234375e+02 2.020190887451171875e+02
1.483426208496093750e+02 1.477211456298828125e+02
3.649909362792968750e+02 3.647196960449218750e+02
2.382475585937500000e+02 2.380150299072265625e+02
2.276065368652343750e+02 2.284250183105468750e+02
3.690668640136718750e+02 3.699930725097656250e+02
3.854610595703125000e+02 3.859457092285156250e+02
1.422581634521484375e+02 1.422911224365234375e+02
1.683427429199218750e+02 1.692529602050781250e+02
1.835562133789062500e+02 1.843275146484375000e+02
3.696629028320312500e+02 3.703523864746093750e+02
3.474894714355468750e+02 3.476651611328125000e+02
1.964454498291015625e+02 1.972061767578125000e+02
2.352923736572265625e+02 2.364922790527343750e+02
3.481612548828125000e+02 3.492939453125000000e+02
2.667244873046875000e+02 2.674512023925781250e+02
3.645395812988281250e+02 3.647508239746093750e+02
3.642408142089843750e+02 3.649544982910156250e+02
1.764395599365234375e+02 1.772765197753906250e+02
1.825554046630859375e+02 1.825394897460937500e+02
2.467087860107421875e+02 2.459301300048828125e+02
2.327551116943359375e+02 2.334235382080078125e+02
1.506475677490234375e+02 1.496629943847656250e+02
2.678855895996093750e+02 2.675402221679687500e+02
2.568591918945312500e+02 2.569697570800781250e+02
2.050494537353515625e+02 2.048762512207031250e+02
1.585853881835937500e+02 1.589108123779296875e+02
4.189458312988281250e+02 4.194550170898437500e+02
2.122478027343750000e+02 2.114839782714843750e+02
3.582427673339843750e+02 3.589381713867187500e+02
3.593347167968750000e+02 3.602310485839843750e+02
1.574532928466796875e+02 1.574342803955078125e+02
3.476441650390625000e+02 3.487178344726562500e+02
2.202837066650390625e+02 2.199009399414062500e+02
2.161405639648437500e+02 2.162426452636718750e+02
2.304214477539062500e+02 2.319262847900390625e+02
1.875835113525390625e+02 1.875894012451171875e+02
3.657479553222656250e+02 3.665387573242187500e+02
1.781559753417968750e+02 1.783715515136718750e+02
1.850085449218750000e+02 1.862773590087890625e+02
2.665760803222656250e+02 2.655544433593750000e+02
3.671684265136718750e+02 3.679904785156250000e+02
3.349220886230468750e+02 3.359385986328125000e+02
3.853265380859375000e+02 3.855042419433593750e+02
3.678549194335937500e+02 3.687886352539062500e+02
2.385435333251953125e+02 2.383155822753906250e+02
3.511200561523437500e+02 3.515361633300781250e+02
1.418047332763671875e+02 1.417782897949218750e+02
3.318615112304687500e+02 3.320076599121093750e+02
2.219102172851562500e+02 2.211683044433593750e+02
3.787092895507812500e+02 3.801849365234375000e+02
3.587319335937500000e+02 3.591984863281250000e+02
4.269519958496093750e+02 4.277515258789062500e+02
4.102942199707031250e+02 4.104420166015625000e+02
2.388700714111328125e+02 2.387846679687500000e+02
3.317466430664062500e+02 3.320051574707031250e+02
1.736035003662109375e+02 1.740489349365234375e+02
1.747950286865234375e+02 1.739732971191406250e+02
2.450021057128906250e+02 2.451139373779296875e+02
2.385713958740234375e+02 2.384520416259765625e+02
1.608681335449218750e+02 1.597265014648437500e+02
3.470742187500000000e+02 3.464110107421875000e+02
1.405454101562500000e+02 1.402603912353515625e+02
1.938446044921875000e+02 1.940845184326171875e+02
2.702633056640625000e+02 2.705910949707031250e+02
1.976138763427734375e+02 1.970900878906250000e+02
3.612648925781250000e+02 3.619770202636718750e+02
4.054632263183593750e+02 4.063534240722656250e+02
3.460769042968750000e+02 3.462414245605468750e+02
3.475321044921875000e+02 3.482030029296875000e+02
3.319671630859375000e+02 3.319573364257812500e+02
1.563057250976562500e+02 1.569983978271484375e+02
1.608813018798828125e+02 1.608679046630859375e+02
2.053928527832031250e+02 2.060533447265625000e+02
2.576996459960937500e+02 2.574674072265625000e+02
1.718514709472656250e+02 1.725483245849609375e+02
2.510689239501953125e+02 2.518828582763671875e+02
1.471753082275390625e+02 1.482230987548828125e+02
2.275307922363281250e+02 2.276725769042968750e+02
4.179215087890625000e+02 4.186302185058593750e+02
1.843008270263671875e+02 1.845162811279296875e+02
2.661754455566406250e+02 2.658823242187500000e+02
3.311951293945312500e+02 3.319949951171875000e+02
2.609972229003906250e+02 2.617030944824218750e+02
1.594566955566406250e+02 1.597606811523437500e+02
3.350376586914062500e+02 3.358249511718750000e+02
1.400066986083984375e+02 1.405533294677734375e+02
3.613834838867187500e+02 3.623854370117187500e+02
2.369184722900390625e+02 2.368679962158203125e+02
1.854746856689453125e+02 1.854937744140625000e+02
2.276797790527343750e+02 2.276947784423828125e+02
3.574060058593750000e+02 3.576891174316406250e+02
3.486123657226562500e+02 3.477345886230468750e+02
2.671184387207031250e+02 2.676525573730468750e+02
2.237929687500000000e+02 2.231177673339843750e+02
1.759182281494140625e+02 1.761759490966796875e+02
3.969196777343750000e+02 3.966114501953125000e+02
1.988951721191406250e+02 1.994383392333984375e+02
2.486470947265625000e+02 2.485428771972656250e+02
2.607333068847656250e+02 2.601368103027343750e+02
2.258191986083984375e+02 2.267231292724609375e+02
3.515094299316406250e+02 3.521751708984375000e+02
1.696996765136718750e+02 1.702574462890625000e+02
2.415963287353515625e+02 2.410570068359375000e+02
3.577852172851562500e+02 3.588313293457031250e+02
1.521508026123046875e+02 1.515150451660156250e+02
2.260359954833984375e+02 2.260402984619140625e+02
3.630872802734375000e+02 3.640034179687500000e+02
2.900325012207031250e+02 2.901633605957031250e+02
3.702095031738281250e+02 3.711779785156250000e+02
3.488323059082031250e+02 3.496676025390625000e+02
3.460463562011718750e+02 3.467148132324218750e+02
2.518173522949218750e+02 2.524493103027343750e+02
3.588071899414062500e+02 3.598438415527343750e+02
4.339112243652343750e+02 4.342651977539062500e+02
3.466656799316406250e+02 3.472435607910156250e+02
2.767607421875000000e+02 2.764522094726562500e+02
3.315738830566406250e+02 3.322386474609375000e+02
3.574431152343750000e+02 3.582592163085937500e+02
1.880449829101562500e+02 1.876141967773437500e+02
4.047626037597656250e+02 4.051846008300781250e+02
3.932586059570312500e+02 3.942019958496093750e+02
1.880480346679687500e+02 1.878201599121093750e+02
3.903134765625000000e+02 3.910810241699218750e+02
1.354248809814453125e+02 1.368338317871093750e+02
3.325206909179687500e+02 3.329700317382812500e+02
2.256239318847656250e+02 2.257135467529296875e+02
3.791546020507812500e+02 3.783808898925781250e+02
2.521123352050781250e+02 2.530601348876953125e+02
1.666369628906250000e+02 1.656355133056640625e+02
1.913598937988281250e+02 1.912419128417968750e+02
2.392886199951171875e+02 2.399628448486328125e+02
1.709274749755859375e+02 1.711100311279296875e+02
2.109862060546875000e+02 2.103563232421875000e+02
2.385928649902343750e+02 2.390595397949218750e+02
1.748324737548828125e+02 1.742320709228515625e+02
1.819406890869140625e+02 1.812386779785156250e+02
2.271633300781250000e+02 2.266966400146484375e+02
2.890476379394531250e+02 2.903646850585937500e+02
2.601148376464843750e+02 2.609394836425781250e+02
1.759145202636718750e+02 1.754663238525390625e+02
2.458592681884765625e+02 2.471673736572265625e+02
3.586542358398437500e+02 3.594975585937500000e+02
3.457388610839843750e+02 3.465506591796875000e+02
1.758229980468750000e+02 1.746052856445312500e+02
4.259371643066406250e+02 4.256745605468750000e+02
3.460403137207031250e+02 3.467611999511718750e+02
2.258925323486328125e+02 2.255031127929687500e+02
2.542188415527343750e+02 2.541102142333984375e+02
3.082249755859375000e+02 3.088046875000000000e+02
1.590178070068359375e+02 1.593392181396484375e+02
1.966812438964843750e+02 1.966280975341796875e+02
1.932092742919921875e+02 1.926343994140625000e+02
3.647301025390625000e+02 3.658852233886718750e+02
3.473723754882812500e+02 3.479183654785156250e+02
1.507194366455078125e+02 1.504023742675781250e+02
1.787027587890625000e+02 1.786736297607421875e+02
3.786443786621093750e+02 3.797533569335937500e+02
1.730191345214843750e+02 1.729673767089843750e+02
3.645515441894531250e+02 3.654568176269531250e+02
2.161765594482421875e+02 2.149177551269531250e+02
1.871796112060546875e+02 1.864728088378906250e+02
3.775074157714843750e+02 3.778916320800781250e+02
1.980614318847656250e+02 1.979168395996093750e+02
1.576934204101562500e+02 1.581628570556640625e+02
4.148604125976562500e+02 4.154946289062500000e+02
2.202376861572265625e+02 2.204959716796875000e+02
1.848601684570312500e+02 1.843930511474609375e+02
1.827281036376953125e+02 1.825876464843750000e+02
1.797407989501953125e+02 1.803865203857421875e+02
1.478963317871093750e+02 1.473101043701171875e+02
3.348319396972656250e+02 3.352423400878906250e+02
2.444488983154296875e+02 2.446425628662109375e+02
3.465696716308593750e+02 3.472425231933593750e+02
3.319403991699218750e+02 3.329144287109375000e+02
1.606677093505859375e+02 1.608037719726562500e+02
2.483057403564453125e+02 2.499301147460937500e+02
1.792611999511718750e+02 1.785367126464843750e+02
1.486592407226562500e+02 1.483426666259765625e+02
3.318592224121093750e+02 3.320832824707031250e+02
1.911641235351562500e+02 1.923367614746093750e+02
2.727770385742187500e+02 2.736076660156250000e+02
3.099185485839843750e+02 3.094403381347656250e+02
1.677897186279296875e+02 1.670878753662109375e+02
3.631747741699218750e+02 3.638792724609375000e+02
3.649732055664062500e+02 3.658035888671875000e+02
3.481032714843750000e+02 3.485733947753906250e+02
2.467169799804687500e+02 2.464647827148437500e+02
2.217805633544921875e+02 2.210143432617187500e+02
3.691936340332031250e+02 3.699982910156250000e+02
2.252590179443359375e+02 2.254514465332031250e+02
2.564865722656250000e+02 2.569980468750000000e+02
3.646161804199218750e+02 3.645636291503906250e+02
1.603005981445312500e+02 1.596965179443359375e+02
3.471150207519531250e+02 3.475150451660156250e+02
1.287212982177734375e+02 1.304843444824218750e+02
4.226066894531250000e+02 4.235017089843750000e+02
2.368175964355468750e+02 2.376421356201171875e+02
3.307525634765625000e+02 3.315589599609375000e+02
3.792132873535156250e+02 3.789989318847656250e+02
2.367287292480468750e+02 2.366945495605468750e+02
2.339742431640625000e+02 2.352530364990234375e+02
1.701140594482421875e+02 1.698436737060546875e+02
1.571160278320312500e+02 1.565487365722656250e+02
3.318439025878906250e+02 3.322681579589843750e+02
3.586718750000000000e+02 3.592344360351562500e+02
1.660326690673828125e+02 1.648907928466796875e+02
3.616356506347656250e+02 3.614267578125000000e+02
1.851289062500000000e+02 1.851924591064453125e+02
1.985281219482421875e+02 1.992900085449218750e+02
3.478707580566406250e+02 3.486520385742187500e+02
2.341010894775390625e+02 2.342070007324218750e+02
1.809803924560546875e+02 1.812185668945312500e+02
1.269821395874023438e+02 1.264817733764648438e+02
2.636825561523437500e+02 2.647091979980468750e+02
3.477925109863281250e+02 3.488033447265625000e+02
4.403881530761718750e+02 4.406940002441406250e+02
3.580227355957031250e+02 3.587374877929687500e+02
3.319253540039062500e+02 3.329134216308593750e+02
2.260318756103515625e+02 2.255648040771484375e+02
1.592779388427734375e+02 1.602324371337890625e+02
1.659890289306640625e+02 1.664364624023437500e+02
4.054783325195312500e+02 4.058317565917968750e+02
3.346200256347656250e+02 3.351988830566406250e+02
2.108228302001953125e+02 2.108365020751953125e+02
3.809225769042968750e+02 3.810771484375000000e+02
2.040921478271484375e+02 2.028696289062500000e+02
1.654663391113281250e+02 1.659427947998046875e+02
1.735229339599609375e+02 1.743276977539062500e+02
2.436764221191406250e+02 2.439618682861328125e+02
3.844987792968750000e+02 3.852943115234375000e+02
3.321192321777343750e+02 3.326333618164062500e+02
1.936899414062500000e+02 1.932238616943359375e+02
2.461629638671875000e+02 2.461481323242187500e+02
1.623907012939453125e+02 1.611013946533203125e+02
1.724124603271484375e+02 1.711950836181640625e+02
3.695845031738281250e+02 3.711465454101562500e+02
2.451292266845703125e+02 2.451348571777343750e+02
1.875768127441406250e+02 1.870208435058593750e+02
2.323232421875000000e+02 2.327741699218750000e+02
1.929853820800781250e+02 1.932235107421875000e+02
1.821238861083984375e+02 1.828896331787109375e+02
1.974895477294921875e+02 1.985409240722656250e+02
1.287258148193359375e+02 1.281852111816406250e+02
3.630462341308593750e+02 3.631642456054687500e+02
1.836846466064453125e+02 1.832613983154296875e+02
3.766815795898437500e+02 3.768464050292968750e+02
1.610741577148437500e+02 1.620193786621093750e+02
1.697830810546875000e+02 1.694368743896484375e+02
1.910449066162109375e+02 1.902043151855468750e+02
4.464592895507812500e+02 4.463190917968750000e+02
3.586621093750000000e+02 3.599575195312500000e+02
1.559922790527343750e+02 1.560343475341796875e+02
1.714098205566406250e+02 1.715595703125000000e+02
3.643838806152343750e+02 3.647107543945312500e+02
1.798449707031250000e+02 1.791955566406250000e+02
2.616561889648437500e+02 2.628453979492187500e+02
2.367409820556640625e+02 2.378880615234375000e+02
1.935397949218750000e+02 1.941385803222656250e+02
3.358723754882812500e+02 3.360916137695312500e+02
2.368789978027343750e+02 2.373435821533203125e+02
1.830291137695312500e+02 1.832807006835937500e+02
2.010460205078125000e+02 2.006077728271484375e+02
2.130003051757812500e+02 2.134330902099609375e+02
2.342308502197265625e+02 2.355085601806640625e+02
1.798309020996093750e+02 1.796234283447265625e+02
2.714995422363281250e+02 2.716353759765625000e+02
1.392259826660156250e+02 1.381544799804687500e+02
4.033690490722656250e+02 4.034859313964843750e+02
2.808607482910156250e+02 2.807024536132812500e+02
2.367137298583984375e+02 2.380614013671875000e+02
3.796025085449218750e+02 3.804390869140625000e+02
2.091070098876953125e+02 2.092535858154296875e+02
2.257066345214843750e+02 2.254747772216796875e+02
2.610827026367187500e+02 2.615223999023437500e+02
3.577079772949218750e+02 3.577119140625000000e+02
3.897517700195312500e+02 3.901038513183593750e+02
3.485656738281250000e+02 3.487569274902343750e+02
3.306851501464843750e+02 3.304631042480468750e+02
2.332965850830078125e+02 2.331289367675781250e+02
1.491371917724609375e+02 1.488976745605468750e+02
2.536702728271484375e+02 2.532349243164062500e+02
2.913442993164062500e+02 2.908674316406250000e+02
1.757550354003906250e+02 1.763968200683593750e+02
2.147680816650390625e+02 2.140523223876953125e+02
1.672802429199218750e+02 1.670706634521484375e+02
2.038202209472656250e+02 2.027796478271484375e+02
2.256989593505859375e+02 2.257182617187500000e+02
2.078609619140625000e+02 2.072975311279296875e+02
2.258782958984375000e+02 2.258967437744140625e+02
3.490642700195312500e+02 3.496825866699218750e+02
2.405519409179687500e+02 2.405519409179687500e+02
3.443283691406250000e+02 3.444787902832031250e+02
1.546180267333984375e+02 1.551016998291015625e+02
2.607949829101562500e+02 2.614469604492187500e+02
1.768855285644531250e+02 1.771452789306640625e+02
4.204553222656250000e+02 4.205505371093750000e+02
3.347741394042968750e+02 3.354105529785156250e+02
3.784288635253906250e+02 3.795639953613281250e+02
3.590992736816406250e+02 3.593623352050781250e+02
3.706457824707031250e+02 3.723317260742187500e+02
1.707893829345703125e+02 1.709523468017578125e+02
3.321273193359375000e+02 3.334628906250000000e+02
1.734597015380859375e+02 1.741707305908203125e+02
2.473428344726562500e+02 2.468856811523437500e+02
3.456840515136718750e+02 3.460107727050781250e+02
3.931556091308593750e+02 3.945991210937500000e+02
3.641383666992187500e+02 3.643286437988281250e+02
3.486609802246093750e+02 3.490743713378906250e+02
1.762997131347656250e+02 1.769073028564453125e+02
3.459749755859375000e+02 3.468493957519531250e+02
2.372551574707031250e+02 2.375365142822265625e+02
2.342699127197265625e+02 2.359573516845703125e+02
3.792548828125000000e+02 3.792684631347656250e+02
3.648014831542968750e+02 3.650562133789062500e+02
3.456765136718750000e+02 3.459431152343750000e+02
1.927225799560546875e+02 1.917859039306640625e+02
3.320554504394531250e+02 3.327577819824218750e+02
2.366074676513671875e+02 2.374029998779296875e+02
2.565071411132812500e+02 2.559446716308593750e+02
1.589249114990234375e+02 1.585668029785156250e+02
1.649156188964843750e+02 1.658773498535156250e+02
2.297946777343750000e+02 2.300740509033203125e+02
3.305176086425781250e+02 3.317240295410156250e+02
2.392686614990234375e+02 2.386443634033203125e+02
3.768744506835937500e+02 3.777774353027343750e+02
1.452557525634765625e+02 1.447160034179687500e+02
3.724507141113281250e+02 3.718354187011718750e+02
3.822973022460937500e+02 3.836001281738281250e+02
3.685831909179687500e+02 3.689821166992187500e+02
2.049696655273437500e+02 2.046957550048828125e+02
4.165338439941406250e+02 4.162808227539062500e+02
2.258078460693359375e+02 2.255486907958984375e+02
3.576187438964843750e+02 3.589383850097656250e+02
3.493133544921875000e+02 3.493762817382812500e+02
2.104651794433593750e+02 2.093256072998046875e+02
1.467922515869140625e+02 1.482327575683593750e+02
1.797442932128906250e+02 1.801784667968750000e+02
2.250483398437500000e+02 2.250509338378906250e+02
3.842597351074218750e+02 3.846287536621093750e+02
2.876075744628906250e+02 2.878655395507812500e+02
1.830785217285156250e+02 1.838903503417968750e+02
2.392183837890625000e+02 2.387398223876953125e+02
1.660020446777343750e+02 1.658175811767578125e+02
2.313862152099609375e+02 2.311932983398437500e+02
3.320682067871093750e+02 3.328085632324218750e+02
3.910035400390625000e+02 3.913094787597656250e+02
1.974455718994140625e+02 1.976874542236328125e+02
3.482728271484375000e+02 3.495314025878906250e+02
3.461542358398437500e+02 3.462821960449218750e+02
3.091498107910156250e+02 3.088462524414062500e+02
1.811835937500000000e+02 1.805356140136718750e+02
1.794537048339843750e+02 1.799482421875000000e+02
3.850911254882812500e+02 3.845164184570312500e+02
1.986795349121093750e+02 1.978431091308593750e+02
3.819980773925781250e+02 3.827233276367187500e+02
1.794615020751953125e+02 1.790588836669921875e+02
2.444566497802734375e+02 2.439786834716796875e+02
1.760684051513671875e+02 1.766128234863281250e+02
1.477499847412109375e+02 1.486253051757812500e+02
3.318760375976562500e+02 3.325743103027343750e+02
2.761697387695312500e+02 2.762283020019531250e+02
3.631288757324218750e+02 3.632380676269531250e+02
1.963728332519531250e+02 1.963265228271484375e+02
3.689685974121093750e+02 3.689823303222656250e+02
1.830745544433593750e+02 1.830321807861328125e+02
1.824581298828125000e+02 1.832751312255859375e+02
1.630450897216796875e+02 1.615000152587890625e+02
3.646112976074218750e+02 3.653601989746093750e+02
1.795304260253906250e+02 1.792404327392578125e+02
6.070697021484375000e+02 6.061973876953125000e+02
2.366997222900390625e+02 2.377393493652343750e+02
2.494606323242187500e+02 2.504123077392578125e+02
2.309092559814453125e+02 2.310478363037109375e+02
2.646159057617187500e+02 2.649890136718750000e+02
2.963787536621093750e+02 2.966146545410156250e+02
3.455879211425781250e+02 3.458469543457031250e+02
1.889738464355468750e+02 1.887772369384765625e+02
4.947844238281250000e+02 4.945469970703125000e+02
2.261383056640625000e+02 2.261584167480468750e+02
1.603864898681640625e+02 1.617973022460937500e+02
1.509671020507812500e+02 1.504828796386718750e+02
2.346637725830078125e+02 2.346111602783203125e+02
3.672985229492187500e+02 3.681315307617187500e+02
3.474875793457031250e+02 3.480942993164062500e+02
2.027653656005859375e+02 2.021633911132812500e+02
1.531046447753906250e+02 1.518937377929687500e+02
2.384091491699218750e+02 2.379268646240234375e+02
3.671297607421875000e+02 3.678630371093750000e+02
3.713172302246093750e+02 3.709497070312500000e+02
2.385662536621093750e+02 2.383535766601562500e+02
1.763610076904296875e+02 1.753749237060546875e+02
3.656911010742187500e+02 3.657889404296875000e+02
2.021272277832031250e+02 2.018717803955078125e+02
3.523632507324218750e+02 3.531447143554687500e+02
3.709717712402343750e+02 3.719375915527343750e+02
2.077726440429687500e+02 2.079623870849609375e+02
3.646915588378906250e+02 3.651918029785156250e+02
2.346534423828125000e+02 2.345687713623046875e+02
3.665260314941406250e+02 3.670137023925781250e+02
2.514438018798828125e+02 2.510528869628906250e+02
2.443175659179687500e+02 2.443667602539062500e+02
1.831359558105468750e+02 1.826199645996093750e+02
3.593374023437500000e+02 3.604519348144531250e+02
1.950811462402343750e+02 1.947078704833984375e+02
3.475356445312500000e+02 3.477971496582031250e+02
2.261368103027343750e+02 2.263554992675781250e+02
2.971290283203125000e+02 2.966319274902343750e+02
2.482475280761718750e+02 2.490498962402343750e+02
1.481815490722656250e+02 1.480677490234375000e+02
3.577211303710937500e+02 3.576224365234375000e+02
3.295386657714843750e+02 3.288078308105468750e+02
2.952559814453125000e+02 2.947835083007812500e+02
3.588950805664062500e+02 3.596122436523437500e+02
3.833781127929687500e+02 3.839158630371093750e+02
3.616547241210937500e+02 3.614538269042968750e+02
1.540685577392578125e+02 1.539025878906250000e+02
3.576854248046875000e+02 3.590834350585937500e+02
1.907988128662109375e+02 1.909857940673828125e+02
1.746047058105468750e+02 1.749687194824218750e+02
3.899209289550781250e+02 3.903636779785156250e+02
2.623431091308593750e+02 2.619522705078125000e+02
2.603475646972656250e+02 2.604171752929687500e+02
2.442140350341796875e+02 2.443414916992187500e+02
3.579438781738281250e+02 3.582861328125000000e+02
1.674165039062500000e+02 1.678869781494140625e+02
1.995153503417968750e+02 1.989852752685546875e+02
3.346353454589843750e+02 3.354577636718750000e+02
1.782304077148437500e+02 1.790248107910156250e+02
2.310563659667968750e+02 2.308296508789062500e+02
2.274182586669921875e+02 2.277295532226562500e+02
3.627444763183593750e+02 3.630684204101562500e+02
4.120075378417968750e+02 4.128147888183593750e+02
1.743040161132812500e+02 1.752181091308593750e+02
3.663731994628906250e+02 3.664049987792968750e+02
2.384816589355468750e+02 2.389747467041015625e+02
3.571707763671875000e+02 3.582470703125000000e+02
2.478146667480468750e+02 2.474696044921875000e+02
2.518466949462890625e+02 2.516508331298828125e+02
2.517510070800781250e+02 2.518990020751953125e+02
1.626395568847656250e+02 1.626467132568359375e+02
1.785717010498046875e+02 1.794680328369140625e+02
3.593867187500000000e+02 3.600502624511718750e+02
2.878262634277343750e+02 2.879279479980468750e+02
3.321972961425781250e+02 3.334859313964843750e+02
1.506629943847656250e+02 1.504192810058593750e+02
1.894348754882812500e+02 1.892505645751953125e+02
2.161936340332031250e+02 2.160550384521484375e+02
1.982390899658203125e+02 1.978962707519531250e+02
2.460042114257812500e+02 2.454647369384765625e+02
2.345159606933593750e+02 2.353988952636718750e+02
3.641134948730468750e+02 3.638019409179687500e+02
3.328277587890625000e+02 3.334238281250000000e+02
4.122006835937500000e+02 4.122872924804687500e+02
2.127373352050781250e+02 2.120175323486328125e+02
2.462239990234375000e+02 2.478228149414062500e+02
1.982182769775390625e+02 1.973564910888671875e+02
3.711900024414062500e+02 3.707982177734375000e+02
2.542532348632812500e+02 2.529112396240234375e+02
3.583297729492187500e+02 3.589858093261718750e+02
2.925176696777343750e+02 2.922021789550781250e+02
3.323522338867187500e+02 3.326111755371093750e+02
1.535656280517578125e+02 1.549514617919921875e+02
3.702628784179687500e+02 3.706328125000000000e+02
2.164778289794921875e+02 2.169062194824218750e+02
2.949091796875000000e+02 2.960056457519531250e+02
1.558876037597656250e+02 1.547052917480468750e+02
1.479940185546875000e+02 1.483553619384765625e+02
1.509875488281250000e+02 1.507809448242187500e+02
1.961716461181640625e+02 1.973864440917968750e+02
2.461473236083984375e+02 2.454119873046875000e+02
1.897309417724609375e+02 1.898285217285156250e+02
1.849786071777343750e+02 1.845842285156250000e+02
1.467796020507812500e+02 1.477920074462890625e+02
3.897968444824218750e+02 3.902554626464843750e+02
1.541942901611328125e+02 1.539450225830078125e+02
1.911760559082031250e+02 1.921836395263671875e+02
3.616555480957031250e+02 3.619095458984375000e+02
3.947730407714843750e+02 3.964020080566406250e+02
4.403866271972656250e+02 4.410603027343750000e+02
4.713153076171875000e+02 4.722385253906250000e+02
2.363363647460937500e+02 2.359927825927734375e+02
3.322918395996093750e+02 3.320465698242187500e+02
1.795154571533203125e+02 1.797642364501953125e+02
1.687700958251953125e+02 1.681348724365234375e+02
2.659932556152343750e+02 2.658382263183593750e+02
2.414394073486328125e+02 2.414750823974609375e+02
2.019084930419921875e+02 2.021678619384765625e+02
1.830094299316406250e+02 1.815426940917968750e+02
1.871219024658203125e+02 1.867569122314453125e+02
2.392332611083984375e+02 2.386178894042968750e+02
2.460781250000000000e+02 2.473039855957031250e+02
1.855853881835937500e+02 1.852223205566406250e+02
3.321963806152343750e+02 3.325570373535156250e+02
2.629428710937500000e+02 2.635488586425781250e+02
3.642532043457031250e+02 3.645195007324218750e+02
1.651384124755859375e+02 1.647358245849609375e+02
3.457546691894531250e+02 3.464250183105468750e+02
1.742156066894531250e+02 1.747916107177734375e+02
2.126413116455078125e+02 2.124400482177734375e+02
4.327122802734375000e+02 4.332333679199218750e+02
1.409897918701171875e+02 1.406709289550781250e+02
3.638760986328125000e+02 3.640974731445312500e+02
1.422618103027343750e+02 1.418551635742187500e+02
1.899306793212890625e+02 1.901418304443359375e+02
3.487185974121093750e+02 3.491276245117187500e+02
1.852058105468750000e+02 1.852104949951171875e+02
1.580022888183593750e+02 1.574982757568359375e+02
2.459247131347656250e+02 2.456336975097656250e+02
2.383956146240234375e+02 2.390511322021484375e+02
3.881036071777343750e+02 3.883982543945312500e+02
2.568018798828125000e+02 2.576634826660156250e+02
1.568151855468750000e+02 1.567839050292968750e+02
3.634424133300781250e+02 3.633921813964843750e+02
3.579452209472656250e+02 3.591636352539062500e+02
2.191559753417968750e+02 2.193244628906250000e+02
1.720211181640625000e+02 1.725279998779296875e+02
4.086625061035156250e+02 4.092527770996093750e+02
3.462821044921875000e+02 3.467311096191406250e+02
3.818758239746093750e+02 3.825087890625000000e+02
2.326100158691406250e+02 2.323801269531250000e+02
2.562319335937500000e+02 2.553625946044921875e+02
2.635192565917968750e+02 2.633286132812500000e+02
1.920673370361328125e+02 1.926789855957031250e+02
3.472524108886718750e+02 3.467006530761718750e+02
1.639203948974609375e+02 1.638934631347656250e+02
3.320359497070312500e+02 3.328878479003906250e+02
1.702143249511718750e+02 1.705115203857421875e+02
2.750767517089843750e+02 2.750334167480468750e+02
2.475321044921875000e+02 2.475628204345703125e+02
1.542480163574218750e+02 1.543122558593750000e+02
1.426114959716796875e+02 1.429795074462890625e+02
1.593853149414062500e+02 1.605679321289062500e+02
3.319244995117187500e+02 3.329205322265625000e+02
4.514025573730468750e+02 4.513333129882812500e+02
1.743660278320312500e+02 1.742989654541015625e+02
4.234153137207031250e+02 4.233122253417968750e+02
3.476636962890625000e+02 3.484603576660156250e+02
4.021436157226562500e+02 4.023840026855468750e+02
3.461655273437500000e+02 3.466286621093750000e+02
1.899533691406250000e+02 1.895597534179687500e+02
2.343827972412109375e+02 2.344415435791015625e+02
2.437396697998046875e+02 2.435137023925781250e+02
2.092263641357421875e+02 2.088670654296875000e+02
1.622001800537109375e+02 1.625198669433593750e+02
2.259985504150390625e+02 2.277373046875000000e+02
2.571913452148437500e+02 2.568459777832031250e+02
3.320276184082031250e+02 3.329671325683593750e+02
3.806688232421875000e+02 3.811033935546875000e+02
3.590133666992187500e+02 3.597235412597656250e+02
3.828341064453125000e+02 3.835370178222656250e+02
2.461262512207031250e+02 2.462184448242187500e+02
1.808413085937500000e+02 1.802975463867187500e+02
3.316759948730468750e+02 3.321552124023437500e+02
4.136280822753906250e+02 4.138991088867187500e+02
1.755057525634765625e+02 1.744323425292968750e+02
1.843889465332031250e+02 1.850123138427734375e+02
2.540371398925781250e+02 2.534927368164062500e+02
3.459544677734375000e+02 3.464902038574218750e+02
1.926026458740234375e+02 1.926735076904296875e+02
3.666247253417968750e+02 3.663327941894531250e+02
3.965774230957031250e+02 3.975548095703125000e+02
1.748520965576171875e+02 1.740344696044921875e+02
1.509482116699218750e+02 1.507475891113281250e+02
1.940109558105468750e+02 1.932823333740234375e+02
2.102772216796875000e+02 2.100155639648437500e+02
3.457658996582031250e+02 3.463905334472656250e+02
4.147007141113281250e+02 4.142740783691406250e+02
1.708967132568359375e+02 1.702502441406250000e+02
1.829217071533203125e+02 1.827951354980468750e+02
1.750330505371093750e+02 1.747625427246093750e+02
4.272324523925781250e+02 4.278618164062500000e+02
1.720803375244140625e+02 1.724577789306640625e+02
1.502880706787109375e+02 1.499132995605468750e+02
2.442277832031250000e+02 2.440573883056640625e+02
2.365557708740234375e+02 2.361094055175781250e+02
1.576775512695312500e+02 1.587467498779296875e+02
2.055467071533203125e+02 2.058536682128906250e+02
3.346254272460937500e+02 3.339381713867187500e+02
2.688125305175781250e+02 2.692136535644531250e+02
1.816610260009765625e+02 1.798998718261718750e+02
3.323195190429687500e+02 3.330387573242187500e+02
3.493252258300781250e+02 3.500971374511718750e+02
2.475773315429687500e+02 2.483668060302734375e+02
3.481542663574218750e+02 3.482102966308593750e+02
4.226728515625000000e+02 4.235245666503906250e+02
3.840332641601562500e+02 3.843514099121093750e+02
1.504699096679687500e+02 1.493424835205078125e+02
2.310766754150390625e+02 2.313111724853515625e+02
4.601621704101562500e+02 4.602989196777343750e+02
1.759619140625000000e+02 1.766311187744140625e+02
3.852778015136718750e+02 3.855901794433593750e+02
1.996845245361328125e+02 1.997142791748046875e+02
1.878893127441406250e+02 1.873148345947265625e+02
1.857775573730468750e+02 1.851714782714843750e+02
4.244727783203125000e+02 4.248684997558593750e+02
2.690442810058593750e+02 2.685265502929687500e+02
2.232753906250000000e+02 2.236724243164062500e+02
4.068197021484375000e+02 4.068692626953125000e+02
3.486291198730468750e+02 3.488423156738281250e+02
2.389303131103515625e+02 2.400565490722656250e+02
1.592742919921875000e+02 1.590248260498046875e+02
1.564513549804687500e+02 1.578118133544921875e+02
2.108417816162109375e+02 2.115082397460937500e+02
1.936346588134765625e+02 1.933857269287109375e+02
1.470050659179687500e+02 1.475472717285156250e+02
2.280691986083984375e+02 2.280855712890625000e+02
1.630151214599609375e+02 1.645335540771484375e+02
2.044799346923828125e+02 2.038239898681640625e+02
1.958819427490234375e+02 1.971060333251953125e+02
1.775669097900390625e+02 1.771079559326171875e+02
2.031871795654296875e+02 2.024446716308593750e+02
2.256547241210937500e+02 2.255566711425781250e+02
3.855852355957031250e+02 3.856047363281250000e+02
2.460979919433593750e+02 2.474329223632812500e+02
1.759722900390625000e+02 1.767357330322265625e+02
3.642817993164062500e+02 3.652963562011718750e+02
3.458453063964843750e+02 3.467747497558593750e+02
2.278050842285156250e+02 2.273129577636718750e+02
2.543899993896484375e+02 2.542448272705078125e+02
1.539639739990234375e+02 1.533698577880859375e+02
3.475503540039062500e+02 3.483316345214843750e+02
3.627125549316406250e+02 3.636780395507812500e+02
2.259346466064453125e+02 2.262425384521484375e+02
2.035668487548828125e+02 2.037114868164062500e+02
1.840158538818359375e+02 1.839606781005859375e+02
2.675669860839843750e+02 2.672652587890625000e+02
1.953138732910156250e+02 1.954219970703125000e+02
3.482115173339843750e+02 3.488117065429687500e+02
3.321381225585937500e+02 3.330669250488281250e+02
3.826713562011718750e+02 3.837848815917968750e+02
1.811560363769531250e+02 1.800805969238281250e+02
4.144421386718750000e+02 4.142560729980468750e+02
2.516286926269531250e+02 2.534262542724609375e+02
1.647184295654296875e+02 1.651513519287109375e+02
3.324703369140625000e+02 3.336370849609375000e+02
2.017583160400390625e+02 2.021317443847656250e+02
1.619393768310546875e+02 1.611520996093750000e+02
1.636766204833984375e+02 1.636012115478515625e+02
2.374355926513671875e+02 2.364344940185546875e+02
2.475960540771484375e+02 2.471925354003906250e+02
2.366419525146484375e+02 2.366891174316406250e+02
2.466522369384765625e+02 2.461089782714843750e+02
1.971686553955078125e+02 1.977008819580078125e+02
2.274338836669921875e+02 2.288555145263671875e+02
2.052633972167968750e+02 2.046605072021484375e+02
1.936832122802734375e+02 1.949905395507812500e+02
3.851518554687500000e+02 3.860967102050781250e+02
3.588626708984375000e+02 3.593528442382812500e+02
3.678853759765625000e+02 3.695433044433593750e+02
3.646397094726562500e+02 3.650010375976562500e+02
2.887397766113281250e+02 2.889696350097656250e+02
3.653386840820312500e+02 3.662156982421875000e+02
3.317684020996093750e+02 3.325660095214843750e+02
2.365746917724609375e+02 2.374947967529296875e+02
3.628630371093750000e+02 3.629002685546875000e+02
3.678930664062500000e+02 3.681966247558593750e+02
2.254949035644531250e+02 2.267939758300781250e+02
3.616978149414062500e+02 3.617819213867187500e+02
1.883436584472656250e+02 1.892573852539062500e+02
2.257960205078125000e+02 2.258727874755859375e+02
1.880258483886718750e+02 1.880015106201171875e+02
2.544684143066406250e+02 2.539889526367187500e+02
2.256889343261718750e+02 2.257323913574218750e+02
1.619724731445312500e+02 1.625917816162109375e+02
3.321886596679687500e+02 3.331364440917968750e+02
2.523488464355468750e+02 2.517305603027343750e+02
4.105607299804687500e+02 4.106676025390625000e+02
2.147006378173828125e+02 2.139013061523437500e+02
1.523455352783203125e+02 1.521686553955078125e+02
1.483836975097656250e+02 1.490279998779296875e+02
3.457168884277343750e+02 3.467471618652343750e+02
3.320132141113281250e+02 3.325489196777343750e+02
2.328515777587890625e+02 2.326899108886718750e+02
1.448641510009765625e+02 1.453184051513671875e+02
1.661037139892578125e+02 1.657199401855468750e+02
3.321319580078125000e+02 3.325946655273437500e+02
3.699880676269531250e+02 3.700117187500000000e+02
1.455179443359375000e+02 1.459375610351562500e+02
2.348452148437500000e+02 2.346398468017578125e+02
2.257265167236328125e+02 2.254834442138671875e+02
1.709555358886718750e+02 1.706713409423828125e+02
1.671555633544921875e+02 1.664869537353515625e+02
2.622917480468750000e+02 2.621031494140625000e+02
2.543310852050781250e+02 2.539803314208984375e+02
3.731306457519531250e+02 3.747532348632812500e+02
3.587929382324218750e+02 3.596362304687500000e+02
2.042544708251953125e+02 2.047832336425781250e+02
3.673486938476562500e+02 3.675156555175781250e+02
3.702043457031250000e+02 3.711049804687500000e+02
1.497389068603515625e+02 1.510387573242187500e+02
2.353660278320312500e+02 2.369259643554687500e+02
2.540374755859375000e+02 2.538761444091796875e+02
2.128002471923828125e+02 2.126064605712890625e+02
1.496510925292968750e+02 1.490732421875000000e+02
3.457061767578125000e+02 3.461911010742187500e+02
1.872724609375000000e+02 1.861076354980468750e+02
3.321529235839843750e+02 3.323164062500000000e+02
2.340523834228515625e+02 2.340609130859375000e+02
2.340138549804687500e+02 2.350515441894531250e+02
3.586393127441406250e+02 3.589208374023437500e+02
2.006559600830078125e+02 2.013566131591796875e+02
1.660877075195312500e+02 1.664296417236328125e+02
2.789092407226562500e+02 2.785699462890625000e+02
1.911152954101562500e+02 1.922132720947265625e+02
3.942299499511718750e+02 3.954831542968750000e+02
1.961892547607421875e+02 1.965248565673828125e+02
2.359146270751953125e+02 2.354507751464843750e+02
1.591421661376953125e+02 1.589962768554687500e+02
3.482950134277343750e+02 3.479690856933593750e+02
4.417027282714843750e+02 4.421112670898437500e+02
1.805479736328125000e+02 1.792145690917968750e+02
1.478087463378906250e+02 1.477434997558593750e+02
1.907589874267578125e+02 1.922805938720703125e+02
2.557334594726562500e+02 2.556128540039062500e+02
3.519269104003906250e+02 3.535067138671875000e+02
