1.161527237854897976e-03 2.549784258008003235e-03
1.263596350327134132e-03 2.389913424849510193e-03
1.124836620874702930e-03 2.333310199901461601e-03
1.056419569067656994e-03 2.454665256664156914e-03
1.142143853940069675e-03 2.559790853410959244e-03
1.175710465759038925e-03 2.480917377397418022e-03
1.045354409143328667e-03 2.394302282482385635e-03
1.052203006111085415e-03 2.378032775595784187e-03
1.140864915214478970e-03 2.396778902038931847e-03
1.068499404937028885e-03 2.430782187730073929e-03
1.016971422359347343e-03 2.453035907819867134e-03
1.066778553649783134e-03 2.400600817054510117e-03
1.078238710761070251e-03 2.349455608054995537e-03
1.030864659696817398e-03 2.376071643084287643e-03
1.012791297398507595e-03 2.442500786855816841e-03
1.051212544552981853e-03 2.454932779073715210e-03
1.041247858665883541e-03 2.390328096225857735e-03
9.968744125217199326e-04 2.366920467466115952e-03
1.018494251184165478e-03 2.384379273280501366e-03
1.040129223838448524e-03 2.419114112854003906e-03
1.009497907944023609e-03 2.426361665129661560e-03
9.987271623685956001e-04 2.401699312031269073e-03
1.017798436805605888e-03 2.374940784648060799e-03
1.017982605844736099e-03 2.370043424889445305e-03
1.001604367047548294e-03 2.402713056653738022e-03
9.994661668315529823e-04 2.423992380499839783e-03
1.009516301564872265e-03 2.401360077783465385e-03
1.001672586426138878e-03 2.370732370764017105e-03
9.932351531460881233e-04 2.372615970671176910e-03
9.996282169595360756e-04 2.394467592239379883e-03
1.005029072985053062e-03 2.404954051598906517e-03
9.935046546161174774e-04 2.392542781308293343e-03
9.903999743983149529e-04 2.376219257712364197e-03
1.000249758362770081e-03 2.376976655796170235e-03
9.982909541577100754e-04 2.391199348494410515e-03
9.910806547850370407e-04 2.405109815299510956e-03
9.919593576341867447e-04 2.399404300376772881e-03
9.931336389854550362e-04 2.381053753197193146e-03
9.937047725543379784e-04 2.376619027927517891e-03
9.899797150865197182e-04 2.390105044469237328e-03
9.905671468004584312e-04 2.401717239990830421e-03
9.931905660778284073e-04 2.397417323663830757e-03
9.895568946376442909e-04 2.383934566751122475e-03
9.890516521409153938e-04 2.378859557211399078e-03
9.921800810843706131e-04 2.388032851740717888e-03
9.902726160362362862e-04 2.396137919276952744e-03
9.889539796859025955e-04 2.394806127995252609e-03
9.890190558508038521e-04 2.386471023783087730e-03
9.900209261104464531e-04 2.380217192694544792e-03
9.906856575980782509e-04 2.385516418144106865e-03
9.883861057460308075e-04 2.393494127318263054e-03
9.881791193038225174e-04 2.393784001469612122e-03
9.895730763673782349e-04 2.387845423072576523e-03
9.882743470370769501e-04 2.384083345532417297e-03
9.882674785330891609e-04 2.388243097811937332e-03
9.885830804705619812e-04 2.394741401076316833e-03
9.879105491563677788e-04 2.394285518676042557e-03
9.878822602331638336e-04 2.388509688898921013e-03
9.878140408545732498e-04 2.385128522291779518e-03
9.882961167022585869e-04 2.386832609772682190e-03
9.886960033327341080e-04 2.391968620941042900e-03
9.876268450170755386e-04 2.392948837950825691e-03
9.874867973849177361e-04 2.389179775491356850e-03
9.881476871669292450e-04 2.386387437582015991e-03
9.877419797703623772e-04 2.387352986261248589e-03
9.875854011625051498e-04 2.390918089076876640e-03
9.873722447082400322e-04 2.392063150182366371e-03
9.872418595477938652e-04 2.389004454016685486e-03
9.877136908471584320e-04 2.386492211371660233e-03
9.876368567347526550e-04 2.387480344623327255e-03
9.876065887510776520e-04 2.390241948887705803e-03
9.877447737380862236e-04 2.391536487266421318e-03
9.873255621641874313e-04 2.389636123552918434e-03
9.874047245830297470e-04 2.387824701145291328e-03
9.875919204205274582e-04 2.388747176155447960e-03
9.873611852526664734e-04 2.390594454482197762e-03
9.873115923255681992e-04 2.391157671809196472e-03
9.870964568108320236e-04 2.389519009739160538e-03
9.871317306533455849e-04 2.387656597420573235e-03
9.874113602563738823e-04 2.388220746070146561e-03
9.871913352981209755e-04 2.389959292486310005e-03
9.870931971818208694e-04 2.390749985352158546e-03
9.871236979961395264e-04 2.389808418229222298e-03
9.870507055893540382e-04 2.388353692367672920e-03
9.871955262497067451e-04 2.388444030657410622e-03
9.870843496173620224e-04 2.389563014730811119e-03
9.869551286101341248e-04 2.389973495155572891e-03
9.870524518191814423e-04 2.389392582699656487e-03
9.869571076706051826e-04 2.388635883107781410e-03
9.870320791378617287e-04 2.388917841017246246e-03
9.870628127828240395e-04 2.389858243986964226e-03
9.869063505902886391e-04 2.389967907220125198e-03
9.869583882391452789e-04 2.389272442087531090e-03
9.869436034932732582e-04 2.388708759099245071e-03
9.869360364973545074e-04 2.388946246355772018e-03
9.869871428236365318e-04 2.389776287600398064e-03
9.868359193205833435e-04 2.389838220551609993e-03
9.868431370705366135e-04 2.389246365055441856e-03
9.868808556348085403e-04 2.388851251453161240e-03
9.868423221632838249e-04 2.389089204370975494e-03
9.868586203083395958e-04 2.389689441770315170e-03
9.867699118331074715e-04 2.389738801866769791e-03
9.867516346275806427e-04 2.389178844168782234e-03
