5.604478996247053146e-03 4.497429355978965759e-03
4.284440074115991592e-03 2.405535429716110229e-03
2.420816104859113693e-03 2.105923136696219444e-03
1.998737221583724022e-03 2.188590122386813164e-03
1.745132962241768837e-03 1.962702954187989235e-03
1.606216188520193100e-03 1.779417041689157486e-03
1.507337554357945919e-03 2.244259929284453392e-03
1.518606673926115036e-03 2.189948922023177147e-03
1.437607221305370331e-03 2.569613046944141388e-03
1.526341889984905720e-03 1.959181856364011765e-03
2.124783117324113846e-03 2.802769653499126434e-03
1.950775622390210629e-03 2.109478460624814034e-03
1.467785565182566643e-03 1.800186233595013618e-03
1.263792626559734344e-03 1.992953941226005554e-03
1.316305482760071754e-03 1.751260366290807724e-03
1.126216840930283070e-03 1.975849037989974022e-03
1.412370358593761921e-03 1.794805168174207211e-03
1.432941644452512264e-03 1.762008061632514000e-03
1.459692255593836308e-03 1.588238403201103210e-03
1.201243256218731403e-03 1.637580338865518570e-03
1.108039868995547295e-03 1.557134906761348248e-03
1.116892322897911072e-03 2.112018177285790443e-03
1.636756700463593006e-03 1.646601594984531403e-03
1.537335454486310482e-03 1.788284396752715111e-03
1.347235986031591892e-03 1.859280513599514961e-03
1.099880668334662914e-03 1.530930399894714355e-03
9.966536890715360641e-04 1.837258576415479183e-03
1.323292730376124382e-03 1.660562935285270214e-03
1.882964977994561195e-03 2.788367215543985367e-03
2.521756337955594063e-03 5.667805206030607224e-03
2.332589589059352875e-03 2.037924481555819511e-03
1.257836935110390186e-03 2.005102578550577164e-03
1.794765819795429707e-03 2.220453228801488876e-03
1.202989486046135426e-03 1.591128995642066002e-03
1.141194719821214676e-03 1.793315750546753407e-03
1.083966577425599098e-03 1.660321140661835670e-03
1.176348538137972355e-03 1.828688778914511204e-03
1.153277233242988586e-03 1.673873630352318287e-03
1.073388732038438320e-03 1.927171135321259499e-03
1.145627815276384354e-03 2.329446142539381981e-03
1.474441029131412506e-03 2.858599647879600525e-03
1.763391075655817986e-03 2.266240771859884262e-03
1.235778094269335270e-03 1.771625247783958912e-03
1.140303560532629490e-03 2.276470419019460678e-03
1.063198782503604889e-03 1.965501811355352402e-03
1.487242639996111393e-03 2.392573282122612000e-03
1.378830056637525558e-03 2.117024268954992294e-03
1.139388885349035263e-03 1.569474698044359684e-03
8.953946526162326336e-04 1.830018358305096626e-03
1.236233743838965893e-03 3.717172658070921898e-03
1.921114628203213215e-03 1.986635616049170494e-03
1.456278609111905098e-03 2.163323340937495232e-03
1.520758145488798618e-03 1.688723918050527573e-03
1.077781314961612225e-03 2.067771041765809059e-03
1.237325253896415234e-03 2.083073137328028679e-03
1.174525707028806210e-03 2.243021735921502113e-03
1.178495003841817379e-03 1.948297023773193359e-03
1.412391429767012596e-03 1.999148167669773102e-03
1.146954367868602276e-03 1.753847580403089523e-03
1.645772485062479973e-03 1.930544734932482243e-03
1.429507508873939514e-03 4.157561343163251877e-03
1.435701386071741581e-03 1.951239537447690964e-03
1.136351376771926880e-03 2.090099733322858810e-03
1.455383840948343277e-03 2.050737151876091957e-03
1.648806151933968067e-03 2.459416165947914124e-03
2.107023028656840324e-03 2.312167547643184662e-03
1.584920915775001049e-03 2.341505838558077812e-03
1.288148690946400166e-03 1.919523230753839016e-03
1.191405463032424450e-03 1.708811498247087002e-03
9.255096665583550930e-04 2.383921062573790550e-03
9.309852612204849720e-04 1.680904184468090534e-03
8.264025091193616390e-04 1.616553287021815777e-03
7.957316120155155659e-04 2.078349934890866280e-03
1.229629386216402054e-03 1.760932384058833122e-03
1.356934197247028351e-03 2.043609973043203354e-03
9.807010646909475327e-04 1.859687152318656445e-03
1.020196010358631611e-03 1.652568695135414600e-03
9.542384650558233261e-04 1.588837127201259136e-03
9.599249460734426975e-04 1.762170577421784401e-03
1.157675753347575665e-03 2.436002483591437340e-03
1.302586984820663929e-03 2.211305778473615646e-03
1.402581343427300453e-03 2.167020924389362335e-03
1.381537527777254581e-03 2.075751079246401787e-03
1.282851328141987324e-03 1.701648812741041183e-03
1.399354427121579647e-03 2.348370151594281197e-03
1.668491633608937263e-03 2.067573368549346924e-03
1.219910220243036747e-03 2.365553751587867737e-03
1.686329720541834831e-03 1.977765234187245369e-03
1.763360691256821156e-03 2.708822721615433693e-03
1.726249582134187222e-03 2.263152273371815681e-03
1.134174643084406853e-03 1.972029684111475945e-03
1.327385660260915756e-03 1.932335086166858673e-03
1.131645287387073040e-03 1.847717794589698315e-03
7.816649740561842918e-04 1.840067561715841293e-03
1.150960568338632584e-03 2.342356136068701744e-03
2.188558690249919891e-03 2.032322110608220100e-03
1.617689034901559353e-03 2.127169864252209663e-03
2.024224726483225822e-03 2.723627956584095955e-03
1.228884211741387844e-03 1.945116091519594193e-03
8.500925032421946526e-04 1.513193943537771702e-03
9.019611170515418053e-04 1.674101105891168118e-03
9.221488144248723984e-04 1.719141961075365543e-03
8.697513840161263943e-04 1.679810229688882828e-03
1.503247534856200218e-03 2.376358024775981903e-03
1.307725789956748486e-03 1.786162261851131916e-03
9.204037487506866455e-04 2.246654592454433441e-03
1.366010401397943497e-03 1.928591751493513584e-03
1.075276057235896587e-03 1.789506874047219753e-03
9.091803804039955139e-04 1.701580244116485119e-03
1.200687489472329617e-03 2.109665889292955399e-03
1.499544130638241768e-03 1.884223194792866707e-03
1.103876624256372452e-03 1.682603149674832821e-03
1.058908528648316860e-03 1.674187136813998222e-03
8.182029123418033123e-04 2.714112168177962303e-03
2.612262032926082611e-03 2.996120369061827660e-03
2.687025116756558418e-03 2.357447519898414612e-03
2.421235432848334312e-03 2.196958288550376892e-03
1.189358416013419628e-03 1.952184247784316540e-03
1.072106766514480114e-03 1.730175456032156944e-03
9.956008289009332657e-04 1.601720228791236877e-03
7.810487877577543259e-04 1.574834226630628109e-03
