3.645395812988281250e+02 3.647908935546875000e+02
3.642408142089843750e+02 3.650211486816406250e+02
1.764395599365234375e+02 1.776298522949218750e+02
1.825554046630859375e+02 1.819486694335937500e+02
2.467087860107421875e+02 2.463476562500000000e+02
2.327551116943359375e+02 2.335358886718750000e+02
1.506475677490234375e+02 1.510893096923828125e+02
2.678855895996093750e+02 2.676524963378906250e+02
2.568591918945312500e+02 2.561333923339843750e+02
2.050494537353515625e+02 2.035971527099609375e+02
1.585853881835937500e+02 1.602056884765625000e+02
4.189458312988281250e+02 4.180900268554687500e+02
2.122478027343750000e+02 2.121325073242187500e+02
3.582427673339843750e+02 3.600600585937500000e+02
3.593347167968750000e+02 3.591431274414062500e+02
1.574532928466796875e+02 1.578246154785156250e+02
3.476441650390625000e+02 3.477823486328125000e+02
2.202837066650390625e+02 2.205624084472656250e+02
2.161405639648437500e+02 2.148536682128906250e+02
2.304214477539062500e+02 2.305018310546875000e+02
1.875835113525390625e+02 1.877406921386718750e+02
3.657479553222656250e+02 3.664977111816406250e+02
1.781559753417968750e+02 1.762810211181640625e+02
1.850085449218750000e+02 1.851669158935546875e+02
2.665760803222656250e+02 2.658119812011718750e+02
3.671684265136718750e+02 3.670018920898437500e+02
3.349220886230468750e+02 3.364032897949218750e+02
3.853265380859375000e+02 3.852859497070312500e+02
3.678549194335937500e+02 3.675912170410156250e+02
2.385435333251953125e+02 2.389394989013671875e+02
3.511200561523437500e+02 3.514774169921875000e+02
1.418047332763671875e+02 1.414000244140625000e+02
3.318615112304687500e+02 3.326132202148437500e+02
2.219102172851562500e+02 2.215410003662109375e+02
3.787092895507812500e+02 3.784255065917968750e+02
3.587319335937500000e+02 3.595144958496093750e+02
4.269519958496093750e+02 4.271773986816406250e+02
4.102942199707031250e+02 4.105830078125000000e+02
2.388700714111328125e+02 2.392338256835937500e+02
3.317466430664062500e+02 3.330085144042968750e+02
1.736035003662109375e+02 1.728870086669921875e+02
1.747950286865234375e+02 1.731427307128906250e+02
2.450021057128906250e+02 2.443515625000000000e+02
2.385713958740234375e+02 2.385454254150390625e+02
1.608681335449218750e+02 1.609465637207031250e+02
3.470742187500000000e+02 3.492283325195312500e+02
1.405454101562500000e+02 1.390731506347656250e+02
1.938446044921875000e+02 1.952312011718750000e+02
2.702633056640625000e+02 2.708255004882812500e+02
1.976138763427734375e+02 1.975403747558593750e+02
3.612648925781250000e+02 3.614256896972656250e+02
4.054632263183593750e+02 4.064356079101562500e+02
3.460769042968750000e+02 3.464311523437500000e+02
3.475321044921875000e+02 3.474521789550781250e+02
3.319671630859375000e+02 3.322035522460937500e+02
1.563057250976562500e+02 1.549181213378906250e+02
1.608813018798828125e+02 1.603047180175781250e+02
2.053928527832031250e+02 2.048560943603515625e+02
2.576996459960937500e+02 2.571146850585937500e+02
1.718514709472656250e+02 1.713748626708984375e+02
2.510689239501953125e+02 2.510913543701171875e+02
1.471753082275390625e+02 1.465484466552734375e+02
2.275307922363281250e+02 2.278611297607421875e+02
4.179215087890625000e+02 4.175118103027343750e+02
1.843008270263671875e+02 1.846175537109375000e+02
2.661754455566406250e+02 2.648417358398437500e+02
3.311951293945312500e+02 3.327735900878906250e+02
2.609972229003906250e+02 2.620303344726562500e+02
1.594566955566406250e+02 1.585837707519531250e+02
3.350376586914062500e+02 3.356404418945312500e+02
1.400066986083984375e+02 1.403278808593750000e+02
3.613834838867187500e+02 3.620148315429687500e+02
2.369184722900390625e+02 2.363959960937500000e+02
1.854746856689453125e+02 1.870934448242187500e+02
2.276797790527343750e+02 2.268181915283203125e+02
3.574060058593750000e+02 3.577467956542968750e+02
3.486123657226562500e+02 3.487678527832031250e+02
2.671184387207031250e+02 2.677052307128906250e+02
2.237929687500000000e+02 2.235317077636718750e+02
1.759182281494140625e+02 1.763013153076171875e+02
3.969196777343750000e+02 3.968507690429687500e+02
1.988951721191406250e+02 1.972391052246093750e+02
2.486470947265625000e+02 2.478929138183593750e+02
2.607333068847656250e+02 2.601691894531250000e+02
2.258191986083984375e+02 2.275534667968750000e+02
3.515094299316406250e+02 3.513230590820312500e+02
1.696996765136718750e+02 1.690100708007812500e+02
2.415963287353515625e+02 2.415590362548828125e+02
3.577852172851562500e+02 3.577872009277343750e+02
1.521508026123046875e+02 1.508242950439453125e+02
2.260359954833984375e+02 2.262053222656250000e+02
3.630872802734375000e+02 3.621293945312500000e+02
2.900325012207031250e+02 2.899958496093750000e+02
3.702095031738281250e+02 3.700257568359375000e+02
3.488323059082031250e+02 3.487669372558593750e+02
3.460463562011718750e+02 3.463874816894531250e+02
2.518173522949218750e+02 2.531640777587890625e+02
3.588071899414062500e+02 3.596773986816406250e+02
4.339112243652343750e+02 4.323837890625000000e+02
3.466656799316406250e+02 3.464794616699218750e+02
2.767607421875000000e+02 2.748309936523437500e+02
3.315738830566406250e+02 3.323359985351562500e+02
3.574431152343750000e+02 3.570656433105468750e+02
1.880449829101562500e+02 1.864053344726562500e+02
4.047626037597656250e+02 4.046542663574218750e+02
3.932586059570312500e+02 3.931475219726562500e+02
1.880480346679687500e+02 1.880865783691406250e+02
3.903134765625000000e+02 3.905166320800781250e+02
1.354248809814453125e+02 1.347937011718750000e+02
3.325206909179687500e+02 3.323027648925781250e+02
2.256239318847656250e+02 2.259792480468750000e+02
3.791546020507812500e+02 3.805686340332031250e+02
2.521123352050781250e+02 2.533007812500000000e+02
1.666369628906250000e+02 1.667892303466796875e+02
1.913598937988281250e+02 1.916036987304687500e+02
2.392886199951171875e+02 2.394486083984375000e+02
1.709274749755859375e+02 1.705199584960937500e+02
2.109862060546875000e+02 2.105442504882812500e+02
2.385928649902343750e+02 2.373762817382812500e+02
1.748324737548828125e+02 1.750571746826171875e+02
1.819406890869140625e+02 1.829932708740234375e+02
2.271633300781250000e+02 2.275886993408203125e+02
2.890476379394531250e+02 2.889203796386718750e+02
2.601148376464843750e+02 2.603395996093750000e+02
1.759145202636718750e+02 1.753295288085937500e+02
2.458592681884765625e+02 2.463893737792968750e+02
3.586542358398437500e+02 3.601267700195312500e+02
3.457388610839843750e+02 3.452933349609375000e+02
1.758229980468750000e+02 1.751921386718750000e+02
4.259371643066406250e+02 4.244968261718750000e+02
3.460403137207031250e+02 3.471229248046875000e+02
2.258925323486328125e+02 2.262185363769531250e+02
2.542188415527343750e+02 2.548602752685546875e+02
3.082249755859375000e+02 3.089763488769531250e+02
1.590178070068359375e+02 1.580185852050781250e+02
1.966812438964843750e+02 1.968062286376953125e+02
1.932092742919921875e+02 1.921945343017578125e+02
3.647301025390625000e+02 3.642970275878906250e+02
3.473723754882812500e+02 3.485749206542968750e+02
1.507194366455078125e+02 1.494518432617187500e+02
1.787027587890625000e+02 1.776840515136718750e+02
3.786443786621093750e+02 3.793208618164062500e+02
1.730191345214843750e+02 1.731730651855468750e+02
3.645515441894531250e+02 3.654126586914062500e+02
2.161765594482421875e+02 2.147177429199218750e+02
1.871796112060546875e+02 1.865650634765625000e+02
3.775074157714843750e+02 3.772093505859375000e+02
1.980614318847656250e+02 1.970564117431640625e+02
1.576934204101562500e+02 1.580238647460937500e+02
4.148604125976562500e+02 4.146288146972656250e+02
2.202376861572265625e+02 2.189834289550781250e+02
1.848601684570312500e+02 1.841318664550781250e+02
1.827281036376953125e+02 1.814975585937500000e+02
1.797407989501953125e+02 1.802587585449218750e+02
1.478963317871093750e+02 1.474688110351562500e+02
3.348319396972656250e+02 3.348101806640625000e+02
2.444488983154296875e+02 2.426700897216796875e+02
3.465696716308593750e+02 3.476642456054687500e+02
3.319403991699218750e+02 3.323688049316406250e+02
1.606677093505859375e+02 1.608959503173828125e+02
2.483057403564453125e+02 2.491820983886718750e+02
1.792611999511718750e+02 1.787339630126953125e+02
1.486592407226562500e+02 1.485198059082031250e+02
3.318592224121093750e+02 3.333365478515625000e+02
1.911641235351562500e+02 1.912223663330078125e+02
2.727770385742187500e+02 2.730138854980468750e+02
3.099185485839843750e+02 3.083986511230468750e+02
1.677897186279296875e+02 1.685868377685546875e+02
3.631747741699218750e+02 3.631697692871093750e+02
3.649732055664062500e+02 3.657803955078125000e+02
3.481032714843750000e+02 3.476801757812500000e+02
2.467169799804687500e+02 2.463489990234375000e+02
2.217805633544921875e+02 2.222719726562500000e+02
3.691936340332031250e+02 3.705243530273437500e+02
2.252590179443359375e+02 2.257216491699218750e+02
2.564865722656250000e+02 2.568103332519531250e+02
3.646161804199218750e+02 3.658983764648437500e+02
1.603005981445312500e+02 1.600403900146484375e+02
3.471150207519531250e+02 3.470330200195312500e+02
1.287212982177734375e+02 1.280935058593750000e+02
4.226066894531250000e+02 4.217069702148437500e+02
2.368175964355468750e+02 2.370357055664062500e+02
3.307525634765625000e+02 3.311258239746093750e+02
3.792132873535156250e+02 3.803073425292968750e+02
2.367287292480468750e+02 2.379375915527343750e+02
2.339742431640625000e+02 2.342094268798828125e+02
1.701140594482421875e+02 1.692513275146484375e+02
1.571160278320312500e+02 1.576376800537109375e+02
3.318439025878906250e+02 3.330896911621093750e+02
3.586718750000000000e+02 3.593665466308593750e+02
1.660326690673828125e+02 1.660876770019531250e+02
3.616356506347656250e+02 3.618878173828125000e+02
1.851289062500000000e+02 1.850871276855468750e+02
1.985281219482421875e+02 1.995315399169921875e+02
3.478707580566406250e+02 3.480132446289062500e+02
2.341010894775390625e+02 2.336234893798828125e+02
1.809803924560546875e+02 1.816105499267578125e+02
1.269821395874023438e+02 1.269818572998046875e+02
2.636825561523437500e+02 2.647336730957031250e+02
3.477925109863281250e+02 3.490320434570312500e+02
4.403881530761718750e+02 4.388309326171875000e+02
3.580227355957031250e+02 3.580693054199218750e+02
3.319253540039062500e+02 3.322428283691406250e+02
2.260318756103515625e+02 2.261585083007812500e+02
1.592779388427734375e+02 1.591549530029296875e+02
1.659890289306640625e+02 1.655538787841796875e+02
4.054783325195312500e+02 4.054928588867187500e+02
3.346200256347656250e+02 3.342146606445312500e+02
2.108228302001953125e+02 2.101187744140625000e+02
3.809225769042968750e+02 3.817557373046875000e+02
2.040921478271484375e+02 2.039196319580078125e+02
1.654663391113281250e+02 1.655239410400390625e+02
1.735229339599609375e+02 1.750865783691406250e+02
2.436764221191406250e+02 2.436052856445312500e+02
3.844987792968750000e+02 3.841622924804687500e+02
3.321192321777343750e+02 3.328174743652343750e+02
1.936899414062500000e+02 1.935693664550781250e+02
2.461629638671875000e+02 2.445677642822265625e+02
1.623907012939453125e+02 1.628649597167968750e+02
1.724124603271484375e+02 1.716783447265625000e+02
3.695845031738281250e+02 3.704592590332031250e+02
2.451292266845703125e+02 2.456999053955078125e+02
1.875768127441406250e+02 1.869604187011718750e+02
2.323232421875000000e+02 2.314599456787109375e+02
1.929853820800781250e+02 1.939738922119140625e+02
1.821238861083984375e+02 1.820408782958984375e+02
1.974895477294921875e+02 1.967994842529296875e+02
1.287258148193359375e+02 1.283179473876953125e+02
3.630462341308593750e+02 3.627193908691406250e+02
1.836846466064453125e+02 1.822921295166015625e+02
3.766815795898437500e+02 3.765816650390625000e+02
1.610741577148437500e+02 1.612688903808593750e+02
1.697830810546875000e+02 1.696739196777343750e+02
1.910449066162109375e+02 1.908025817871093750e+02
4.464592895507812500e+02 4.465603027343750000e+02
3.586621093750000000e+02 3.588307800292968750e+02
1.559922790527343750e+02 1.562733306884765625e+02
1.714098205566406250e+02 1.722409515380859375e+02
3.643838806152343750e+02 3.645856018066406250e+02
1.798449707031250000e+02 1.791305541992187500e+02
2.616561889648437500e+02 2.631857910156250000e+02
2.367409820556640625e+02 2.379735107421875000e+02
1.935397949218750000e+02 1.935777893066406250e+02
3.358723754882812500e+02 3.351824951171875000e+02
2.368789978027343750e+02 2.371001892089843750e+02
1.830291137695312500e+02 1.825250701904296875e+02
2.010460205078125000e+02 2.012906341552734375e+02
2.130003051757812500e+02 2.143194885253906250e+02
2.342308502197265625e+02 2.345162811279296875e+02
1.798309020996093750e+02 1.791023254394531250e+02
2.714995422363281250e+02 2.709605102539062500e+02
1.392259826660156250e+02 1.385368499755859375e+02
4.033690490722656250e+02 4.027339477539062500e+02
2.808607482910156250e+02 2.804567565917968750e+02
2.367137298583984375e+02 2.368626556396484375e+02
3.796025085449218750e+02 3.789055175781250000e+02
2.091070098876953125e+02 2.086302947998046875e+02
2.257066345214843750e+02 2.253559570312500000e+02
2.610827026367187500e+02 2.618640747070312500e+02
3.577079772949218750e+02 3.574196166992187500e+02
3.897517700195312500e+02 3.907134399414062500e+02
3.485656738281250000e+02 3.488467712402343750e+02
3.306851501464843750e+02 3.296011962890625000e+02
2.332965850830078125e+02 2.330581207275390625e+02
1.491371917724609375e+02 1.481309051513671875e+02
2.536702728271484375e+02 2.538379364013671875e+02
2.913442993164062500e+02 2.904587402343750000e+02
1.757550354003906250e+02 1.760489807128906250e+02
2.147680816650390625e+02 2.148288269042968750e+02
1.672802429199218750e+02 1.666796112060546875e+02
2.038202209472656250e+02 2.033055877685546875e+02
2.256989593505859375e+02 2.261674194335937500e+02
2.078609619140625000e+02 2.074976043701171875e+02
2.258782958984375000e+02 2.261976623535156250e+02
3.490642700195312500e+02 3.498670654296875000e+02
2.405519409179687500e+02 2.405510101318359375e+02
3.443283691406250000e+02 3.465641784667968750e+02
1.546180267333984375e+02 1.539766235351562500e+02
2.607949829101562500e+02 2.626479187011718750e+02
1.768855285644531250e+02 1.767869262695312500e+02
4.204553222656250000e+02 4.193834228515625000e+02
3.347741394042968750e+02 3.360422668457031250e+02
3.784288635253906250e+02 3.790525512695312500e+02
3.590992736816406250e+02 3.581734619140625000e+02
3.706457824707031250e+02 3.694833984375000000e+02
1.707893829345703125e+02 1.710782623291015625e+02
3.321273193359375000e+02 3.324060668945312500e+02
1.734597015380859375e+02 1.741485290527343750e+02
2.473428344726562500e+02 2.480856323242187500e+02
3.456840515136718750e+02 3.456892700195312500e+02
3.931556091308593750e+02 3.927771301269531250e+02
3.641383666992187500e+02 3.648367614746093750e+02
3.486609802246093750e+02 3.490530395507812500e+02
1.762997131347656250e+02 1.750477294921875000e+02
3.459749755859375000e+02 3.470326843261718750e+02
2.372551574707031250e+02 2.375455017089843750e+02
2.342699127197265625e+02 2.358043212890625000e+02
3.792548828125000000e+02 3.802881469726562500e+02
3.648014831542968750e+02 3.650208129882812500e+02
3.456765136718750000e+02 3.460268249511718750e+02
1.927225799560546875e+02 1.924578094482421875e+02
3.320554504394531250e+02 3.317965393066406250e+02
2.366074676513671875e+02 2.383907470703125000e+02
2.565071411132812500e+02 2.561974792480468750e+02
1.589249114990234375e+02 1.577264862060546875e+02
1.649156188964843750e+02 1.641710205078125000e+02
2.297946777343750000e+02 2.298872222900390625e+02
3.305176086425781250e+02 3.303634033203125000e+02
2.392686614990234375e+02 2.381063995361328125e+02
3.768744506835937500e+02 3.769546203613281250e+02
1.452557525634765625e+02 1.444472045898437500e+02
3.724507141113281250e+02 3.720863647460937500e+02
3.822973022460937500e+02 3.809725036621093750e+02
3.685831909179687500e+02 3.699448547363281250e+02
2.049696655273437500e+02 2.044227752685546875e+02
4.165338439941406250e+02 4.168291625976562500e+02
2.258078460693359375e+02 2.259212646484375000e+02
3.576187438964843750e+02 3.577135925292968750e+02
3.493133544921875000e+02 3.496315612792968750e+02
2.104651794433593750e+02 2.107553405761718750e+02
1.467922515869140625e+02 1.465366210937500000e+02
1.797442932128906250e+02 1.806273956298828125e+02
2.250483398437500000e+02 2.249827423095703125e+02
3.842597351074218750e+02 3.840809936523437500e+02
2.876075744628906250e+02 2.878093261718750000e+02
1.830785217285156250e+02 1.826948394775390625e+02
2.392183837890625000e+02 2.401457061767578125e+02
1.660020446777343750e+02 1.651074371337890625e+02
2.313862152099609375e+02 2.315712738037109375e+02
3.320682067871093750e+02 3.327364807128906250e+02
3.910035400390625000e+02 3.890483398437500000e+02
1.974455718994140625e+02 1.968845825195312500e+02
3.482728271484375000e+02 3.488877563476562500e+02
3.461542358398437500e+02 3.462046813964843750e+02
3.091498107910156250e+02 3.077795715332031250e+02
1.811835937500000000e+02 1.803235931396484375e+02
1.794537048339843750e+02 1.796707305908203125e+02
3.850911254882812500e+02 3.855382690429687500e+02
1.986795349121093750e+02 1.990099182128906250e+02
3.819980773925781250e+02 3.812951660156250000e+02
1.794615020751953125e+02 1.799336853027343750e+02
2.444566497802734375e+02 2.444308929443359375e+02
1.760684051513671875e+02 1.769054412841796875e+02
1.477499847412109375e+02 1.459569244384765625e+02
3.318760375976562500e+02 3.323969726562500000e+02
2.761697387695312500e+02 2.757555847167968750e+02
3.631288757324218750e+02 3.638347473144531250e+02
1.963728332519531250e+02 1.954942932128906250e+02
3.689685974121093750e+02 3.697488708496093750e+02
1.830745544433593750e+02 1.826954193115234375e+02
1.824581298828125000e+02 1.825133209228515625e+02
1.630450897216796875e+02 1.628671417236328125e+02
3.646112976074218750e+02 3.652427673339843750e+02
1.795304260253906250e+02 1.782052001953125000e+02
6.070697021484375000e+02 6.056029663085937500e+02
2.366997222900390625e+02 2.371309356689453125e+02
2.494606323242187500e+02 2.503847198486328125e+02
2.309092559814453125e+02 2.315095214843750000e+02
2.646159057617187500e+02 2.640832519531250000e+02
2.963787536621093750e+02 2.957694396972656250e+02
3.455879211425781250e+02 3.464014282226562500e+02
1.889738464355468750e+02 1.885908050537109375e+02
4.947844238281250000e+02 4.936690368652343750e+02
2.261383056640625000e+02 2.262532501220703125e+02
1.603864898681640625e+02 1.606186981201171875e+02
1.509671020507812500e+02 1.504089965820312500e+02
2.346637725830078125e+02 2.339355010986328125e+02
3.672985229492187500e+02 3.675926818847656250e+02
3.474875793457031250e+02 3.475704040527343750e+02
2.027653656005859375e+02 2.028065795898437500e+02
1.531046447753906250e+02 1.528302001953125000e+02
2.384091491699218750e+02 2.389802551269531250e+02
3.671297607421875000e+02 3.668618469238281250e+02
3.713172302246093750e+02 3.701779785156250000e+02
2.385662536621093750e+02 2.401946411132812500e+02
1.763610076904296875e+02 1.754543762207031250e+02
3.656911010742187500e+02 3.660988159179687500e+02
2.021272277832031250e+02 2.017144165039062500e+02
3.523632507324218750e+02 3.513086547851562500e+02
3.709717712402343750e+02 3.715632324218750000e+02
2.077726440429687500e+02 2.068465576171875000e+02
3.646915588378906250e+02 3.641520996093750000e+02
2.346534423828125000e+02 2.353552551269531250e+02
3.665260314941406250e+02 3.674553833007812500e+02
2.514438018798828125e+02 2.517076721191406250e+02
2.443175659179687500e+02 2.452759399414062500e+02
1.831359558105468750e+02 1.824659881591796875e+02
3.593374023437500000e+02 3.602048339843750000e+02
1.950811462402343750e+02 1.931211395263671875e+02
3.475356445312500000e+02 3.480689392089843750e+02
2.261368103027343750e+02 2.255297241210937500e+02
2.971290283203125000e+02 2.963703002929687500e+02
2.482475280761718750e+02 2.484690856933593750e+02
1.481815490722656250e+02 1.469442749023437500e+02
3.577211303710937500e+02 3.578497619628906250e+02
3.295386657714843750e+02 3.282050170898437500e+02
2.952559814453125000e+02 2.946852416992187500e+02
3.588950805664062500e+02 3.590745544433593750e+02
3.833781127929687500e+02 3.834271850585937500e+02
3.616547241210937500e+02 3.632133789062500000e+02
1.540685577392578125e+02 1.534339904785156250e+02
3.576854248046875000e+02 3.581697998046875000e+02
1.907988128662109375e+02 1.910986785888671875e+02
1.746047058105468750e+02 1.740102386474609375e+02
3.899209289550781250e+02 3.905548095703125000e+02
2.623431091308593750e+02 2.619961242675781250e+02
2.603475646972656250e+02 2.603919372558593750e+02
2.442140350341796875e+02 2.460828704833984375e+02
3.579438781738281250e+02 3.576651000976562500e+02
1.674165039062500000e+02 1.673820495605468750e+02
1.995153503417968750e+02 1.993267211914062500e+02
3.346353454589843750e+02 3.359303588867187500e+02
1.782304077148437500e+02 1.776350555419921875e+02
2.310563659667968750e+02 2.311254425048828125e+02
2.274182586669921875e+02 2.274890747070312500e+02
3.627444763183593750e+02 3.617923278808593750e+02
4.120075378417968750e+02 4.122169799804687500e+02
1.743040161132812500e+02 1.754023895263671875e+02
3.663731994628906250e+02 3.672771606445312500e+02
2.384816589355468750e+02 2.388634185791015625e+02
3.571707763671875000e+02 3.584115600585937500e+02
2.478146667480468750e+02 2.468770446777343750e+02
2.518466949462890625e+02 2.514721679687500000e+02
2.517510070800781250e+02 2.525428161621093750e+02
1.626395568847656250e+02 1.621380004882812500e+02
1.785717010498046875e+02 1.790923004150390625e+02
3.593867187500000000e+02 3.595165100097656250e+02
2.878262634277343750e+02 2.879483337402343750e+02
3.321972961425781250e+02 3.326720886230468750e+02
1.506629943847656250e+02 1.509576416015625000e+02
1.894348754882812500e+02 1.891976623535156250e+02
2.161936340332031250e+02 2.151196136474609375e+02
1.982390899658203125e+02 1.982537994384765625e+02
2.460042114257812500e+02 2.465395812988281250e+02
2.345159606933593750e+02 2.356003417968750000e+02
3.641134948730468750e+02 3.641918334960937500e+02
3.328277587890625000e+02 3.322499389648437500e+02
4.122006835937500000e+02 4.116023864746093750e+02
2.127373352050781250e+02 2.109667968750000000e+02
2.462239990234375000e+02 2.478417358398437500e+02
1.982182769775390625e+02 1.987342681884765625e+02
3.711900024414062500e+02 3.709247436523437500e+02
2.542532348632812500e+02 2.550252380371093750e+02
3.583297729492187500e+02 3.599842834472656250e+02
2.925176696777343750e+02 2.917354125976562500e+02
3.323522338867187500e+02 3.324384155273437500e+02
1.535656280517578125e+02 1.524969177246093750e+02
3.702628784179687500e+02 3.697001953125000000e+02
2.164778289794921875e+02 2.164832611083984375e+02
2.949091796875000000e+02 2.957217712402343750e+02
1.558876037597656250e+02 1.550496520996093750e+02
1.479940185546875000e+02 1.481117706298828125e+02
1.509875488281250000e+02 1.503188018798828125e+02
1.961716461181640625e+02 1.967589874267578125e+02
2.461473236083984375e+02 2.462345123291015625e+02
1.897309417724609375e+02 1.891596527099609375e+02
1.849786071777343750e+02 1.851925811767578125e+02
1.467796020507812500e+02 1.467968750000000000e+02
3.897968444824218750e+02 3.898939514160156250e+02
1.541942901611328125e+02 1.527815093994140625e+02
1.911760559082031250e+02 1.906328887939453125e+02
3.616555480957031250e+02 3.620795898437500000e+02
3.947730407714843750e+02 3.948389587402343750e+02
4.403866271972656250e+02 4.397805175781250000e+02
4.713153076171875000e+02 4.704722595214843750e+02
2.363363647460937500e+02 2.371596832275390625e+02
3.322918395996093750e+02 3.327823486328125000e+02
1.795154571533203125e+02 1.783227844238281250e+02
1.687700958251953125e+02 1.687626800537109375e+02
2.659932556152343750e+02 2.656153564453125000e+02
2.414394073486328125e+02 2.420213928222656250e+02
2.019084930419921875e+02 2.007924652099609375e+02
1.830094299316406250e+02 1.828471374511718750e+02
1.871219024658203125e+02 1.859133148193359375e+02
2.392332611083984375e+02 2.385831146240234375e+02
2.460781250000000000e+02 2.461819152832031250e+02
1.855853881835937500e+02 1.848793640136718750e+02
3.321963806152343750e+02 3.326842041015625000e+02
2.629428710937500000e+02 2.641928710937500000e+02
3.642532043457031250e+02 3.640455017089843750e+02
1.651384124755859375e+02 1.644284362792968750e+02
3.457546691894531250e+02 3.459212036132812500e+02
1.742156066894531250e+02 1.746035003662109375e+02
2.126413116455078125e+02 2.116091003417968750e+02
4.327122802734375000e+02 4.318297119140625000e+02
1.409897918701171875e+02 1.403486022949218750e+02
3.638760986328125000e+02 3.647348632812500000e+02
1.422618103027343750e+02 1.421061553955078125e+02
1.899306793212890625e+02 1.898438568115234375e+02
3.487185974121093750e+02 3.488145141601562500e+02
1.852058105468750000e+02 1.847136840820312500e+02
1.580022888183593750e+02 1.584056243896484375e+02
2.459247131347656250e+02 2.456523895263671875e+02
2.383956146240234375e+02 2.401353302001953125e+02
3.881036071777343750e+02 3.892510681152343750e+02
2.568018798828125000e+02 2.572852172851562500e+02
1.568151855468750000e+02 1.558880615234375000e+02
3.634424133300781250e+02 3.637597045898437500e+02
3.579452209472656250e+02 3.576559753417968750e+02
2.191559753417968750e+02 2.191317901611328125e+02
1.720211181640625000e+02 1.724026641845703125e+02
4.086625061035156250e+02 4.090573730468750000e+02
3.462821044921875000e+02 3.464075317382812500e+02
3.818758239746093750e+02 3.815707092285156250e+02
2.326100158691406250e+02 2.308801574707031250e+02
2.562319335937500000e+02 2.559996490478515625e+02
2.635192565917968750e+02 2.634164733886718750e+02
1.920673370361328125e+02 1.923275909423828125e+02
3.472524108886718750e+02 3.468023681640625000e+02
1.639203948974609375e+02 1.629473724365234375e+02
3.320359497070312500e+02 3.331292419433593750e+02
1.702143249511718750e+02 1.693039093017578125e+02
2.750767517089843750e+02 2.764540405273437500e+02
2.475321044921875000e+02 2.480195922851562500e+02
1.542480163574218750e+02 1.537514343261718750e+02
1.426114959716796875e+02 1.436465454101562500e+02
1.593853149414062500e+02 1.593011627197265625e+02
3.319244995117187500e+02 3.332453308105468750e+02
4.514025573730468750e+02 4.502345275878906250e+02
1.743660278320312500e+02 1.753155364990234375e+02
4.234153137207031250e+02 4.232565917968750000e+02
3.476636962890625000e+02 3.477987365722656250e+02
4.021436157226562500e+02 4.024669494628906250e+02
3.461655273437500000e+02 3.464510498046875000e+02
1.899533691406250000e+02 1.896210021972656250e+02
2.343827972412109375e+02 2.351086578369140625e+02
2.437396697998046875e+02 2.444923400878906250e+02
2.092263641357421875e+02 2.085871582031250000e+02
1.622001800537109375e+02 1.621881713867187500e+02
2.259985504150390625e+02 2.271592102050781250e+02
2.571913452148437500e+02 2.570483093261718750e+02
3.320276184082031250e+02 3.331692504882812500e+02
3.806688232421875000e+02 3.806354980468750000e+02
3.590133666992187500e+02 3.598102111816406250e+02
3.828341064453125000e+02 3.839283752441406250e+02
2.461262512207031250e+02 2.460760345458984375e+02
1.808413085937500000e+02 1.799118804931640625e+02
3.316759948730468750e+02 3.319594726562500000e+02
4.136280822753906250e+02 4.124904174804687500e+02
1.755057525634765625e+02 1.743886718750000000e+02
1.843889465332031250e+02 1.846602935791015625e+02
2.540371398925781250e+02 2.548007049560546875e+02
3.459544677734375000e+02 3.464144592285156250e+02
1.926026458740234375e+02 1.917170562744140625e+02
3.666247253417968750e+02 3.674538879394531250e+02
3.965774230957031250e+02 3.968446044921875000e+02
1.748520965576171875e+02 1.734733886718750000e+02
1.509482116699218750e+02 1.506404876708984375e+02
1.940109558105468750e+02 1.936306915283203125e+02
2.102772216796875000e+02 2.110906524658203125e+02
3.457658996582031250e+02 3.473886718750000000e+02
4.147007141113281250e+02 4.138733825683593750e+02
1.708967132568359375e+02 1.707346801757812500e+02
1.829217071533203125e+02 1.817743835449218750e+02
1.750330505371093750e+02 1.755896606445312500e+02
4.272324523925781250e+02 4.272980957031250000e+02
1.720803375244140625e+02 1.721573791503906250e+02
1.502880706787109375e+02 1.497672729492187500e+02
2.442277832031250000e+02 2.440591125488281250e+02
2.365557708740234375e+02 2.365090942382812500e+02
1.576775512695312500e+02 1.573531494140625000e+02
2.055467071533203125e+02 2.058801879882812500e+02
3.346254272460937500e+02 3.338357543945312500e+02
2.688125305175781250e+02 2.684801635742187500e+02
1.816610260009765625e+02 1.817387390136718750e+02
3.323195190429687500e+02 3.322722473144531250e+02
3.493252258300781250e+02 3.496552124023437500e+02
2.475773315429687500e+02 2.484281005859375000e+02
3.481542663574218750e+02 3.484635009765625000e+02
4.226728515625000000e+02 4.215449523925781250e+02
3.840332641601562500e+02 3.838429870605468750e+02
1.504699096679687500e+02 1.507907257080078125e+02
2.310766754150390625e+02 2.302336883544921875e+02
4.601621704101562500e+02 4.596316528320312500e+02
1.759619140625000000e+02 1.769444885253906250e+02
3.852778015136718750e+02 3.846790466308593750e+02
1.996845245361328125e+02 1.997038879394531250e+02
1.878893127441406250e+02 1.869134368896484375e+02
1.857775573730468750e+02 1.846248168945312500e+02
4.244727783203125000e+02 4.249730834960937500e+02
2.690442810058593750e+02 2.692686157226562500e+02
2.232753906250000000e+02 2.226061553955078125e+02
4.068197021484375000e+02 4.067604980468750000e+02
3.486291198730468750e+02 3.486664428710937500e+02
2.389303131103515625e+02 2.396876373291015625e+02
1.592742919921875000e+02 1.591763000488281250e+02
1.564513549804687500e+02 1.553789672851562500e+02
2.108417816162109375e+02 2.112380065917968750e+02
1.936346588134765625e+02 1.926997222900390625e+02
1.470050659179687500e+02 1.454222106933593750e+02
2.280691986083984375e+02 2.287213592529296875e+02
1.630151214599609375e+02 1.626912841796875000e+02
2.044799346923828125e+02 2.048226318359375000e+02
1.958819427490234375e+02 1.957864074707031250e+02
1.775669097900390625e+02 1.775776519775390625e+02
2.031871795654296875e+02 2.024757843017578125e+02
2.256547241210937500e+02 2.248581542968750000e+02
3.855852355957031250e+02 3.853315124511718750e+02
2.460979919433593750e+02 2.478047332763671875e+02
1.759722900390625000e+02 1.756492309570312500e+02
3.642817993164062500e+02 3.645624389648437500e+02
3.458453063964843750e+02 3.451899719238281250e+02
2.278050842285156250e+02 2.270425720214843750e+02
2.543899993896484375e+02 2.547054901123046875e+02
1.539639739990234375e+02 1.531674194335937500e+02
3.475503540039062500e+02 3.478680114746093750e+02
3.627125549316406250e+02 3.626753845214843750e+02
2.259346466064453125e+02 2.267845001220703125e+02
2.035668487548828125e+02 2.040831909179687500e+02
1.840158538818359375e+02 1.835724487304687500e+02
2.675669860839843750e+02 2.667491149902343750e+02
1.953138732910156250e+02 1.939418640136718750e+02
3.482115173339843750e+02 3.492043457031250000e+02
3.321381225585937500e+02 3.331260681152343750e+02
3.826713562011718750e+02 3.825159301757812500e+02
1.811560363769531250e+02 1.809390869140625000e+02
4.144421386718750000e+02 4.156776733398437500e+02
2.516286926269531250e+02 2.527160339355468750e+02
1.647184295654296875e+02 1.641430358886718750e+02
3.324703369140625000e+02 3.317135009765625000e+02
2.017583160400390625e+02 2.013805389404296875e+02
1.619393768310546875e+02 1.622166900634765625e+02
1.636766204833984375e+02 1.626324310302734375e+02
2.374355926513671875e+02 2.375471038818359375e+02
2.475960540771484375e+02 2.463278961181640625e+02
2.366419525146484375e+02 2.362037811279296875e+02
2.466522369384765625e+02 2.459895782470703125e+02
1.971686553955078125e+02 1.964185333251953125e+02
2.274338836669921875e+02 2.278937225341796875e+02
2.052633972167968750e+02 2.039859619140625000e+02
1.936832122802734375e+02 1.931922149658203125e+02
3.851518554687500000e+02 3.847492980957031250e+02
3.588626708984375000e+02 3.606473083496093750e+02
3.678853759765625000e+02 3.673939819335937500e+02
3.646397094726562500e+02 3.656827087402343750e+02
2.887397766113281250e+02 2.896719665527343750e+02
3.653386840820312500e+02 3.657098999023437500e+02
3.317684020996093750e+02 3.339622497558593750e+02
2.365746917724609375e+02 2.365869598388671875e+02
3.628630371093750000e+02 3.637044067382812500e+02
3.678930664062500000e+02 3.688364868164062500e+02
2.254949035644531250e+02 2.254629058837890625e+02
3.616978149414062500e+02 3.624802246093750000e+02
1.883436584472656250e+02 1.882791137695312500e+02
2.257960205078125000e+02 2.252820587158203125e+02
1.880258483886718750e+02 1.876803741455078125e+02
2.544684143066406250e+02 2.552009277343750000e+02
2.256889343261718750e+02 2.256163482666015625e+02
1.619724731445312500e+02 1.609292449951171875e+02
3.321886596679687500e+02 3.329139709472656250e+02
2.523488464355468750e+02 2.513846740722656250e+02
4.105607299804687500e+02 4.100234680175781250e+02
2.147006378173828125e+02 2.131077270507812500e+02
1.523455352783203125e+02 1.512549133300781250e+02
1.483836975097656250e+02 1.480563354492187500e+02
3.457168884277343750e+02 3.455933837890625000e+02
3.320132141113281250e+02 3.317703857421875000e+02
2.328515777587890625e+02 2.323083801269531250e+02
1.448641510009765625e+02 1.445632324218750000e+02
1.661037139892578125e+02 1.649309234619140625e+02
3.321319580078125000e+02 3.315852355957031250e+02
3.699880676269531250e+02 3.703462219238281250e+02
1.455179443359375000e+02 1.447364349365234375e+02
2.348452148437500000e+02 2.350042724609375000e+02
2.257265167236328125e+02 2.261294403076171875e+02
1.709555358886718750e+02 1.705149078369140625e+02
1.671555633544921875e+02 1.673976593017578125e+02
2.622917480468750000e+02 2.615422363281250000e+02
2.543310852050781250e+02 2.534763793945312500e+02
3.731306457519531250e+02 3.732407836914062500e+02
3.587929382324218750e+02 3.586149291992187500e+02
2.042544708251953125e+02 2.044548950195312500e+02
3.673486938476562500e+02 3.670553588867187500e+02
3.702043457031250000e+02 3.702669372558593750e+02
1.497389068603515625e+02 1.489145050048828125e+02
2.353660278320312500e+02 2.359074249267578125e+02
2.540374755859375000e+02 2.533009643554687500e+02
2.128002471923828125e+02 2.118508605957031250e+02
1.496510925292968750e+02 1.491990051269531250e+02
3.457061767578125000e+02 3.469958496093750000e+02
1.872724609375000000e+02 1.869457855224609375e+02
3.321529235839843750e+02 3.321197814941406250e+02
2.340523834228515625e+02 2.348990936279296875e+02
2.340138549804687500e+02 2.343429260253906250e+02
3.586393127441406250e+02 3.578437500000000000e+02
2.006559600830078125e+02 2.015012207031250000e+02
1.660877075195312500e+02 1.662360534667968750e+02
2.789092407226562500e+02 2.774941101074218750e+02
1.911152954101562500e+02 1.907351837158203125e+02
3.942299499511718750e+02 3.934024047851562500e+02
1.961892547607421875e+02 1.963962249755859375e+02
2.359146270751953125e+02 2.354454803466796875e+02
1.591421661376953125e+02 1.584507904052734375e+02
3.482950134277343750e+02 3.483810424804687500e+02
4.417027282714843750e+02 4.409658508300781250e+02
1.805479736328125000e+02 1.805371093750000000e+02
1.478087463378906250e+02 1.466404876708984375e+02
1.907589874267578125e+02 1.901086883544921875e+02
2.557334594726562500e+02 2.540914459228515625e+02
3.519269104003906250e+02 3.522543029785156250e+02
3.313711242675781250e+02 3.317814636230468750e+02
1.775928039550781250e+02 1.784796600341796875e+02
2.969259338378906250e+02 2.970942687988281250e+02
2.835087280273437500e+02 2.819766845703125000e+02
2.259218597412109375e+02 2.270102844238281250e+02
1.822241973876953125e+02 1.816881561279296875e+02
1.849475708007812500e+02 1.846944732666015625e+02
2.260660705566406250e+02 2.255667266845703125e+02
3.322903747558593750e+02 3.326756591796875000e+02
1.722277069091796875e+02 1.716227874755859375e+02
1.818293457031250000e+02 1.832011260986328125e+02
3.578400573730468750e+02 3.588483581542968750e+02
1.566189727783203125e+02 1.558493804931640625e+02
2.359542236328125000e+02 2.376833343505859375e+02
2.363464813232421875e+02 2.365583190917968750e+02
1.521642456054687500e+02 1.510780487060546875e+02
2.609543457031250000e+02 2.613862915039062500e+02
2.919581909179687500e+02 2.916623535156250000e+02
2.611292724609375000e+02 2.613592224121093750e+02
1.777800140380859375e+02 1.777733917236328125e+02
1.439980468750000000e+02 1.432112731933593750e+02
3.762682189941406250e+02 3.766024780273437500e+02
2.062159423828125000e+02 2.063048248291015625e+02
1.470638427734375000e+02 1.474930419921875000e+02
4.608920593261718750e+02 4.589464111328125000e+02
3.631204528808593750e+02 3.627812500000000000e+02
1.794324035644531250e+02 1.784541320800781250e+02
3.920471191406250000e+02 3.920355834960937500e+02
4.118758850097656250e+02 4.129938049316406250e+02
1.976625671386718750e+02 1.969255371093750000e+02
1.773658752441406250e+02 1.772445068359375000e+02
2.106423034667968750e+02 2.099937438964843750e+02
2.390602722167968750e+02 2.400662536621093750e+02
2.655114440917968750e+02 2.668950805664062500e+02
2.218109741210937500e+02 2.215057983398437500e+02
2.133948059082031250e+02 2.144256286621093750e+02
2.482042541503906250e+02 2.481288452148437500e+02
1.994980926513671875e+02 1.990139923095703125e+02
1.827168426513671875e+02 1.821397094726562500e+02
3.307947692871093750e+02 3.323248596191406250e+02
1.887964019775390625e+02 1.880514068603515625e+02
1.859371185302734375e+02 1.851705627441406250e+02
1.894319915771484375e+02 1.880427551269531250e+02
2.325363006591796875e+02 2.333074645996093750e+02
1.709518585205078125e+02 1.704486999511718750e+02
3.465382690429687500e+02 3.470761718750000000e+02
2.608081970214843750e+02 2.609880676269531250e+02
2.309140319824218750e+02 2.301757507324218750e+02
3.652351074218750000e+02 3.653245544433593750e+02
2.439282989501953125e+02 2.444910125732421875e+02
1.468443298339843750e+02 1.464850311279296875e+02
2.403795928955078125e+02 2.398916625976562500e+02
3.247495422363281250e+02 3.225268249511718750e+02
2.538701324462890625e+02 2.539322052001953125e+02
1.743705291748046875e+02 1.746909790039062500e+02
2.467628479003906250e+02 2.465429992675781250e+02
2.257263793945312500e+02 2.256743621826171875e+02
4.078372802734375000e+02 4.073039550781250000e+02
1.884002380371093750e+02 1.887903137207031250e+02
3.327942810058593750e+02 3.332069396972656250e+02
1.768177185058593750e+02 1.776396331787109375e+02
1.919720764160156250e+02 1.905028076171875000e+02
3.349252319335937500e+02 3.354203796386718750e+02
3.042545166015625000e+02 3.044944763183593750e+02
3.615440673828125000e+02 3.621769409179687500e+02
4.265124816894531250e+02 4.250473022460937500e+02
2.012362823486328125e+02 2.018504791259765625e+02
3.035096130371093750e+02 3.032194213867187500e+02
1.667646026611328125e+02 1.668864898681640625e+02
1.749516143798828125e+02 1.756336212158203125e+02
2.387562408447265625e+02 2.397815551757812500e+02
2.326489105224609375e+02 2.321463317871093750e+02
2.580972290039062500e+02 2.596742248535156250e+02
1.952087554931640625e+02 1.953128814697265625e+02
3.464162597656250000e+02 3.475626525878906250e+02
1.770252227783203125e+02 1.761217803955078125e+02
2.438273925781250000e+02 2.435413970947265625e+02
2.523578643798828125e+02 2.517619476318359375e+02
2.424563751220703125e+02 2.418050231933593750e+02
3.711472167968750000e+02 3.707949523925781250e+02
3.344833679199218750e+02 3.344056091308593750e+02
1.624503631591796875e+02 1.608846893310546875e+02
2.701601257324218750e+02 2.699803161621093750e+02
3.470543823242187500e+02 3.471566772460937500e+02
2.394246368408203125e+02 2.400698394775390625e+02
2.469229278564453125e+02 2.470794067382812500e+02
2.340322875976562500e+02 2.335949859619140625e+02
3.654221801757812500e+02 3.653107604980468750e+02
2.333693542480468750e+02 2.328494415283203125e+02
1.419434051513671875e+02 1.417296142578125000e+02
3.319931640625000000e+02 3.321776428222656250e+02
1.581948547363281250e+02 1.564340515136718750e+02
3.630654907226562500e+02 3.641572570800781250e+02
2.611656494140625000e+02 2.609574890136718750e+02
1.484692993164062500e+02 1.477802734375000000e+02
1.910149536132812500e+02 1.913616180419921875e+02
1.885688629150390625e+02 1.892413177490234375e+02
3.960665588378906250e+02 3.963438110351562500e+02
1.827966613769531250e+02 1.821514587402343750e+02
1.811087036132812500e+02 1.815694580078125000e+02
3.167581176757812500e+02 3.166759948730468750e+02
4.172071533203125000e+02 4.167223510742187500e+02
2.387143096923828125e+02 2.398177490234375000e+02
2.392101135253906250e+02 2.410912170410156250e+02
2.963485107421875000e+02 2.945759887695312500e+02
2.543017883300781250e+02 2.549182739257812500e+02
1.821472320556640625e+02 1.816396789550781250e+02
1.565910034179687500e+02 1.565220642089843750e+02
2.166811981201171875e+02 2.169949493408203125e+02
3.592362060546875000e+02 3.612253112792968750e+02
3.321698913574218750e+02 3.320068664550781250e+02
1.907822265625000000e+02 1.910126342773437500e+02
2.458258514404296875e+02 2.466804504394531250e+02
2.333179473876953125e+02 2.332293243408203125e+02
3.674519653320312500e+02 3.668706054687500000e+02
1.768845367431640625e+02 1.769842681884765625e+02
1.725021209716796875e+02 1.719055480957031250e+02
3.977388610839843750e+02 3.970478515625000000e+02
2.871373291015625000e+02 2.865194091796875000e+02
3.957601623535156250e+02 3.962200622558593750e+02
3.615885314941406250e+02 3.616246948242187500e+02
1.428058319091796875e+02 1.427677307128906250e+02
3.934265747070312500e+02 3.937251281738281250e+02
3.574318237304687500e+02 3.580809936523437500e+02
3.321994018554687500e+02 3.321519165039062500e+02
3.671574096679687500e+02 3.680145874023437500e+02
3.322578125000000000e+02 3.319237365722656250e+02
3.488602905273437500e+02 3.483541564941406250e+02
2.880803833007812500e+02 2.888000488281250000e+02
2.499817657470703125e+02 2.502789459228515625e+02
2.722341003417968750e+02 2.712688598632812500e+02
3.318422241210937500e+02 3.315773315429687500e+02
2.651262512207031250e+02 2.647761535644531250e+02
3.613364562988281250e+02 3.602965698242187500e+02
3.317036743164062500e+02 3.323988952636718750e+02
3.649358520507812500e+02 3.649010314941406250e+02
2.274579772949218750e+02 2.275043792724609375e+02
1.427071990966796875e+02 1.413207702636718750e+02
2.258699493408203125e+02 2.263839569091796875e+02
3.993786926269531250e+02 3.979723510742187500e+02
1.809354095458984375e+02 1.805147857666015625e+02
3.680980224609375000e+02 3.686777648925781250e+02
1.963384094238281250e+02 1.957312622070312500e+02
1.816855926513671875e+02 1.829722747802734375e+02
2.362607116699218750e+02 2.369812622070312500e+02
2.539863281250000000e+02 2.549422912597656250e+02
3.348107604980468750e+02 3.343919067382812500e+02
2.608022766113281250e+02 2.613208923339843750e+02
3.455118408203125000e+02 3.461342468261718750e+02
3.076375122070312500e+02 3.070409240722656250e+02
3.120173950195312500e+02 3.117645874023437500e+02
2.382481079101562500e+02 2.397574157714843750e+02
3.352601928710937500e+02 3.355182495117187500e+02
2.483149566650390625e+02 2.491579437255859375e+02
1.630234680175781250e+02 1.620969848632812500e+02
3.828230895996093750e+02 3.836663208007812500e+02
2.482607421875000000e+02 2.489244232177734375e+02
1.586430511474609375e+02 1.587360839843750000e+02
1.734858245849609375e+02 1.728065490722656250e+02
2.541569824218750000e+02 2.547818756103515625e+02
3.353301391601562500e+02 3.346004638671875000e+02
4.463474426269531250e+02 4.446446228027343750e+02
3.320463562011718750e+02 3.320500183105468750e+02
2.573019104003906250e+02 2.559772186279296875e+02
2.346456756591796875e+02 2.356145172119140625e+02
2.074015350341796875e+02 2.080561981201171875e+02
1.658420104980468750e+02 1.655200653076171875e+02
1.750985260009765625e+02 1.742557525634765625e+02
3.893967895507812500e+02 3.904157409667968750e+02
3.473378601074218750e+02 3.478593750000000000e+02
1.682375640869140625e+02 1.677919464111328125e+02
1.502656860351562500e+02 1.508472747802734375e+02
3.317650756835937500e+02 3.324646911621093750e+02
2.222051849365234375e+02 2.224564971923828125e+02
2.104148712158203125e+02 2.099402618408203125e+02
1.941674499511718750e+02 1.940646362304687500e+02
3.353773803710937500e+02 3.345789794921875000e+02
2.582726135253906250e+02 2.568166198730468750e+02
1.849929504394531250e+02 1.851724395751953125e+02
3.578464355468750000e+02 3.579109497070312500e+02
3.356675720214843750e+02 3.367872924804687500e+02
3.463410034179687500e+02 3.456596374511718750e+02
2.254051818847656250e+02 2.256910095214843750e+02
1.524924468994140625e+02 1.529643402099609375e+02
3.470559082031250000e+02 3.472400512695312500e+02
1.993386383056640625e+02 1.991055297851562500e+02
2.765131835937500000e+02 2.770423278808593750e+02
3.581592102050781250e+02 3.591568908691406250e+02
2.569187622070312500e+02 2.573783569335937500e+02
2.601044311523437500e+02 2.604110412597656250e+02
3.589061279296875000e+02 3.586166992187500000e+02
2.108896636962890625e+02 2.121589355468750000e+02
1.910278625488281250e+02 1.900795593261718750e+02
3.321555786132812500e+02 3.322427062988281250e+02
2.660003662109375000e+02 2.665708312988281250e+02
3.014829406738281250e+02 3.012242126464843750e+02
2.031046752929687500e+02 2.029013214111328125e+02
1.607397613525390625e+02 1.600615997314453125e+02
3.651315002441406250e+02 3.638393249511718750e+02
2.106382141113281250e+02 2.091606903076171875e+02
3.684643249511718750e+02 3.687257385253906250e+02
4.010457153320312500e+02 4.004187622070312500e+02
2.406453399658203125e+02 2.403358917236328125e+02
3.639242858886718750e+02 3.628831481933593750e+02
2.409038238525390625e+02 2.419848632812500000e+02
4.381061401367187500e+02 4.379887084960937500e+02
2.020004119873046875e+02 2.018690795898437500e+02
3.592596740722656250e+02 3.581783752441406250e+02
1.842680969238281250e+02 1.838591156005859375e+02
3.439964904785156250e+02 3.443811340332031250e+02
1.694657592773437500e+02 1.701081848144531250e+02
1.753532257080078125e+02 1.753422546386718750e+02
1.760859069824218750e+02 1.763251037597656250e+02
1.702549438476562500e+02 1.685227050781250000e+02
1.764661254882812500e+02 1.762370147705078125e+02
2.257310791015625000e+02 2.270237426757812500e+02
1.706157379150390625e+02 1.689543914794921875e+02
2.629651184082031250e+02 2.632697143554687500e+02
1.732108764648437500e+02 1.720935516357421875e+02
1.856161041259765625e+02 1.845495452880859375e+02
3.320446472167968750e+02 3.322215270996093750e+02
3.457562866210937500e+02 3.468406372070312500e+02
1.688350372314453125e+02 1.684736633300781250e+02
2.669876403808593750e+02 2.670095214843750000e+02
1.590562591552734375e+02 1.594192657470703125e+02
2.655060729980468750e+02 2.640428161621093750e+02
1.762171173095703125e+02 1.748565826416015625e+02
1.727992553710937500e+02 1.733549346923828125e+02
1.823535308837890625e+02 1.815875396728515625e+02
3.814035949707031250e+02 3.812963256835937500e+02
1.697638549804687500e+02 1.685924224853515625e+02
3.763347167968750000e+02 3.763066711425781250e+02
2.601482238769531250e+02 2.608061523437500000e+02
1.898541564941406250e+02 1.892980651855468750e+02
4.113380432128906250e+02 4.115387268066406250e+02
3.513319702148437500e+02 3.527342224121093750e+02
1.736421966552734375e+02 1.723432617187500000e+02
1.808885955810546875e+02 1.793184204101562500e+02
1.706297760009765625e+02 1.681757354736328125e+02
3.320446777343750000e+02 3.331142272949218750e+02
2.602764282226562500e+02 2.602713928222656250e+02
1.839976806640625000e+02 1.853852996826171875e+02
3.461613464355468750e+02 3.456204528808593750e+02
4.207578125000000000e+02 4.199174499511718750e+02
3.566981506347656250e+02 3.576298217773437500e+02
1.762444305419921875e+02 1.770430603027343750e+02
1.800618133544921875e+02 1.791096801757812500e+02
1.414727478027343750e+02 1.403866577148437500e+02
2.542742767333984375e+02 2.546522369384765625e+02
1.799263305664062500e+02 1.819892120361328125e+02
1.582171630859375000e+02 1.572607116699218750e+02
3.650763854980468750e+02 3.649066467285156250e+02
3.825022583007812500e+02 3.828430480957031250e+02
3.861542663574218750e+02 3.867124633789062500e+02
3.929257202148437500e+02 3.918660888671875000e+02
2.012999572753906250e+02 2.009030303955078125e+02
2.340609436035156250e+02 2.341940612792968750e+02
2.820454711914062500e+02 2.827624511718750000e+02
2.840639648437500000e+02 2.848481750488281250e+02
3.596751403808593750e+02 3.591996459960937500e+02
1.512032012939453125e+02 1.507023925781250000e+02
1.792395477294921875e+02 1.789429473876953125e+02
1.932314300537109375e+02 1.937870941162109375e+02
3.799354553222656250e+02 3.796880798339843750e+02
2.257558746337890625e+02 2.277887115478515625e+02
3.574948730468750000e+02 3.573850402832031250e+02
3.677018737792968750e+02 3.670647277832031250e+02
1.939738769531250000e+02 1.925231933593750000e+02
1.853027496337890625e+02 1.836921386718750000e+02
3.648339538574218750e+02 3.643882751464843750e+02
1.622723999023437500e+02 1.606412353515625000e+02
2.086295013427734375e+02 2.084946441650390625e+02
1.772991180419921875e+02 1.774481506347656250e+02
1.592948608398437500e+02 1.581310424804687500e+02
1.616830291748046875e+02 1.612810058593750000e+02
1.622736663818359375e+02 1.607797088623046875e+02
3.455770874023437500e+02 3.461295166015625000e+02
2.935121459960937500e+02 2.918662414550781250e+02
2.361165771484375000e+02 2.374378051757812500e+02
2.386192169189453125e+02 2.389766082763671875e+02
3.836197814941406250e+02 3.843870849609375000e+02
1.794669494628906250e+02 1.788366851806640625e+02
1.638889007568359375e+02 1.631642303466796875e+02
3.480974426269531250e+02 3.483142395019531250e+02
2.026143646240234375e+02 2.029610900878906250e+02
1.483426208496093750e+02 1.472920989990234375e+02
3.649909362792968750e+02 3.652202453613281250e+02
2.382475585937500000e+02 2.400362396240234375e+02
2.276065368652343750e+02 2.286981353759765625e+02
3.690668640136718750e+02 3.688358459472656250e+02
3.854610595703125000e+02 3.843167724609375000e+02
1.422581634521484375e+02 1.417328796386718750e+02
1.683427429199218750e+02 1.684595184326171875e+02
1.835562133789062500e+02 1.825577850341796875e+02
3.696629028320312500e+02 3.697541503906250000e+02
3.474894714355468750e+02 3.486323242187500000e+02
1.964454498291015625e+02 1.950959320068359375e+02
2.352923736572265625e+02 2.360474243164062500e+02
3.481612548828125000e+02 3.496510314941406250e+02
2.667244873046875000e+02 2.662502441406250000e+02
3.645395812988281250e+02 3.658915100097656250e+02
3.642408142089843750e+02 3.658239746093750000e+02
1.764395599365234375e+02 1.758831634521484375e+02
1.825554046630859375e+02 1.811941070556640625e+02
2.467087860107421875e+02 2.479575653076171875e+02
2.327551116943359375e+02 2.327168884277343750e+02
1.506475677490234375e+02 1.506102905273437500e+02
2.678855895996093750e+02 2.674089660644531250e+02
2.568591918945312500e+02 2.570211791992187500e+02
2.050494537353515625e+02 2.053772583007812500e+02
1.585853881835937500e+02 1.589079284667968750e+02
4.189458312988281250e+02 4.179605407714843750e+02
2.122478027343750000e+02 2.120869293212890625e+02
3.582427673339843750e+02 3.589246520996093750e+02
3.593347167968750000e+02 3.602091369628906250e+02
1.574532928466796875e+02 1.569182434082031250e+02
3.476441650390625000e+02 3.485768737792968750e+02
2.202837066650390625e+02 2.186474609375000000e+02
2.161405639648437500e+02 2.142566070556640625e+02
2.304214477539062500e+02 2.305428771972656250e+02
1.875835113525390625e+02 1.889732513427734375e+02
3.657479553222656250e+02 3.662612304687500000e+02
1.781559753417968750e+02 1.799383392333984375e+02
1.850085449218750000e+02 1.858563537597656250e+02
2.665760803222656250e+02 2.669999694824218750e+02
3.671684265136718750e+02 3.681588134765625000e+02
3.349220886230468750e+02 3.338905639648437500e+02
3.853265380859375000e+02 3.845153198242187500e+02
3.678549194335937500e+02 3.682940368652343750e+02
2.385435333251953125e+02 2.389839782714843750e+02
3.511200561523437500e+02 3.513540954589843750e+02
1.418047332763671875e+02 1.411782531738281250e+02
3.318615112304687500e+02 3.335308227539062500e+02
2.219102172851562500e+02 2.213736572265625000e+02
3.787092895507812500e+02 3.779895324707031250e+02
3.587319335937500000e+02 3.589992980957031250e+02
4.269519958496093750e+02 4.266672668457031250e+02
4.102942199707031250e+02 4.096416625976562500e+02
2.388700714111328125e+02 2.380747222900390625e+02
3.317466430664062500e+02 3.329135437011718750e+02
1.736035003662109375e+02 1.751830139160156250e+02
1.747950286865234375e+02 1.747006530761718750e+02
2.450021057128906250e+02 2.464878234863281250e+02
2.385713958740234375e+02 2.387898101806640625e+02
1.608681335449218750e+02 1.592363433837890625e+02
3.470742187500000000e+02 3.480683898925781250e+02
1.405454101562500000e+02 1.406348114013671875e+02
1.938446044921875000e+02 1.936122589111328125e+02
2.702633056640625000e+02 2.695256347656250000e+02
1.976138763427734375e+02 1.968512573242187500e+02
3.612648925781250000e+02 3.613170166015625000e+02
4.054632263183593750e+02 4.060424804687500000e+02
3.460769042968750000e+02 3.455845947265625000e+02
3.475321044921875000e+02 3.476470947265625000e+02
3.319671630859375000e+02 3.328657836914062500e+02
1.563057250976562500e+02 1.561123352050781250e+02
1.608813018798828125e+02 1.604160003662109375e+02
2.053928527832031250e+02 2.044969024658203125e+02
2.576996459960937500e+02 2.593139343261718750e+02
1.718514709472656250e+02 1.707636260986328125e+02
2.510689239501953125e+02 2.504284057617187500e+02
1.471753082275390625e+02 1.472691955566406250e+02
2.275307922363281250e+02 2.286175842285156250e+02
4.179215087890625000e+02 4.178220214843750000e+02
1.843008270263671875e+02 1.838497314453125000e+02
2.661754455566406250e+02 2.672341308593750000e+02
3.311951293945312500e+02 3.339754638671875000e+02
2.609972229003906250e+02 2.603462829589843750e+02
1.594566955566406250e+02 1.596514739990234375e+02
3.350376586914062500e+02 3.360718383789062500e+02
1.400066986083984375e+02 1.402228851318359375e+02
3.613834838867187500e+02 3.621637573242187500e+02
2.369184722900390625e+02 2.368232879638671875e+02
1.854746856689453125e+02 1.842963562011718750e+02
2.276797790527343750e+02 2.286952362060546875e+02
3.574060058593750000e+02 3.580192565917968750e+02
3.486123657226562500e+02 3.481135864257812500e+02
2.671184387207031250e+02 2.665882263183593750e+02
2.237929687500000000e+02 2.232931060791015625e+02
1.759182281494140625e+02 1.762528839111328125e+02
3.969196777343750000e+02 3.973060607910156250e+02
1.988951721191406250e+02 1.978922882080078125e+02
2.486470947265625000e+02 2.466395111083984375e+02
2.607333068847656250e+02 2.613319091796875000e+02
2.258191986083984375e+02 2.254922637939453125e+02
3.515094299316406250e+02 3.515740051269531250e+02
1.696996765136718750e+02 1.687284088134765625e+02
2.415963287353515625e+02 2.429140014648437500e+02
3.577852172851562500e+02 3.583110046386718750e+02
1.521508026123046875e+02 1.529094848632812500e+02
2.260359954833984375e+02 2.275994720458984375e+02
3.630872802734375000e+02 3.634849548339843750e+02
2.900325012207031250e+02 2.904365844726562500e+02
3.702095031738281250e+02 3.703359680175781250e+02
3.488323059082031250e+02 3.487224731445312500e+02
3.460463562011718750e+02 3.460038452148437500e+02
2.518173522949218750e+02 2.503274383544921875e+02
3.588071899414062500e+02 3.604533691406250000e+02
4.339112243652343750e+02 4.318772888183593750e+02
3.466656799316406250e+02 3.471668090820312500e+02
2.767607421875000000e+02 2.772736511230468750e+02
3.315738830566406250e+02 3.328977966308593750e+02
3.574431152343750000e+02 3.576202087402343750e+02
1.880449829101562500e+02 1.871775512695312500e+02
4.047626037597656250e+02 4.045920715332031250e+02
3.932586059570312500e+02 3.931304321289062500e+02
1.880480346679687500e+02 1.879556884765625000e+02
3.903134765625000000e+02 3.905069274902343750e+02
1.354248809814453125e+02 1.346881561279296875e+02
3.325206909179687500e+02 3.341633300781250000e+02
2.256239318847656250e+02 2.269886932373046875e+02
3.791546020507812500e+02 3.802915039062500000e+02
2.521123352050781250e+02 2.505635681152343750e+02
1.666369628906250000e+02 1.657292938232421875e+02
1.913598937988281250e+02 1.905364532470703125e+02
2.392886199951171875e+02 2.375914764404296875e+02
1.709274749755859375e+02 1.715478363037109375e+02
2.109862060546875000e+02 2.113281860351562500e+02
2.385928649902343750e+02 2.394439086914062500e+02
1.748324737548828125e+02 1.735271911621093750e+02
1.819406890869140625e+02 1.812167205810546875e+02
2.271633300781250000e+02 2.274592742919921875e+02
2.890476379394531250e+02 2.874812927246093750e+02
2.601148376464843750e+02 2.596886291503906250e+02
1.759145202636718750e+02 1.756567382812500000e+02
2.458592681884765625e+02 2.454354858398437500e+02
3.586542358398437500e+02 3.584712524414062500e+02
3.457388610839843750e+02 3.459500122070312500e+02
1.758229980468750000e+02 1.758089294433593750e+02
4.259371643066406250e+02 4.260291748046875000e+02
3.460403137207031250e+02 3.468244934082031250e+02
2.258925323486328125e+02 2.267419891357421875e+02
2.542188415527343750e+02 2.564506835937500000e+02
3.082249755859375000e+02 3.078286132812500000e+02
1.590178070068359375e+02 1.604037322998046875e+02
1.966812438964843750e+02 1.952185211181640625e+02
1.932092742919921875e+02 1.922324371337890625e+02
3.647301025390625000e+02 3.646967773437500000e+02
3.473723754882812500e+02 3.471594238281250000e+02
1.507194366455078125e+02 1.504559326171875000e+02
1.787027587890625000e+02 1.773868408203125000e+02
3.786443786621093750e+02 3.780755920410156250e+02
1.730191345214843750e+02 1.714376525878906250e+02
3.645515441894531250e+02 3.647198791503906250e+02
2.161765594482421875e+02 2.160163421630859375e+02
1.871796112060546875e+02 1.874924163818359375e+02
3.775074157714843750e+02 3.772100219726562500e+02
1.980614318847656250e+02 1.983420410156250000e+02
1.576934204101562500e+02 1.573698883056640625e+02
4.148604125976562500e+02 4.148390502929687500e+02
2.202376861572265625e+02 2.196981811523437500e+02
1.848601684570312500e+02 1.837353210449218750e+02
1.827281036376953125e+02 1.828297729492187500e+02
1.797407989501953125e+02 1.787162170410156250e+02
1.478963317871093750e+02 1.477293395996093750e+02
3.348319396972656250e+02 3.362615661621093750e+02
2.444488983154296875e+02 2.447804260253906250e+02
3.465696716308593750e+02 3.469812316894531250e+02
3.319403991699218750e+02 3.315937805175781250e+02
1.606677093505859375e+02 1.590108032226562500e+02
2.483057403564453125e+02 2.471282958984375000e+02
1.792611999511718750e+02 1.780792999267578125e+02
1.486592407226562500e+02 1.477346191406250000e+02
3.318592224121093750e+02 3.331444091796875000e+02
1.911641235351562500e+02 1.897629852294921875e+02
2.727770385742187500e+02 2.713338012695312500e+02
3.099185485839843750e+02 3.110104370117187500e+02
1.677897186279296875e+02 1.682912597656250000e+02
3.631747741699218750e+02 3.625893859863281250e+02
3.649732055664062500e+02 3.659373779296875000e+02
3.481032714843750000e+02 3.486918334960937500e+02
2.467169799804687500e+02 2.473206024169921875e+02
2.217805633544921875e+02 2.222859802246093750e+02
3.691936340332031250e+02 3.691327514648437500e+02
2.252590179443359375e+02 2.259848937988281250e+02
2.564865722656250000e+02 2.560882568359375000e+02
3.646161804199218750e+02 3.658600158691406250e+02
1.603005981445312500e+02 1.585267181396484375e+02
3.471150207519531250e+02 3.484871215820312500e+02
1.287212982177734375e+02 1.280868530273437500e+02
4.226066894531250000e+02 4.220156555175781250e+02
2.368175964355468750e+02 2.372737579345703125e+02
3.307525634765625000e+02 3.324577026367187500e+02
3.792132873535156250e+02 3.800475769042968750e+02
2.367287292480468750e+02 2.380251922607421875e+02
2.339742431640625000e+02 2.342670440673828125e+02
1.701140594482421875e+02 1.709117279052734375e+02
1.571160278320312500e+02 1.557449493408203125e+02
3.318439025878906250e+02 3.328268737792968750e+02
3.586718750000000000e+02 3.590411376953125000e+02
1.660326690673828125e+02 1.662167205810546875e+02
3.616356506347656250e+02 3.613857116699218750e+02
1.851289062500000000e+02 1.848097534179687500e+02
1.985281219482421875e+02 1.985372772216796875e+02
3.478707580566406250e+02 3.482178955078125000e+02
2.341010894775390625e+02 2.347606201171875000e+02
1.809803924560546875e+02 1.799869079589843750e+02
1.269821395874023438e+02 1.267616729736328125e+02
2.636825561523437500e+02 2.622129516601562500e+02
3.477925109863281250e+02 3.480031127929687500e+02
4.403881530761718750e+02 4.405101623535156250e+02
3.580227355957031250e+02 3.578476562500000000e+02
3.319253540039062500e+02 3.313833923339843750e+02
2.260318756103515625e+02 2.271534881591796875e+02
1.592779388427734375e+02 1.597268981933593750e+02
1.659890289306640625e+02 1.656152954101562500e+02
4.054783325195312500e+02 4.043608398437500000e+02
3.346200256347656250e+02 3.347755432128906250e+02
2.108228302001953125e+02 2.096239624023437500e+02
3.809225769042968750e+02 3.801017761230468750e+02
2.040921478271484375e+02 2.039196319580078125e+02
1.654663391113281250e+02 1.644620056152343750e+02
1.735229339599609375e+02 1.723237762451171875e+02
2.436764221191406250e+02 2.439807128906250000e+02
3.844987792968750000e+02 3.838981323242187500e+02
3.321192321777343750e+02 3.322620849609375000e+02
1.936899414062500000e+02 1.937323150634765625e+02
2.461629638671875000e+02 2.470201721191406250e+02
1.623907012939453125e+02 1.619265594482421875e+02
1.724124603271484375e+02 1.720267181396484375e+02
3.695845031738281250e+02 3.698389282226562500e+02
2.451292266845703125e+02 2.446551055908203125e+02
1.875768127441406250e+02 1.889360809326171875e+02
2.323232421875000000e+02 2.312962188720703125e+02
1.929853820800781250e+02 1.917362670898437500e+02
1.821238861083984375e+02 1.820597534179687500e+02
1.974895477294921875e+02 1.974754638671875000e+02
1.287258148193359375e+02 1.288313903808593750e+02
3.630462341308593750e+02 3.621313476562500000e+02
1.836846466064453125e+02 1.838066101074218750e+02
3.766815795898437500e+02 3.765046081542968750e+02
1.610741577148437500e+02 1.599013061523437500e+02
1.697830810546875000e+02 1.696924896240234375e+02
1.910449066162109375e+02 1.918890075683593750e+02
4.464592895507812500e+02 4.466951293945312500e+02
3.586621093750000000e+02 3.601281127929687500e+02
1.559922790527343750e+02 1.562055664062500000e+02
1.714098205566406250e+02 1.717953491210937500e+02
3.643838806152343750e+02 3.640202026367187500e+02
1.798449707031250000e+02 1.795029144287109375e+02
2.616561889648437500e+02 2.605667724609375000e+02
2.367409820556640625e+02 2.360099182128906250e+02
1.935397949218750000e+02 1.934549102783203125e+02
3.358723754882812500e+02 3.359454956054687500e+02
2.368789978027343750e+02 2.375301208496093750e+02
1.830291137695312500e+02 1.824577026367187500e+02
2.010460205078125000e+02 2.007568817138671875e+02
2.130003051757812500e+02 2.121307373046875000e+02
2.342308502197265625e+02 2.343130187988281250e+02
1.798309020996093750e+02 1.793199462890625000e+02
2.714995422363281250e+02 2.722701721191406250e+02
1.392259826660156250e+02 1.397337951660156250e+02
4.033690490722656250e+02 4.036731567382812500e+02
2.808607482910156250e+02 2.806836853027343750e+02
2.367137298583984375e+02 2.370201416015625000e+02
3.796025085449218750e+02 3.794498596191406250e+02
2.091070098876953125e+02 2.090703582763671875e+02
2.257066345214843750e+02 2.262667846679687500e+02
2.610827026367187500e+02 2.613342895507812500e+02
3.577079772949218750e+02 3.577023315429687500e+02
3.897517700195312500e+02 3.899943237304687500e+02
3.485656738281250000e+02 3.481807861328125000e+02
3.306851501464843750e+02 3.312551574707031250e+02
2.332965850830078125e+02 2.344042358398437500e+02
1.491371917724609375e+02 1.473420562744140625e+02
2.536702728271484375e+02 2.535600433349609375e+02
2.913442993164062500e+02 2.913260192871093750e+02
1.757550354003906250e+02 1.754613342285156250e+02
2.147680816650390625e+02 2.139497833251953125e+02
1.672802429199218750e+02 1.665034942626953125e+02
2.038202209472656250e+02 2.045194702148437500e+02
2.256989593505859375e+02 2.278890380859375000e+02
2.078609619140625000e+02 2.081872711181640625e+02
2.258782958984375000e+02 2.277495269775390625e+02
3.490642700195312500e+02 3.497388305664062500e+02
2.405519409179687500e+02 2.409160308837890625e+02
3.443283691406250000e+02 3.459803466796875000e+02
1.546180267333984375e+02 1.549255065917968750e+02
2.607949829101562500e+02 2.603247375488281250e+02
1.768855285644531250e+02 1.769241333007812500e+02
4.204553222656250000e+02 4.198258972167968750e+02
3.347741394042968750e+02 3.356607666015625000e+02
3.784288635253906250e+02 3.770505065917968750e+02
3.590992736816406250e+02 3.606182861328125000e+02
3.706457824707031250e+02 3.707898559570312500e+02
1.707893829345703125e+02 1.691309967041015625e+02
3.321273193359375000e+02 3.311649475097656250e+02
1.734597015380859375e+02 1.728721008300781250e+02
2.473428344726562500e+02 2.476480560302734375e+02
3.456840515136718750e+02 3.463560791015625000e+02
3.931556091308593750e+02 3.934369812011718750e+02
3.641383666992187500e+02 3.642792663574218750e+02
3.486609802246093750e+02 3.489969787597656250e+02
1.762997131347656250e+02 1.763584747314453125e+02
3.459749755859375000e+02 3.463301391601562500e+02
2.372551574707031250e+02 2.375934600830078125e+02
2.342699127197265625e+02 2.347616577148437500e+02
3.792548828125000000e+02 3.793190917968750000e+02
3.648014831542968750e+02 3.645070800781250000e+02
3.456765136718750000e+02 3.465670776367187500e+02
1.927225799560546875e+02 1.927662506103515625e+02
3.320554504394531250e+02 3.327153625488281250e+02
2.366074676513671875e+02 2.393393707275390625e+02
2.565071411132812500e+02 2.575683288574218750e+02
1.589249114990234375e+02 1.591943206787109375e+02
1.649156188964843750e+02 1.647607269287109375e+02
2.297946777343750000e+02 2.290377960205078125e+02
3.305176086425781250e+02 3.324497375488281250e+02
2.392686614990234375e+02 2.384544525146484375e+02
3.768744506835937500e+02 3.760505981445312500e+02
1.452557525634765625e+02 1.454941406250000000e+02
3.724507141113281250e+02 3.723286132812500000e+02
3.822973022460937500e+02 3.824582824707031250e+02
3.685831909179687500e+02 3.681453247070312500e+02
2.049696655273437500e+02 2.048012847900390625e+02
4.165338439941406250e+02 4.156231384277343750e+02
2.258078460693359375e+02 2.270397949218750000e+02
3.576187438964843750e+02 3.575536193847656250e+02
3.493133544921875000e+02 3.487642517089843750e+02
2.104651794433593750e+02 2.098016662597656250e+02
1.467922515869140625e+02 1.454348144531250000e+02
1.797442932128906250e+02 1.789544982910156250e+02
2.250483398437500000e+02 2.262760162353515625e+02
3.842597351074218750e+02 3.837071228027343750e+02
2.876075744628906250e+02 2.879507446289062500e+02
1.830785217285156250e+02 1.828616638183593750e+02
2.392183837890625000e+02 2.399877166748046875e+02
1.660020446777343750e+02 1.666123352050781250e+02
2.313862152099609375e+02 2.311863250732421875e+02
3.320682067871093750e+02 3.321230163574218750e+02
3.910035400390625000e+02 3.898573608398437500e+02
1.974455718994140625e+02 1.972283477783203125e+02
3.482728271484375000e+02 3.489749145507812500e+02
3.461542358398437500e+02 3.468146667480468750e+02
3.091498107910156250e+02 3.088445129394531250e+02
1.811835937500000000e+02 1.823456420898437500e+02
1.794537048339843750e+02 1.784931335449218750e+02
3.850911254882812500e+02 3.859467468261718750e+02
1.986795349121093750e+02 1.984120788574218750e+02
3.819980773925781250e+02 3.822292785644531250e+02
1.794615020751953125e+02 1.785989990234375000e+02
2.444566497802734375e+02 2.451960449218750000e+02
1.760684051513671875e+02 1.764706726074218750e+02
1.477499847412109375e+02 1.459588165283203125e+02
3.318760375976562500e+02 3.321714172363281250e+02
2.761697387695312500e+02 2.758622436523437500e+02
3.631288757324218750e+02 3.630691223144531250e+02
1.963728332519531250e+02 1.959330139160156250e+02
3.689685974121093750e+02 3.690558776855468750e+02
1.830745544433593750e+02 1.833985137939453125e+02
1.824581298828125000e+02 1.826532135009765625e+02
1.630450897216796875e+02 1.626983032226562500e+02
3.646112976074218750e+02 3.650888061523437500e+02
1.795304260253906250e+02 1.817596740722656250e+02
6.070697021484375000e+02 6.028558959960937500e+02
2.366997222900390625e+02 2.348950805664062500e+02
2.494606323242187500e+02 2.482338104248046875e+02
2.309092559814453125e+02 2.326343078613281250e+02
2.646159057617187500e+02 2.650379333496093750e+02
2.963787536621093750e+02 2.971521606445312500e+02
3.455879211425781250e+02 3.444145812988281250e+02
1.889738464355468750e+02 1.898794403076171875e+02
4.947844238281250000e+02 4.932784423828125000e+02
2.261383056640625000e+02 2.261834869384765625e+02
1.603864898681640625e+02 1.578982391357421875e+02
1.509671020507812500e+02 1.513208618164062500e+02
2.346637725830078125e+02 2.358552856445312500e+02
3.672985229492187500e+02 3.679178771972656250e+02
3.474875793457031250e+02 3.480992431640625000e+02
2.027653656005859375e+02 2.030398712158203125e+02
1.531046447753906250e+02 1.538639373779296875e+02
2.384091491699218750e+02 2.393898010253906250e+02
3.671297607421875000e+02 3.669876708984375000e+02
3.713172302246093750e+02 3.708888244628906250e+02
2.385662536621093750e+02 2.390999603271484375e+02
1.763610076904296875e+02 1.762148895263671875e+02
3.656911010742187500e+02 3.651636047363281250e+02
2.021272277832031250e+02 2.019157409667968750e+02
3.523632507324218750e+02 3.510374450683593750e+02
3.709717712402343750e+02 3.710858154296875000e+02
2.077726440429687500e+02 2.091673736572265625e+02
3.646915588378906250e+02 3.642401733398437500e+02
2.346534423828125000e+02 2.361335449218750000e+02
3.665260314941406250e+02 3.675502014160156250e+02
2.514438018798828125e+02 2.526326141357421875e+02
2.443175659179687500e+02 2.457648620605468750e+02
1.831359558105468750e+02 1.821788787841796875e+02
3.593374023437500000e+02 3.592531738281250000e+02
1.950811462402343750e+02 1.948556365966796875e+02
3.475356445312500000e+02 3.477602844238281250e+02
2.261368103027343750e+02 2.275190124511718750e+02
2.971290283203125000e+02 2.981238403320312500e+02
2.482475280761718750e+02 2.474673614501953125e+02
1.481815490722656250e+02 1.472462768554687500e+02
3.577211303710937500e+02 3.593045043945312500e+02
3.295386657714843750e+02 3.299711303710937500e+02
2.952559814453125000e+02 2.946852416992187500e+02
3.588950805664062500e+02 3.594816894531250000e+02
3.833781127929687500e+02 3.835213317871093750e+02
3.616547241210937500e+02 3.621260375976562500e+02
1.540685577392578125e+02 1.542319641113281250e+02
3.576854248046875000e+02 3.581244201660156250e+02
1.907988128662109375e+02 1.902206268310546875e+02
1.746047058105468750e+02 1.743102569580078125e+02
3.899209289550781250e+02 3.914132080078125000e+02
2.623431091308593750e+02 2.626005859375000000e+02
2.603475646972656250e+02 2.609951171875000000e+02
2.442140350341796875e+02 2.443188934326171875e+02
3.579438781738281250e+02 3.589107971191406250e+02
1.674165039062500000e+02 1.662301177978515625e+02
1.995153503417968750e+02 1.992716827392578125e+02
3.346353454589843750e+02 3.342391967773437500e+02
1.782304077148437500e+02 1.762655487060546875e+02
2.310563659667968750e+02 2.327053070068359375e+02
2.274182586669921875e+02 2.287468109130859375e+02
3.627444763183593750e+02 3.623977661132812500e+02
4.120075378417968750e+02 4.110368041992187500e+02
1.743040161132812500e+02 1.733117065429687500e+02
3.663731994628906250e+02 3.669878845214843750e+02
2.384816589355468750e+02 2.377950439453125000e+02
3.571707763671875000e+02 3.574163513183593750e+02
2.478146667480468750e+02 2.488078613281250000e+02
2.518466949462890625e+02 2.529720001220703125e+02
2.517510070800781250e+02 2.514398956298828125e+02
1.626395568847656250e+02 1.631133728027343750e+02
1.785717010498046875e+02 1.772256774902343750e+02
3.593867187500000000e+02 3.594349975585937500e+02
2.878262634277343750e+02 2.869194335937500000e+02
3.321972961425781250e+02 3.316542663574218750e+02
1.506629943847656250e+02 1.499105834960937500e+02
1.894348754882812500e+02 1.883630676269531250e+02
2.161936340332031250e+02 2.167272644042968750e+02
1.982390899658203125e+02 1.972393341064453125e+02
2.460042114257812500e+02 2.464446716308593750e+02
2.345159606933593750e+02 2.341505889892578125e+02
3.641134948730468750e+02 3.647124023437500000e+02
3.328277587890625000e+02 3.324225769042968750e+02
4.122006835937500000e+02 4.123765258789062500e+02
2.127373352050781250e+02 2.114726409912109375e+02
2.462239990234375000e+02 2.468852996826171875e+02
1.982182769775390625e+02 1.972617340087890625e+02
3.711900024414062500e+02 3.710227050781250000e+02
2.542532348632812500e+02 2.544207611083984375e+02
3.583297729492187500e+02 3.595468750000000000e+02
2.925176696777343750e+02 2.925219116210937500e+02
3.323522338867187500e+02 3.330260009765625000e+02
1.535656280517578125e+02 1.527936859130859375e+02
3.702628784179687500e+02 3.698575134277343750e+02
2.164778289794921875e+02 2.167149200439453125e+02
2.949091796875000000e+02 2.946069335937500000e+02
1.558876037597656250e+02 1.553265686035156250e+02
1.479940185546875000e+02 1.479019012451171875e+02
1.509875488281250000e+02 1.514177703857421875e+02
1.961716461181640625e+02 1.966219024658203125e+02
2.461473236083984375e+02 2.458117065429687500e+02
1.897309417724609375e+02 1.889637603759765625e+02
1.849786071777343750e+02 1.866044464111328125e+02
1.467796020507812500e+02 1.472602844238281250e+02
3.897968444824218750e+02 3.903840332031250000e+02
1.541942901611328125e+02 1.533529052734375000e+02
1.911760559082031250e+02 1.903201293945312500e+02
3.616555480957031250e+02 3.611947937011718750e+02
3.947730407714843750e+02 3.949486389160156250e+02
4.403866271972656250e+02 4.397561035156250000e+02
4.713153076171875000e+02 4.707354431152343750e+02
2.363363647460937500e+02 2.386311645507812500e+02
3.322918395996093750e+02 3.349645690917968750e+02
1.795154571533203125e+02 1.804479522705078125e+02
1.687700958251953125e+02 1.671501770019531250e+02
2.659932556152343750e+02 2.659268493652343750e+02
2.414394073486328125e+02 2.420340423583984375e+02
2.019084930419921875e+02 2.014064483642578125e+02
1.830094299316406250e+02 1.825438995361328125e+02
1.871219024658203125e+02 1.886518554687500000e+02
2.392332611083984375e+02 2.394783935546875000e+02
2.460781250000000000e+02 2.457896575927734375e+02
1.855853881835937500e+02 1.863620758056640625e+02
3.321963806152343750e+02 3.336340637207031250e+02
2.629428710937500000e+02 2.624881286621093750e+02
3.642532043457031250e+02 3.643112792968750000e+02
1.651384124755859375e+02 1.639657440185546875e+02
3.457546691894531250e+02 3.462251586914062500e+02
1.742156066894531250e+02 1.736586914062500000e+02
2.126413116455078125e+02 2.119470367431640625e+02
4.327122802734375000e+02 4.332176208496093750e+02
1.409897918701171875e+02 1.402909698486328125e+02
3.638760986328125000e+02 3.651881408691406250e+02
1.422618103027343750e+02 1.440344390869140625e+02
1.899306793212890625e+02 1.897027740478515625e+02
3.487185974121093750e+02 3.488482971191406250e+02
1.852058105468750000e+02 1.845297851562500000e+02
1.580022888183593750e+02 1.562207489013671875e+02
2.459247131347656250e+02 2.468311157226562500e+02
2.383956146240234375e+02 2.390236511230468750e+02
3.881036071777343750e+02 3.883248901367187500e+02
2.568018798828125000e+02 2.560619812011718750e+02
1.568151855468750000e+02 1.568716735839843750e+02
3.634424133300781250e+02 3.637940979003906250e+02
3.579452209472656250e+02 3.570156555175781250e+02
2.191559753417968750e+02 2.194304199218750000e+02
1.720211181640625000e+02 1.709827423095703125e+02
4.086625061035156250e+02 4.074803466796875000e+02
3.462821044921875000e+02 3.475359191894531250e+02
3.818758239746093750e+02 3.814569702148437500e+02
2.326100158691406250e+02 2.339233856201171875e+02
2.562319335937500000e+02 2.574320373535156250e+02
2.635192565917968750e+02 2.646235961914062500e+02
1.920673370361328125e+02 1.912515106201171875e+02
3.472524108886718750e+02 3.477055358886718750e+02
1.639203948974609375e+02 1.632570800781250000e+02
3.320359497070312500e+02 3.330504760742187500e+02
1.702143249511718750e+02 1.692903289794921875e+02
2.750767517089843750e+02 2.749336242675781250e+02
2.475321044921875000e+02 2.484588470458984375e+02
1.542480163574218750e+02 1.554151458740234375e+02
1.426114959716796875e+02 1.404275054931640625e+02
1.593853149414062500e+02 1.584323883056640625e+02
3.319244995117187500e+02 3.316460571289062500e+02
4.514025573730468750e+02 4.500776062011718750e+02
1.743660278320312500e+02 1.730771636962890625e+02
4.234153137207031250e+02 4.234038391113281250e+02
3.476636962890625000e+02 3.479999389648437500e+02
4.021436157226562500e+02 4.008475952148437500e+02
3.461655273437500000e+02 3.470799255371093750e+02
1.899533691406250000e+02 1.896210021972656250e+02
2.343827972412109375e+02 2.357741241455078125e+02
2.437396697998046875e+02 2.451260528564453125e+02
2.092263641357421875e+02 2.081464843750000000e+02
1.622001800537109375e+02 1.605054931640625000e+02
2.259985504150390625e+02 2.265583343505859375e+02
2.571913452148437500e+02 2.583000793457031250e+02
3.320276184082031250e+02 3.325427551269531250e+02
3.806688232421875000e+02 3.805007629394531250e+02
3.590133666992187500e+02 3.597249755859375000e+02
3.828341064453125000e+02 3.829028625488281250e+02
2.461262512207031250e+02 2.470037231445312500e+02
1.808413085937500000e+02 1.818141326904296875e+02
3.316759948730468750e+02 3.330314941406250000e+02
4.136280822753906250e+02 4.139346923828125000e+02
1.755057525634765625e+02 1.748973693847656250e+02
1.843889465332031250e+02 1.840790252685546875e+02
2.540371398925781250e+02 2.545736694335937500e+02
3.459544677734375000e+02 3.459677429199218750e+02
1.926026458740234375e+02 1.925229492187500000e+02
3.666247253417968750e+02 3.667310180664062500e+02
3.965774230957031250e+02 3.963049316406250000e+02
1.748520965576171875e+02 1.733589630126953125e+02
1.509482116699218750e+02 1.526829528808593750e+02
1.940109558105468750e+02 1.951940460205078125e+02
2.102772216796875000e+02 2.087707214355468750e+02
3.457658996582031250e+02 3.465349731445312500e+02
4.147007141113281250e+02 4.138412475585937500e+02
1.708967132568359375e+02 1.707690582275390625e+02
1.829217071533203125e+02 1.822695159912109375e+02
1.750330505371093750e+02 1.744570770263671875e+02
4.272324523925781250e+02 4.269466857910156250e+02
1.720803375244140625e+02 1.715129852294921875e+02
1.502880706787109375e+02 1.502816772460937500e+02
2.442277832031250000e+02 2.448016815185546875e+02
2.365557708740234375e+02 2.371473083496093750e+02
1.576775512695312500e+02 1.562141418457031250e+02
2.055467071533203125e+02 2.051152038574218750e+02
3.346254272460937500e+02 3.348583679199218750e+02
2.688125305175781250e+02 2.690329284667968750e+02
1.816610260009765625e+02 1.809964904785156250e+02
3.323195190429687500e+02 3.333138122558593750e+02
3.493252258300781250e+02 3.494404602050781250e+02
2.475773315429687500e+02 2.470149841308593750e+02
3.481542663574218750e+02 3.472930908203125000e+02
4.226728515625000000e+02 4.213828430175781250e+02
3.840332641601562500e+02 3.851276550292968750e+02
1.504699096679687500e+02 1.514815063476562500e+02
2.310766754150390625e+02 2.324762573242187500e+02
4.601621704101562500e+02 4.604460754394531250e+02
1.759619140625000000e+02 1.763656463623046875e+02
3.852778015136718750e+02 3.847891540527343750e+02
1.996845245361328125e+02 2.005193481445312500e+02
1.878893127441406250e+02 1.875579528808593750e+02
1.857775573730468750e+02 1.862624511718750000e+02
4.244727783203125000e+02 4.233005981445312500e+02
2.690442810058593750e+02 2.697644348144531250e+02
2.232753906250000000e+02 2.229327087402343750e+02
4.068197021484375000e+02 4.074827270507812500e+02
3.486291198730468750e+02 3.485777282714843750e+02
2.389303131103515625e+02 2.395236358642578125e+02
1.592742919921875000e+02 1.583330383300781250e+02
1.564513549804687500e+02 1.567367248535156250e+02
2.108417816162109375e+02 2.106530151367187500e+02
1.936346588134765625e+02 1.935626373291015625e+02
1.470050659179687500e+02 1.466091003417968750e+02
2.280691986083984375e+02 2.288981323242187500e+02
1.630151214599609375e+02 1.621655731201171875e+02
2.044799346923828125e+02 2.045026855468750000e+02
1.958819427490234375e+02 1.944524230957031250e+02
1.775669097900390625e+02 1.767887725830078125e+02
2.031871795654296875e+02 2.036103668212890625e+02
2.256547241210937500e+02 2.274018096923828125e+02
3.855852355957031250e+02 3.858696899414062500e+02
2.460979919433593750e+02 2.456587371826171875e+02
1.759722900390625000e+02 1.751807403564453125e+02
3.642817993164062500e+02 3.647361450195312500e+02
3.458453063964843750e+02 3.455244445800781250e+02
2.278050842285156250e+02 2.280381317138671875e+02
2.543899993896484375e+02 2.556566619873046875e+02
1.539639739990234375e+02 1.538808441162109375e+02
3.475503540039062500e+02 3.478703002929687500e+02
3.627125549316406250e+02 3.622140808105468750e+02
2.259346466064453125e+02 2.273672180175781250e+02
2.035668487548828125e+02 2.034667968750000000e+02
1.840158538818359375e+02 1.849300994873046875e+02
2.675669860839843750e+02 2.678761596679687500e+02
1.953138732910156250e+02 1.961136322021484375e+02
3.482115173339843750e+02 3.475538940429687500e+02
3.321381225585937500e+02 3.318554382324218750e+02
3.826713562011718750e+02 3.835144348144531250e+02
1.811560363769531250e+02 1.814514160156250000e+02
4.144421386718750000e+02 4.149355163574218750e+02
2.516286926269531250e+02 2.505246124267578125e+02
1.647184295654296875e+02 1.633725738525390625e+02
3.324703369140625000e+02 3.331802673339843750e+02
2.017583160400390625e+02 2.007563934326171875e+02
1.619393768310546875e+02 1.621684417724609375e+02
1.636766204833984375e+02 1.621728210449218750e+02
2.374355926513671875e+02 2.370409393310546875e+02
2.475960540771484375e+02 2.477543945312500000e+02
2.366419525146484375e+02 2.379588928222656250e+02
2.466522369384765625e+02 2.464324340820312500e+02
1.971686553955078125e+02 1.956369476318359375e+02
2.274338836669921875e+02 2.277782135009765625e+02
2.052633972167968750e+02 2.068412322998046875e+02
1.936832122802734375e+02 1.923875732421875000e+02
3.851518554687500000e+02 3.840345153808593750e+02
3.588626708984375000e+02 3.599621582031250000e+02
3.678853759765625000e+02 3.689149780273437500e+02
3.646397094726562500e+02 3.644993286132812500e+02
2.887397766113281250e+02 2.895175781250000000e+02
3.653386840820312500e+02 3.644665832519531250e+02
3.317684020996093750e+02 3.320710449218750000e+02
2.365746917724609375e+02 2.372108154296875000e+02
3.628630371093750000e+02 3.623912658691406250e+02
3.678930664062500000e+02 3.681079406738281250e+02
2.254949035644531250e+02 2.253781433105468750e+02
3.616978149414062500e+02 3.610681762695312500e+02
1.883436584472656250e+02 1.878450164794921875e+02
2.257960205078125000e+02 2.271289978027343750e+02
1.880258483886718750e+02 1.883782196044921875e+02
2.544684143066406250e+02 2.543824615478515625e+02
2.256889343261718750e+02 2.270528259277343750e+02
1.619724731445312500e+02 1.630661163330078125e+02
3.321886596679687500e+02 3.322708435058593750e+02
2.523488464355468750e+02 2.527906951904296875e+02
4.105607299804687500e+02 4.093215637207031250e+02
2.147006378173828125e+02 2.144544067382812500e+02
1.523455352783203125e+02 1.529075317382812500e+02
1.483836975097656250e+02 1.488509521484375000e+02
3.457168884277343750e+02 3.460295410156250000e+02
3.320132141113281250e+02 3.328508911132812500e+02
2.328515777587890625e+02 2.329579620361328125e+02
1.448641510009765625e+02 1.444203186035156250e+02
1.661037139892578125e+02 1.664589233398437500e+02
3.321319580078125000e+02 3.331938781738281250e+02
3.699880676269531250e+02 3.703431701660156250e+02
1.455179443359375000e+02 1.448657226562500000e+02
2.348452148437500000e+02 2.371268310546875000e+02
2.257265167236328125e+02 2.273982849121093750e+02
1.709555358886718750e+02 1.701974487304687500e+02
1.671555633544921875e+02 1.683471527099609375e+02
2.622917480468750000e+02 2.620584411621093750e+02
2.543310852050781250e+02 2.558738861083984375e+02
3.731306457519531250e+02 3.728497924804687500e+02
3.587929382324218750e+02 3.595915222167968750e+02
2.042544708251953125e+02 2.037623443603515625e+02
3.673486938476562500e+02 3.668039245605468750e+02
3.702043457031250000e+02 3.702844238281250000e+02
1.497389068603515625e+02 1.482602996826171875e+02
2.353660278320312500e+02 2.352600555419921875e+02
2.540374755859375000e+02 2.556995697021484375e+02
2.128002471923828125e+02 2.119229278564453125e+02
1.496510925292968750e+02 1.507996673583984375e+02
3.457061767578125000e+02 3.467661132812500000e+02
1.872724609375000000e+02 1.878267974853515625e+02
3.321529235839843750e+02 3.318923339843750000e+02
2.340523834228515625e+02 2.349695129394531250e+02
2.340138549804687500e+02 2.346995849609375000e+02
3.586393127441406250e+02 3.591188049316406250e+02
2.006559600830078125e+02 1.992926940917968750e+02
1.660877075195312500e+02 1.663301696777343750e+02
2.789092407226562500e+02 2.782718505859375000e+02
1.911152954101562500e+02 1.903834228515625000e+02
3.942299499511718750e+02 3.938141174316406250e+02
1.961892547607421875e+02 1.956207580566406250e+02
2.359146270751953125e+02 2.365918426513671875e+02
1.591421661376953125e+02 1.594210815429687500e+02
3.482950134277343750e+02 3.471698303222656250e+02
4.417027282714843750e+02 4.403941650390625000e+02
1.805479736328125000e+02 1.801383666992187500e+02
1.478087463378906250e+02 1.493031921386718750e+02
1.907589874267578125e+02 1.903892364501953125e+02
2.557334594726562500e+02 2.562799072265625000e+02
3.519269104003906250e+02 3.509289245605468750e+02
