9.139879606664180756e-03 1.345236599445343018e-02
7.575745228677988052e-03 7.241257000714540482e-03
5.587066058069467545e-03 6.406033411622047424e-03
4.848226439207792282e-03 6.400010548532009125e-03
4.700481425970792770e-03 5.951904226094484329e-03
4.950399976223707199e-03 6.286679301410913467e-03
4.398614168167114258e-03 6.320324726402759552e-03
4.368111025542020798e-03 5.868042353540658951e-03
4.261455964297056198e-03 5.948747042566537857e-03
4.170731175690889359e-03 5.974647123366594315e-03
4.008252639323472977e-03 6.850217003375291824e-03
4.440323449671268463e-03 6.190003361552953720e-03
4.115986172109842300e-03 6.262689363211393356e-03
3.678398672491312027e-03 6.875627674162387848e-03
3.670206060633063316e-03 5.797135177999734879e-03
3.487012814730405807e-03 6.541631650179624557e-03
3.417160362005233765e-03 5.916357040405273438e-03
3.592899302020668983e-03 9.166341274976730347e-03
3.963540773838758469e-03 5.720497108995914459e-03
3.162045963108539581e-03 6.104252301156520844e-03
3.144165733829140663e-03 5.802096333354711533e-03
3.087706863880157471e-03 5.774599965661764145e-03
2.903849584981799126e-03 5.533642601221799850e-03
2.907673828303813934e-03 5.834632553160190582e-03
2.893451834097504616e-03 5.846815183758735657e-03
2.769118873402476311e-03 5.920503754168748856e-03
2.912240102887153625e-03 5.671989638358354568e-03
2.928034868091344833e-03 7.038255687803030014e-03
3.162248060107231140e-03 5.816514603793621063e-03
2.789885969832539558e-03 5.686162970960140228e-03
3.088263794779777527e-03 5.678259301930665970e-03
2.629850991070270538e-03 5.765665322542190552e-03
2.754330402240157127e-03 5.950693972408771515e-03
2.826681127771735191e-03 5.993722472339868546e-03
2.905594650655984879e-03 6.611288525164127350e-03
2.994828391820192337e-03 6.119430065155029297e-03
2.626492641866207123e-03 6.000139284878969193e-03
2.448713639751076698e-03 5.918931216001510620e-03
2.432878827676177025e-03 6.435848772525787354e-03
3.526285756379365921e-03 6.176556926220655441e-03
2.806492615491151810e-03 6.030044984072446823e-03
2.542443107813596725e-03 5.700291134417057037e-03
2.368339570239186287e-03 6.062970031052827835e-03
2.722534118220210075e-03 5.820682737976312637e-03
3.435703460127115250e-03 6.326211150735616684e-03
3.292179200798273087e-03 6.861018482595682144e-03
2.638116246089339256e-03 5.889607593417167664e-03
2.298380015417933464e-03 6.109647918492555618e-03
2.315354999154806137e-03 5.939768161624670029e-03
2.532180864363908768e-03 7.966469042003154755e-03
2.737941453233361244e-03 5.801054649055004120e-03
2.318198326975107193e-03 6.192910019308328629e-03
2.256927313283085823e-03 5.989531055092811584e-03
2.481336239725351334e-03 5.866399966180324554e-03
2.150853164494037628e-03 5.908693652600049973e-03
2.403167309239506721e-03 5.960790906101465225e-03
2.338753547519445419e-03 5.956498906016349792e-03
3.096793079748749733e-03 6.217067129909992218e-03
2.491675550118088722e-03 6.142373196780681610e-03
2.201630268245935440e-03 6.190458312630653381e-03
2.099382691085338593e-03 5.942305549979209900e-03
2.088925102725625038e-03 6.115467753261327744e-03
2.402408747002482414e-03 5.879539530724287033e-03
2.035306533798575401e-03 6.112100090831518173e-03
2.207982353866100311e-03 6.046812050044536591e-03
2.274691360071301460e-03 6.004947703331708908e-03
2.066492801532149315e-03 6.037013605237007141e-03
1.969117671251296997e-03 6.457780022174119949e-03
2.255622297525405884e-03 6.186016369611024857e-03
2.245561918243765831e-03 6.101422943174839020e-03
2.310690935701131821e-03 6.393783260136842728e-03
2.240380505099892616e-03 6.390327587723731995e-03
2.427258761599659920e-03 6.484664976596832275e-03
2.656209049746394157e-03 6.608214695006608963e-03
2.760994248092174530e-03 5.697506479918956757e-03
2.097611315548419952e-03 5.905842408537864685e-03
1.811559661291539669e-03 5.850681569427251816e-03
2.194781322032213211e-03 6.032422184944152832e-03
2.213272033259272575e-03 6.101570092141628265e-03
1.906291232444345951e-03 5.966455675661563873e-03
1.846028026193380356e-03 6.048585753887891769e-03
1.866976846940815449e-03 5.962142720818519592e-03
1.809289911761879921e-03 6.133974995464086533e-03
2.146397717297077179e-03 6.138349417597055435e-03
1.738921389915049076e-03 6.249711383134126663e-03
2.151099033653736115e-03 5.992522463202476501e-03
2.417043317109346390e-03 6.262014620006084442e-03
2.068223897367715836e-03 6.167589221149682999e-03
2.221623901277780533e-03 6.201651878654956818e-03
1.916514593176543713e-03 6.125717889517545700e-03
1.780342310667037964e-03 6.058555096387863159e-03
1.616573776118457317e-03 5.981187336146831512e-03
1.659525441937148571e-03 6.348768714815378189e-03
2.360959304496645927e-03 6.130465772002935410e-03
2.137900562956929207e-03 6.230765953660011292e-03
2.062564482912421227e-03 6.338512990623712540e-03
2.829461125656962395e-03 6.599485874176025391e-03
2.396536525338888168e-03 6.190775427967309952e-03
1.735407509841024876e-03 5.915184039622545242e-03
1.841216464526951313e-03 6.075557786971330643e-03
2.045053290203213692e-03 5.932020954787731171e-03
2.041012048721313477e-03 6.251897662878036499e-03
2.484491793438792229e-03 6.198499817401170731e-03
1.957779517397284508e-03 6.256365217268466949e-03
1.773206517100334167e-03 6.155085749924182892e-03
1.873912289738655090e-03 6.209997925907373428e-03
1.809343695640563965e-03 6.324780173599720001e-03
2.373886760324239731e-03 6.261802744120359421e-03
2.079487778246402740e-03 6.372301373630762100e-03
1.955135492607951164e-03 6.121915765106678009e-03
1.930334023199975491e-03 5.996975116431713104e-03
1.951633952558040619e-03 5.983638577163219452e-03
1.682310714386403561e-03 6.248714867979288101e-03
1.665344927459955215e-03 5.931212101131677628e-03
1.727597438730299473e-03 5.980675108730792999e-03
1.720751170068979263e-03 6.261914968490600586e-03
1.994172809645533562e-03 6.544225849211215973e-03
2.315670251846313477e-03 6.040697917342185974e-03
1.918391091749072075e-03 6.353994831442832947e-03
2.297772327437996864e-03 6.172209512442350388e-03
1.819070545025169849e-03 6.191955879330635071e-03
1.700825290754437447e-03 6.044651847332715988e-03
2.219846006482839584e-03 5.990560166537761688e-03
