7.874221801757812500e-01 7.876920104026794434e-01
8.038603067398071289e-01 8.009219169616699219e-01
8.362769484519958496e-01 8.312766551971435547e-01
9.149100780487060547e-01 9.133893251419067383e-01
8.648381829261779785e-01 8.636289834976196289e-01
8.213203549385070801e-01 8.229104280471801758e-01
9.011721611022949219e-01 8.976573348045349121e-01
8.733462095260620117e-01 8.709403276443481445e-01
8.658853173255920410e-01 8.642824292182922363e-01
9.028522372245788574e-01 9.015583992004394531e-01
8.783554434776306152e-01 8.783785104751586914e-01
8.851885795593261719e-01 8.818479776382446289e-01
9.485756158828735352e-01 9.463146328926086426e-01
7.722232937812805176e-01 7.718392610549926758e-01
7.720122933387756348e-01 7.738150954246520996e-01
9.377219080924987793e-01 9.396332502365112305e-01
7.638230323791503906e-01 7.654870152473449707e-01
9.082502126693725586e-01 9.054250121116638184e-01
9.117233157157897949e-01 9.084507822990417480e-01
7.923221588134765625e-01 7.924662232398986816e-01
8.595509529113769531e-01 8.607562780380249023e-01
7.858463525772094727e-01 7.842428684234619141e-01
8.319408297538757324e-01 8.321163058280944824e-01
8.899005651473999023e-01 8.896338939666748047e-01
8.871292471885681152e-01 8.877764940261840820e-01
8.075953125953674316e-01 8.076876401901245117e-01
7.274984121322631836e-01 7.286183834075927734e-01
8.373067378997802734e-01 8.364642858505249023e-01
8.064293861389160156e-01 8.069820404052734375e-01
8.372889757156372070e-01 8.341247439384460449e-01
7.650579214096069336e-01 7.647659778594970703e-01
8.912057280540466309e-01 8.934025764465332031e-01
7.237312197685241699e-01 7.242568135261535645e-01
9.372740387916564941e-01 9.339175224304199219e-01
8.225460052490234375e-01 8.203158378601074219e-01
7.691379189491271973e-01 7.688190937042236328e-01
8.864408731460571289e-01 8.818136453628540039e-01
8.730803728103637695e-01 8.699764013290405273e-01
8.232157230377197266e-01 8.244372010231018066e-01
7.239395380020141602e-01 7.237824201583862305e-01
8.282444477081298828e-01 8.274686932563781738e-01
9.509170055389404297e-01 9.476646184921264648e-01
8.332002162933349609e-01 8.316946625709533691e-01
8.305441737174987793e-01 8.310207724571228027e-01
8.986856937408447266e-01 8.956856727600097656e-01
7.647823095321655273e-01 7.629918456077575684e-01
8.702259063720703125e-01 8.686629533767700195e-01
8.851312398910522461e-01 8.791663050651550293e-01
9.006547927856445312e-01 8.990864157676696777e-01
9.328922033309936523e-01 9.302995204925537109e-01
7.794114351272583008e-01 7.794671654701232910e-01
8.521431684494018555e-01 8.495503067970275879e-01
7.584470510482788086e-01 7.569960355758666992e-01
7.637447118759155273e-01 7.591562271118164062e-01
7.231858968734741211e-01 7.281056642532348633e-01
8.860644102096557617e-01 8.850347995758056641e-01
8.983753323554992676e-01 8.937112689018249512e-01
9.547148942947387695e-01 9.539679884910583496e-01
8.791011571884155273e-01 8.771240711212158203e-01
9.046196341514587402e-01 9.028425812721252441e-01
8.657904863357543945e-01 8.619438409805297852e-01
8.993721604347229004e-01 9.003580808639526367e-01
7.978091835975646973e-01 7.980374693870544434e-01
8.870266675949096680e-01 8.833996653556823730e-01
9.029963016510009766e-01 9.002056717872619629e-01
8.621157407760620117e-01 8.609934449195861816e-01
7.251617908477783203e-01 7.248250842094421387e-01
8.557159900665283203e-01 8.543120026588439941e-01
8.919511437416076660e-01 8.921716809272766113e-01
7.230471968650817871e-01 7.242614030838012695e-01
8.978060483932495117e-01 8.974710702896118164e-01
7.838295698165893555e-01 7.857736349105834961e-01
8.171014189720153809e-01 8.184177279472351074e-01
8.457212448120117188e-01 8.425313830375671387e-01
7.973497509956359863e-01 7.944397926330566406e-01
7.726597189903259277e-01 7.726562023162841797e-01
7.617855072021484375e-01 7.589325904846191406e-01
8.880752325057983398e-01 8.882126212120056152e-01
8.997131586074829102e-01 8.984765410423278809e-01
8.757631778717041016e-01 8.729934096336364746e-01
8.366576433181762695e-01 8.356693387031555176e-01
8.981818556785583496e-01 9.000685811042785645e-01
9.747902750968933105e-01 9.747496247291564941e-01
8.501901030540466309e-01 8.498134613037109375e-01
7.925803065299987793e-01 7.938078045845031738e-01
7.641773223876953125e-01 7.632871270179748535e-01
9.169622659683227539e-01 9.144712090492248535e-01
8.386997580528259277e-01 8.372967243194580078e-01
7.734268903732299805e-01 7.729290723800659180e-01
8.996686935424804688e-01 8.994707465171813965e-01
7.890748977661132812e-01 7.887438535690307617e-01
7.829046845436096191e-01 7.832190990447998047e-01
9.288508892059326172e-01 9.279305934906005859e-01
7.903798222541809082e-01 7.911546230316162109e-01
7.591664791107177734e-01 7.590114474296569824e-01
7.559214234352111816e-01 7.554452419281005859e-01
8.469083905220031738e-01 8.427248597145080566e-01
7.695685029029846191e-01 7.710811495780944824e-01
8.978517055511474609e-01 8.971769213676452637e-01
7.544615268707275391e-01 7.558454871177673340e-01
9.100331068038940430e-01 9.090555310249328613e-01
7.240513563156127930e-01 7.262191772460937500e-01
7.741732001304626465e-01 7.736287117004394531e-01
8.739901781082153320e-01 8.767960667610168457e-01
8.514280319213867188e-01 8.511958718299865723e-01
8.356648683547973633e-01 8.325393795967102051e-01
9.312139153480529785e-01 9.262971878051757812e-01
8.374594449996948242e-01 8.354741930961608887e-01
9.043297171592712402e-01 9.009489417076110840e-01
7.222450971603393555e-01 7.260548472404479980e-01
7.904771566390991211e-01 7.918166518211364746e-01
8.220664262771606445e-01 8.212642073631286621e-01
8.461815714836120605e-01 8.449653387069702148e-01
9.102419018745422363e-01 9.103572964668273926e-01
8.868222236633300781e-01 8.860790729522705078e-01
8.218263387680053711e-01 8.216062784194946289e-01
9.699637293815612793e-01 9.681743383407592773e-01
9.362272024154663086e-01 9.381652474403381348e-01
8.304909467697143555e-01 8.314151167869567871e-01
9.230236411094665527e-01 9.223719239234924316e-01
8.554096221923828125e-01 8.523630499839782715e-01
9.508688449859619141e-01 9.484401941299438477e-01
9.208856225013732910e-01 9.169889688491821289e-01
8.803997635841369629e-01 8.795884847640991211e-01
9.258909225463867188e-01 9.269865751266479492e-01
8.461381196975708008e-01 8.458805084228515625e-01
7.737096548080444336e-01 7.741032242774963379e-01
7.592440843582153320e-01 7.575203180313110352e-01
9.078735709190368652e-01 9.095884561538696289e-01
8.827975988388061523e-01 8.780650496482849121e-01
7.586798667907714844e-01 7.559174299240112305e-01
7.980772256851196289e-01 7.981023192405700684e-01
8.527001142501831055e-01 8.529593944549560547e-01
9.626336693763732910e-01 9.595166444778442383e-01
9.065953493118286133e-01 9.078634381294250488e-01
9.444509744644165039e-01 9.452160000801086426e-01
9.655401706695556641e-01 9.638208150863647461e-01
7.833492159843444824e-01 7.835318446159362793e-01
7.640966176986694336e-01 7.659735083580017090e-01
8.862776160240173340e-01 8.884811401367187500e-01
9.266573190689086914e-01 9.301357865333557129e-01
8.226686120033264160e-01 8.197861909866333008e-01
9.094573855400085449e-01 9.084594249725341797e-01
8.033605813980102539e-01 8.023697137832641602e-01
9.104467630386352539e-01 9.088977575302124023e-01
8.715075254440307617e-01 8.721883893013000488e-01
8.160696625709533691e-01 8.171904087066650391e-01
9.073536396026611328e-01 9.050862789154052734e-01
8.832604885101318359e-01 8.796367645263671875e-01
8.730558156967163086e-01 8.670372962951660156e-01
1.033170461654663086e+00 1.028174281120300293e+00
9.840458631515502930e-01 9.838736057281494141e-01
8.516150116920471191e-01 8.491548895835876465e-01
9.749256372451782227e-01 9.714274406433105469e-01
9.199324846267700195e-01 9.172300100326538086e-01
7.235304713249206543e-01 7.226861119270324707e-01
8.609938621520996094e-01 8.577974438667297363e-01
7.576752305030822754e-01 7.561717033386230469e-01
7.269604206085205078e-01 7.276653647422790527e-01
9.294136166572570801e-01 9.244236946105957031e-01
8.436940908432006836e-01 8.458067774772644043e-01
9.414573907852172852e-01 9.392960667610168457e-01
9.032075405120849609e-01 9.040093421936035156e-01
7.274693250656127930e-01 7.238146662712097168e-01
8.722716569900512695e-01 8.698309063911437988e-01
8.717344999313354492e-01 8.713701963424682617e-01
9.395500421524047852e-01 9.371837973594665527e-01
9.095396399497985840e-01 9.108704328536987305e-01
7.823099493980407715e-01 7.843349575996398926e-01
7.866249084472656250e-01 7.831280231475830078e-01
7.625372409820556641e-01 7.608615756034851074e-01
8.648235797882080078e-01 8.633677959442138672e-01
9.670328497886657715e-01 9.650618433952331543e-01
7.751988172531127930e-01 7.730887532234191895e-01
8.004766106605529785e-01 7.980918288230895996e-01
8.393388986587524414e-01 8.409012556076049805e-01
7.837409377098083496e-01 7.827956080436706543e-01
9.008347988128662109e-01 8.955733776092529297e-01
7.534636855125427246e-01 7.538412213325500488e-01
8.888418078422546387e-01 8.852655291557312012e-01
8.915102481842041016e-01 8.897582888603210449e-01
8.195430636405944824e-01 8.173404335975646973e-01
7.260133028030395508e-01 7.258492112159729004e-01
8.233498930931091309e-01 8.212950229644775391e-01
8.284628391265869141e-01 8.281635046005249023e-01
8.244633078575134277e-01 8.238983750343322754e-01
9.015403985977172852e-01 8.988806009292602539e-01
9.419915080070495605e-01 9.422402977943420410e-01
7.237045764923095703e-01 7.241377234458923340e-01
7.715633511543273926e-01 7.711657881736755371e-01
9.401569962501525879e-01 9.400165081024169922e-01
7.786142826080322266e-01 7.802899479866027832e-01
9.515517950057983398e-01 9.499598741531372070e-01
8.798593878746032715e-01 8.761309385299682617e-01
7.643125057220458984e-01 7.662061452865600586e-01
8.240208625793457031e-01 8.227334022521972656e-01
8.525122404098510742e-01 8.484597802162170410e-01
8.702726960182189941e-01 8.686488270759582520e-01
8.878037929534912109e-01 8.862572908401489258e-01
7.635506987571716309e-01 7.639859318733215332e-01
9.025222063064575195e-01 8.997665643692016602e-01
7.726752758026123047e-01 7.731788158416748047e-01
7.271542549133300781e-01 7.284713983535766602e-01
7.977576255798339844e-01 7.974238395690917969e-01
9.385321736335754395e-01 9.356042742729187012e-01
9.644361734390258789e-01 9.627454876899719238e-01
8.519248962402343750e-01 8.501036763191223145e-01
7.239047288894653320e-01 7.265222072601318359e-01
9.718739986419677734e-01 9.673990607261657715e-01
7.915802001953125000e-01 7.897509336471557617e-01
9.593212008476257324e-01 9.540073275566101074e-01
9.256398081779479980e-01 9.248988628387451172e-01
8.313463330268859863e-01 8.278698921203613281e-01
1.050353169441223145e+00 1.045500874519348145e+00
8.354680538177490234e-01 8.343999981880187988e-01
7.267791032791137695e-01 7.266346812248229980e-01
9.016410112380981445e-01 9.027311205863952637e-01
8.461521267890930176e-01 8.480836749076843262e-01
9.438066482543945312e-01 9.400337934494018555e-01
9.142445921897888184e-01 9.147172570228576660e-01
7.917901277542114258e-01 7.899088263511657715e-01
9.336224198341369629e-01 9.315064549446105957e-01
9.395238161087036133e-01 9.355559945106506348e-01
1.005590438842773438e+00 1.006242036819458008e+00
8.754754066467285156e-01 8.769863843917846680e-01
8.486588001251220703e-01 8.447133302688598633e-01
8.957464694976806641e-01 8.942037224769592285e-01
8.855885267257690430e-01 8.840326666831970215e-01
7.822503447532653809e-01 7.822221517562866211e-01
9.478874206542968750e-01 9.466180801391601562e-01
8.160527944564819336e-01 8.161295056343078613e-01
9.357474446296691895e-01 9.369371533393859863e-01
9.113416671752929688e-01 9.110441207885742188e-01
8.832728862762451172e-01 8.848174810409545898e-01
9.230372905731201172e-01 9.181957840919494629e-01
7.740619182586669922e-01 7.725589275360107422e-01
8.839583396911621094e-01 8.824757337570190430e-01
8.490279316902160645e-01 8.476209640502929688e-01
7.831263542175292969e-01 7.831085920333862305e-01
9.792024493217468262e-01 9.806988835334777832e-01
8.819166421890258789e-01 8.786231875419616699e-01
8.204001188278198242e-01 8.213925361633300781e-01
9.112040400505065918e-01 9.110046625137329102e-01
7.259232401847839355e-01 7.242395877838134766e-01
8.031095266342163086e-01 8.016692996025085449e-01
9.720203280448913574e-01 9.742828607559204102e-01
9.004480838775634766e-01 8.964030742645263672e-01
9.575225710868835449e-01 9.584439992904663086e-01
8.234698772430419922e-01 8.244680762290954590e-01
9.539435505867004395e-01 9.511209726333618164e-01
9.036588072776794434e-01 9.018336534500122070e-01
8.728329539299011230e-01 8.730772137641906738e-01
8.010028600692749023e-01 7.985886335372924805e-01
9.259612560272216797e-01 9.237876534461975098e-01
8.199449777603149414e-01 8.207392692565917969e-01
8.232303261756896973e-01 8.211348652839660645e-01
8.968502283096313477e-01 8.949112892150878906e-01
7.988556027412414551e-01 7.999593019485473633e-01
8.933165073394775391e-01 8.916368484497070312e-01
7.714014053344726562e-01 7.693420052528381348e-01
8.384938240051269531e-01 8.357620239257812500e-01
7.616263031959533691e-01 7.604231238365173340e-01
9.744261503219604492e-01 9.721279740333557129e-01
8.244206905364990234e-01 8.248338699340820312e-01
9.113636612892150879e-01 9.092658758163452148e-01
8.778709173202514648e-01 8.775100111961364746e-01
9.480997323989868164e-01 9.447031617164611816e-01
8.772248029708862305e-01 8.724780678749084473e-01
9.296754598617553711e-01 9.274215698242187500e-01
9.130001068115234375e-01 9.135903120040893555e-01
9.135380387306213379e-01 9.125052094459533691e-01
7.900944948196411133e-01 7.925707697868347168e-01
8.993038535118103027e-01 8.977999687194824219e-01
7.982977032661437988e-01 7.989261150360107422e-01
7.577528953552246094e-01 7.598504424095153809e-01
8.281841278076171875e-01 8.265566825866699219e-01
7.609474062919616699e-01 7.593885660171508789e-01
9.244470596313476562e-01 9.205511808395385742e-01
8.574429750442504883e-01 8.555570840835571289e-01
9.044144153594970703e-01 9.046641588211059570e-01
8.835762143135070801e-01 8.792122602462768555e-01
7.244164347648620605e-01 7.234235405921936035e-01
7.945340871810913086e-01 7.941243648529052734e-01
7.685855627059936523e-01 7.677467465400695801e-01
7.914331555366516113e-01 7.892890572547912598e-01
9.291957616806030273e-01 9.276220202445983887e-01
7.265480160713195801e-01 7.267364263534545898e-01
8.316940069198608398e-01 8.328194022178649902e-01
8.474885225296020508e-01 8.490814566612243652e-01
7.580578923225402832e-01 7.575858235359191895e-01
8.364649415016174316e-01 8.337797522544860840e-01
7.847411632537841797e-01 7.820709943771362305e-01
7.614058256149291992e-01 7.626728415489196777e-01
9.121375679969787598e-01 9.110517501831054688e-01
7.589335441589355469e-01 7.590259909629821777e-01
8.026753067970275879e-01 8.040485382080078125e-01
8.236997127532958984e-01 8.233084678649902344e-01
8.232663869857788086e-01 8.202425241470336914e-01
8.025569319725036621e-01 8.017991781234741211e-01
7.596212625503540039e-01 7.577232718467712402e-01
9.410306215286254883e-01 9.406573176383972168e-01
7.270081639289855957e-01 7.263581156730651855e-01
8.211406469345092773e-01 8.200931549072265625e-01
8.514209985733032227e-01 8.512476086616516113e-01
9.047055244445800781e-01 9.032735824584960938e-01
9.197930097579956055e-01 9.174108505249023438e-01
9.384164214134216309e-01 9.358254075050354004e-01
7.265847921371459961e-01 7.264702320098876953e-01
9.918888211250305176e-01 9.872931241989135742e-01
8.149830698966979980e-01 8.165223598480224609e-01
9.052959680557250977e-01 9.052245616912841797e-01
7.830472588539123535e-01 7.822357416152954102e-01
8.294283151626586914e-01 8.281960487365722656e-01
7.866317629814147949e-01 7.867239713668823242e-01
9.262565374374389648e-01 9.242286682128906250e-01
8.676519989967346191e-01 8.690484166145324707e-01
7.982131242752075195e-01 7.999576926231384277e-01
7.735119462013244629e-01 7.733851671218872070e-01
7.606724500656127930e-01 7.590646743774414062e-01
9.016122817993164062e-01 9.003350734710693359e-01
8.757470250129699707e-01 8.775153160095214844e-01
8.369039297103881836e-01 8.403760790824890137e-01
7.922310233116149902e-01 7.935686111450195312e-01
8.386639356613159180e-01 8.353167176246643066e-01
9.301341772079467773e-01 9.260691404342651367e-01
8.571088910102844238e-01 8.554432392120361328e-01
8.367261290550231934e-01 8.334845304489135742e-01
9.315927624702453613e-01 9.311912655830383301e-01
9.943274259567260742e-01 9.907402396202087402e-01
7.269988059997558594e-01 7.256619930267333984e-01
8.430881500244140625e-01 8.446956872940063477e-01
9.973096847534179688e-01 9.911440610885620117e-01
7.638782858848571777e-01 7.657418251037597656e-01
7.554711103439331055e-01 7.557023763656616211e-01
9.423206448554992676e-01 9.409116506576538086e-01
8.510166406631469727e-01 8.506186008453369141e-01
8.520321249961853027e-01 8.492214679718017578e-01
8.325211405754089355e-01 8.321000933647155762e-01
9.011287093162536621e-01 8.997811079025268555e-01
8.298004269599914551e-01 8.274950385093688965e-01
9.808971285820007324e-01 9.784761071205139160e-01
8.606310486793518066e-01 8.597311377525329590e-01
8.763521909713745117e-01 8.746810555458068848e-01
8.992737531661987305e-01 8.963528275489807129e-01
7.270391583442687988e-01 7.260898947715759277e-01
8.779452443122863770e-01 8.750140070915222168e-01
7.817367911338806152e-01 7.807982563972473145e-01
8.811458945274353027e-01 8.807886242866516113e-01
8.050246834754943848e-01 8.053745031356811523e-01
9.241961836814880371e-01 9.206562042236328125e-01
8.508165478706359863e-01 8.502952456474304199e-01
9.386878013610839844e-01 9.382208585739135742e-01
8.031810522079467773e-01 8.042121529579162598e-01
8.353292942047119141e-01 8.382618427276611328e-01
9.373147487640380859e-01 9.341433048248291016e-01
8.200722336769104004e-01 8.193147182464599609e-01
8.571821451187133789e-01 8.578207492828369141e-01
8.024320006370544434e-01 8.046096563339233398e-01
8.624696731567382812e-01 8.609102964401245117e-01
8.913691043853759766e-01 8.883875012397766113e-01
1.010034322738647461e+00 1.014383792877197266e+00
9.154008626937866211e-01 9.139302372932434082e-01
9.568548798561096191e-01 9.504772424697875977e-01
7.886716127395629883e-01 7.890785336494445801e-01
9.175589084625244141e-01 9.192045331001281738e-01
9.055616259574890137e-01 9.035021662712097168e-01
8.264192342758178711e-01 8.259024620056152344e-01
7.867757678031921387e-01 7.891489267349243164e-01
7.610869407653808594e-01 7.606697678565979004e-01
8.946051597595214844e-01 8.955551385879516602e-01
9.126718044281005859e-01 9.119076132774353027e-01
8.313472270965576172e-01 8.289257884025573730e-01
8.084228038787841797e-01 8.081164360046386719e-01
7.898656129837036133e-01 7.884746789932250977e-01
8.285037875175476074e-01 8.255077004432678223e-01
9.551533460617065430e-01 9.587754011154174805e-01
7.854375839233398438e-01 7.851902842521667480e-01
9.112099409103393555e-01 9.092044234275817871e-01
7.623469829559326172e-01 7.654282450675964355e-01
7.909750938415527344e-01 7.914314270019531250e-01
9.231575727462768555e-01 9.207790493965148926e-01
7.826334238052368164e-01 7.841847538948059082e-01
8.266899585723876953e-01 8.237699270248413086e-01
7.843605279922485352e-01 7.855837345123291016e-01
8.732381463050842285e-01 8.708348274230957031e-01
8.373298048973083496e-01 8.355842232704162598e-01
9.286735057830810547e-01 9.260075688362121582e-01
7.719417810440063477e-01 7.703019976615905762e-01
9.968600869178771973e-01 9.961562156677246094e-01
7.607581615447998047e-01 7.594358325004577637e-01
7.971156835556030273e-01 7.981559634208679199e-01
9.350987672805786133e-01 9.334605336189270020e-01
8.584128618240356445e-01 8.574650883674621582e-01
9.090045690536499023e-01 9.093252420425415039e-01
7.693954706192016602e-01 7.690180540084838867e-01
9.910268783569335938e-01 9.902925491333007812e-01
9.393371343612670898e-01 9.392166733741760254e-01
7.715414762496948242e-01 7.741512656211853027e-01
8.282388448715209961e-01 8.258188962936401367e-01
7.821589708328247070e-01 7.813044786453247070e-01
9.022075533866882324e-01 9.039723277091979980e-01
7.731988430023193359e-01 7.708713412284851074e-01
9.066893458366394043e-01 9.035413861274719238e-01
8.253756761550903320e-01 8.233111500740051270e-01
8.409594297409057617e-01 8.397402167320251465e-01
8.503564596176147461e-01 8.493638634681701660e-01
8.543387055397033691e-01 8.551857471466064453e-01
8.344275355339050293e-01 8.317038416862487793e-01
7.687966227531433105e-01 7.692686319351196289e-01
9.309072494506835938e-01 9.307326674461364746e-01
9.586048126220703125e-01 9.595453739166259766e-01
7.278268337249755859e-01 7.263123393058776855e-01
9.352034330368041992e-01 9.335734844207763672e-01
8.018946051597595215e-01 7.988390326499938965e-01
7.894655466079711914e-01 7.922510504722595215e-01
7.824755311012268066e-01 7.817012071609497070e-01
8.711350560188293457e-01 8.689841032028198242e-01
8.319694995880126953e-01 8.336610198020935059e-01
7.801128625869750977e-01 7.803610563278198242e-01
9.666128158569335938e-01 9.664579033851623535e-01
7.745770215988159180e-01 7.744320034980773926e-01
8.464832901954650879e-01 8.463410139083862305e-01
8.546382784843444824e-01 8.544359803199768066e-01
8.469204902648925781e-01 8.472058773040771484e-01
8.949347138404846191e-01 8.956260085105895996e-01
9.335586428642272949e-01 9.348273873329162598e-01
7.719010710716247559e-01 7.729806303977966309e-01
9.193410873413085938e-01 9.178701639175415039e-01
7.266414165496826172e-01 7.264825701713562012e-01
8.734165430068969727e-01 8.681436777114868164e-01
8.617184162139892578e-01 8.613573312759399414e-01
9.103906154632568359e-01 9.074767231941223145e-01
9.489740133285522461e-01 9.416689276695251465e-01
8.656740784645080566e-01 8.662943243980407715e-01
8.210965394973754883e-01 8.223494887351989746e-01
8.021526336669921875e-01 8.010044693946838379e-01
7.216422557830810547e-01 7.227964401245117188e-01
8.702960014343261719e-01 8.676091432571411133e-01
9.274728298187255859e-01 9.272426366806030273e-01
8.450018763542175293e-01 8.482884764671325684e-01
9.334309697151184082e-01 9.323785305023193359e-01
7.897825837135314941e-01 7.891569137573242188e-01
8.760001659393310547e-01 8.749663829803466797e-01
7.741957902908325195e-01 7.714343667030334473e-01
9.368910193443298340e-01 9.330750107765197754e-01
7.226561307907104492e-01 7.221322655677795410e-01
8.955900073051452637e-01 8.966252207756042480e-01
7.898110151290893555e-01 7.901608943939208984e-01
9.868617653846740723e-01 9.875662326812744141e-01
9.329382777214050293e-01 9.349761605262756348e-01
9.120988845825195312e-01 9.113461971282958984e-01
9.256239533424377441e-01 9.224447607994079590e-01
9.188266396522521973e-01 9.190950393676757812e-01
9.215816259384155273e-01 9.188194274902343750e-01
9.931724071502685547e-01 9.925477504730224609e-01
9.456711411476135254e-01 9.402790069580078125e-01
8.492177724838256836e-01 8.488175272941589355e-01
9.011056423187255859e-01 9.010952115058898926e-01
8.379098176956176758e-01 8.378025293350219727e-01
9.023436903953552246e-01 9.035757780075073242e-01
8.726021647453308105e-01 8.702346682548522949e-01
7.828718423843383789e-01 7.850673198699951172e-01
8.439143896102905273e-01 8.450787067413330078e-01
9.009791612625122070e-01 8.974789977073669434e-01
9.307394623756408691e-01 9.275748133659362793e-01
8.241132497787475586e-01 8.218944072723388672e-01
7.226669788360595703e-01 7.236850857734680176e-01
8.345814943313598633e-01 8.330002427101135254e-01
9.156847000122070312e-01 9.167972207069396973e-01
8.702226281166076660e-01 8.676511645317077637e-01
8.393599390983581543e-01 8.362681865692138672e-01
9.753801822662353516e-01 9.734448194503784180e-01
9.402236938476562500e-01 9.405990839004516602e-01
8.672065734863281250e-01 8.666715025901794434e-01
8.303728699684143066e-01 8.296564817428588867e-01
8.557665348052978516e-01 8.534583449363708496e-01
8.417763710021972656e-01 8.410549759864807129e-01
7.227133512496948242e-01 7.241537570953369141e-01
8.529381752014160156e-01 8.546231389045715332e-01
7.699156403541564941e-01 7.706992626190185547e-01
9.515436887741088867e-01 9.511075615882873535e-01
7.566196918487548828e-01 7.566829323768615723e-01
8.272817134857177734e-01 8.267190456390380859e-01
9.359943270683288574e-01 9.334438443183898926e-01
9.048277139663696289e-01 9.005337357521057129e-01
8.394080400466918945e-01 8.368425965309143066e-01
7.837406992912292480e-01 7.814606428146362305e-01
8.877158761024475098e-01 8.864126801490783691e-01
8.961967229843139648e-01 8.928067088127136230e-01
1.003690481185913086e+00 1.002395391464233398e+00
9.373432993888854980e-01 9.366421103477478027e-01
8.951234817504882812e-01 8.950989246368408203e-01
8.469544649124145508e-01 8.453676700592041016e-01
8.327841162681579590e-01 8.333301544189453125e-01
8.333163857460021973e-01 8.331936001777648926e-01
8.777612447738647461e-01 8.767551779747009277e-01
9.195604324340820312e-01 9.196699857711791992e-01
8.036164641380310059e-01 8.049337863922119141e-01
7.732322812080383301e-01 7.735035419464111328e-01
9.220705628395080566e-01 9.198623895645141602e-01
9.435428977012634277e-01 9.407630562782287598e-01
8.685886263847351074e-01 8.646041750907897949e-01
7.550686001777648926e-01 7.560631632804870605e-01
8.298126459121704102e-01 8.279533982276916504e-01
8.263412714004516602e-01 8.251635432243347168e-01
8.517591953277587891e-01 8.501001000404357910e-01
8.872012495994567871e-01 8.916943669319152832e-01
9.254667162895202637e-01 9.190657138824462891e-01
7.630767226219177246e-01 7.629103064537048340e-01
9.179033041000366211e-01 9.143956303596496582e-01
7.231470346450805664e-01 7.252420186996459961e-01
9.678275585174560547e-01 9.663274884223937988e-01
8.460338711738586426e-01 8.476803898811340332e-01
8.434384465217590332e-01 8.443737626075744629e-01
9.007264971733093262e-01 9.020965099334716797e-01
8.878158330917358398e-01 8.831072449684143066e-01
9.162899255752563477e-01 9.127935171127319336e-01
7.271709442138671875e-01 7.267816066741943359e-01
9.025249481201171875e-01 8.976404070854187012e-01
8.317058086395263672e-01 8.303408026695251465e-01
8.367181420326232910e-01 8.370959758758544922e-01
7.607173323631286621e-01 7.623485326766967773e-01
8.634364604949951172e-01 8.607611060142517090e-01
7.552717328071594238e-01 7.583319544792175293e-01
9.210712313652038574e-01 9.197309017181396484e-01
8.273050785064697266e-01 8.241611123085021973e-01
8.345853090286254883e-01 8.355011940002441406e-01
9.689686298370361328e-01 9.660810232162475586e-01
8.859173655509948730e-01 8.860507011413574219e-01
7.921517491340637207e-01 7.965207099914550781e-01
8.646942377090454102e-01 8.641437292098999023e-01
7.270444631576538086e-01 7.263227701187133789e-01
7.890552878379821777e-01 7.885496616363525391e-01
7.710751295089721680e-01 7.751328945159912109e-01
7.924180626869201660e-01 7.910521626472473145e-01
8.462442159652709961e-01 8.452869653701782227e-01
8.525823950767517090e-01 8.531147241592407227e-01
7.239116430282592773e-01 7.227480411529541016e-01
8.733413815498352051e-01 8.696120381355285645e-01
9.319754838943481445e-01 9.297369718551635742e-01
8.930135965347290039e-01 8.883665204048156738e-01
8.764799237251281738e-01 8.760004639625549316e-01
7.561138868331909180e-01 7.569543123245239258e-01
9.968048334121704102e-01 9.942920207977294922e-01
8.093350529670715332e-01 8.099607825279235840e-01
8.465586900711059570e-01 8.446019887924194336e-01
9.348032474517822266e-01 9.324366450309753418e-01
8.848091363906860352e-01 8.878089785575866699e-01
8.889604806900024414e-01 8.879626393318176270e-01
9.033799171447753906e-01 9.008780121803283691e-01
7.592703700065612793e-01 7.590521574020385742e-01
8.735261559486389160e-01 8.684571385383605957e-01
9.639089703559875488e-01 9.613139629364013672e-01
9.394932985305786133e-01 9.404419064521789551e-01
9.557155966758728027e-01 9.533810615539550781e-01
8.819679021835327148e-01 8.810207843780517578e-01
9.628672003746032715e-01 9.676904082298278809e-01
9.209664463996887207e-01 9.219130277633666992e-01
8.344949483871459961e-01 8.321470022201538086e-01
8.287174701690673828e-01 8.277044892311096191e-01
8.832813501358032227e-01 8.835470676422119141e-01
9.378963112831115723e-01 9.374577999114990234e-01
9.723838567733764648e-01 9.678695797920227051e-01
8.744120001792907715e-01 8.724396824836730957e-01
9.750193357467651367e-01 9.681220054626464844e-01
7.226306200027465820e-01 7.251230478286743164e-01
7.600105404853820801e-01 7.613798975944519043e-01
8.463696241378784180e-01 8.455630540847778320e-01
7.626616954803466797e-01 7.613573074340820312e-01
8.905697464942932129e-01 8.897444605827331543e-01
8.359308242797851562e-01 8.330407142639160156e-01
9.024888277053833008e-01 9.001071453094482422e-01
8.024008870124816895e-01 8.045634627342224121e-01
9.307912588119506836e-01 9.286265969276428223e-01
8.760557770729064941e-01 8.756721019744873047e-01
8.362174034118652344e-01 8.331015110015869141e-01
9.069395661354064941e-01 9.040644764900207520e-01
9.724276065826416016e-01 9.709700942039489746e-01
8.718428611755371094e-01 8.712546229362487793e-01
8.751177191734313965e-01 8.735948801040649414e-01
1.008925676345825195e+00 1.005424141883850098e+00
9.483200311660766602e-01 9.445456266403198242e-01
8.488889932632446289e-01 8.474996685981750488e-01
7.615111470222473145e-01 7.587199211120605469e-01
8.233743906021118164e-01 8.243794441223144531e-01
9.327068328857421875e-01 9.324490427970886230e-01
9.251462221145629883e-01 9.258004426956176758e-01
9.308602213859558105e-01 9.278339147567749023e-01
9.009843468666076660e-01 9.006972908973693848e-01
8.681482672691345215e-01 8.644585013389587402e-01
7.881076335906982422e-01 7.906424999237060547e-01
8.920596837997436523e-01 8.900772333145141602e-01
9.387930035591125488e-01 9.379078149795532227e-01
8.792357444763183594e-01 8.828625082969665527e-01
9.617445468902587891e-01 9.618166685104370117e-01
8.926109075546264648e-01 8.930961489677429199e-01
7.991850972175598145e-01 7.997899055480957031e-01
8.312155008316040039e-01 8.273968696594238281e-01
8.455436229705810547e-01 8.455728888511657715e-01
8.758515119552612305e-01 8.755440115928649902e-01
7.812251448631286621e-01 7.813718318939208984e-01
7.595111727714538574e-01 7.563298940658569336e-01
9.674503207206726074e-01 9.650957584381103516e-01
8.519294857978820801e-01 8.526244759559631348e-01
8.957369923591613770e-01 8.961337208747863770e-01
7.607993483543395996e-01 7.639647126197814941e-01
7.835618257522583008e-01 7.855380773544311523e-01
7.981168031692504883e-01 7.992637157440185547e-01
9.162428379058837891e-01 9.118945598602294922e-01
8.513408899307250977e-01 8.513934016227722168e-01
8.750113248825073242e-01 8.726829886436462402e-01
8.847089409828186035e-01 8.826603889465332031e-01
7.623587846755981445e-01 7.613720297813415527e-01
7.268605232238769531e-01 7.265319824218750000e-01
8.282637596130371094e-01 8.296517133712768555e-01
9.536255002021789551e-01 9.515520930290222168e-01
8.726586699485778809e-01 8.702915906906127930e-01
8.474326729774475098e-01 8.412694334983825684e-01
9.024332165718078613e-01 8.990848660469055176e-01
7.222990989685058594e-01 7.229370474815368652e-01
9.015793204307556152e-01 8.979325294494628906e-01
8.872678279876708984e-01 8.880186080932617188e-01
9.155994057655334473e-01 9.128361940383911133e-01
8.730390071868896484e-01 8.736214637756347656e-01
8.621767163276672363e-01 8.607035875320434570e-01
8.028982281684875488e-01 8.005525469779968262e-01
8.648225069046020508e-01 8.629292249679565430e-01
8.971725702285766602e-01 8.974542021751403809e-01
7.924675345420837402e-01 7.933855652809143066e-01
8.896520733833312988e-01 8.908042311668395996e-01
8.764345049858093262e-01 8.723932504653930664e-01
7.991940975189208984e-01 7.994050979614257812e-01
7.716241478919982910e-01 7.704176902770996094e-01
7.761859893798828125e-01 7.755508422851562500e-01
8.025744557380676270e-01 8.016183376312255859e-01
9.320501685142517090e-01 9.305176138877868652e-01
7.861139178276062012e-01 7.862243056297302246e-01
7.276062965393066406e-01 7.294884324073791504e-01
8.233562111854553223e-01 8.272897005081176758e-01
7.854144573211669922e-01 7.850748896598815918e-01
7.880966663360595703e-01 7.883912920951843262e-01
7.937957048416137695e-01 7.937800884246826172e-01
7.974423766136169434e-01 7.942380309104919434e-01
8.696234226226806641e-01 8.690925240516662598e-01
7.984687089920043945e-01 7.988255620002746582e-01
9.820338487625122070e-01 9.821412563323974609e-01
8.758901357650756836e-01 8.748118877410888672e-01
7.988738417625427246e-01 7.963459491729736328e-01
8.838768005371093750e-01 8.833350539207458496e-01
7.265597581863403320e-01 7.260780930519104004e-01
8.528747558593750000e-01 8.512487411499023438e-01
8.800292015075683594e-01 8.804896473884582520e-01
9.030621051788330078e-01 8.967705965042114258e-01
8.834753632545471191e-01 8.831268548965454102e-01
8.642299771308898926e-01 8.633684515953063965e-01
7.596312761306762695e-01 7.563967704772949219e-01
7.234030961990356445e-01 7.243485450744628906e-01
8.260084390640258789e-01 8.257614970207214355e-01
8.870319128036499023e-01 8.877623677253723145e-01
9.644702076911926270e-01 9.646489024162292480e-01
7.229558229446411133e-01 7.233727574348449707e-01
7.899342179298400879e-01 7.904268503189086914e-01
8.850337862968444824e-01 8.849063515663146973e-01
8.261017799377441406e-01 8.239289522171020508e-01
7.985619306564331055e-01 7.973366975784301758e-01
9.114743471145629883e-01 9.101054072380065918e-01
9.013738036155700684e-01 9.014850258827209473e-01
8.709981441497802734e-01 8.722434043884277344e-01
8.422999382019042969e-01 8.446163535118103027e-01
7.871664762496948242e-01 7.873636484146118164e-01
7.734485864639282227e-01 7.741351127624511719e-01
9.150028228759765625e-01 9.129443168640136719e-01
8.083120584487915039e-01 8.111045956611633301e-01
7.923038005828857422e-01 7.902269959449768066e-01
8.946861028671264648e-01 8.916057944297790527e-01
8.221678137779235840e-01 8.221901655197143555e-01
8.434388637542724609e-01 8.469253778457641602e-01
9.355546236038208008e-01 9.359977245330810547e-01
9.084053635597229004e-01 9.063358902931213379e-01
7.593594193458557129e-01 7.586861252784729004e-01
8.711214065551757812e-01 8.702169060707092285e-01
7.230910062789916992e-01 7.211965322494506836e-01
8.243554234504699707e-01 8.253660798072814941e-01
8.244343996047973633e-01 8.227554559707641602e-01
7.737400531768798828e-01 7.738071084022521973e-01
8.988813757896423340e-01 8.947159647941589355e-01
9.384295940399169922e-01 9.380729198455810547e-01
9.094390273094177246e-01 9.065372347831726074e-01
8.728051185607910156e-01 8.731308579444885254e-01
8.451011180877685547e-01 8.427514433860778809e-01
9.225521087646484375e-01 9.207910895347595215e-01
8.043398857116699219e-01 7.994527816772460938e-01
9.338181018829345703e-01 9.335536956787109375e-01
7.622151970863342285e-01 7.610968947410583496e-01
9.147577881813049316e-01 9.135264158248901367e-01
9.337675571441650391e-01 9.293214082717895508e-01
8.774144053459167480e-01 8.765680193901062012e-01
8.719848394393920898e-01 8.712570667266845703e-01
9.951844215393066406e-01 9.949191808700561523e-01
7.649403810501098633e-01 7.642208933830261230e-01
7.283171415328979492e-01 7.300451397895812988e-01
9.654584527015686035e-01 9.644668102264404297e-01
9.114127159118652344e-01 9.099701642990112305e-01
9.196930527687072754e-01 9.204608798027038574e-01
7.891725301742553711e-01 7.896213531494140625e-01
9.237134456634521484e-01 9.210021495819091797e-01
9.405557513236999512e-01 9.370530247688293457e-01
7.920031547546386719e-01 7.947489023208618164e-01
7.265180349349975586e-01 7.261971235275268555e-01
9.170132875442504883e-01 9.148336052894592285e-01
8.529288768768310547e-01 8.521564006805419922e-01
7.732473611831665039e-01 7.735214233398437500e-01
8.786281943321228027e-01 8.786502480506896973e-01
8.041051626205444336e-01 8.055384159088134766e-01
8.040857315063476562e-01 8.025340437889099121e-01
8.881585001945495605e-01 8.869757056236267090e-01
9.923892021179199219e-01 9.929791092872619629e-01
8.865588903427124023e-01 8.840259909629821777e-01
8.928529620170593262e-01 8.877730965614318848e-01
8.760472536087036133e-01 8.791999220848083496e-01
8.803995847702026367e-01 8.785563111305236816e-01
8.165093660354614258e-01 8.160399198532104492e-01
9.288684725761413574e-01 9.246782660484313965e-01
8.818725943565368652e-01 8.802151083946228027e-01
9.318400621414184570e-01 9.304206371307373047e-01
7.822594046592712402e-01 7.859890460968017578e-01
8.518648743629455566e-01 8.543758988380432129e-01
8.383271694183349609e-01 8.385057449340820312e-01
8.520739078521728516e-01 8.488726615905761719e-01
9.298916459083557129e-01 9.283203482627868652e-01
8.750762939453125000e-01 8.752354979515075684e-01
9.095795154571533203e-01 9.092464447021484375e-01
8.374737501144409180e-01 8.365481495857238770e-01
8.618364930152893066e-01 8.594118356704711914e-01
9.114756584167480469e-01 9.070451259613037109e-01
9.138444662094116211e-01 9.122114777565002441e-01
8.516518473625183105e-01 8.524091839790344238e-01
9.100441932678222656e-01 9.057974219322204590e-01
9.305115342140197754e-01 9.290230870246887207e-01
7.257369756698608398e-01 7.248194217681884766e-01
9.042278528213500977e-01 9.059610366821289062e-01
9.333488941192626953e-01 9.308654069900512695e-01
9.445580244064331055e-01 9.467229247093200684e-01
8.267329931259155273e-01 8.251882195472717285e-01
9.659278988838195801e-01 9.613384008407592773e-01
7.546554803848266602e-01 7.585570812225341797e-01
8.635692596435546875e-01 8.615731596946716309e-01
7.972031831741333008e-01 7.990297675132751465e-01
7.820756435394287109e-01 7.811384797096252441e-01
8.384839296340942383e-01 8.373135924339294434e-01
8.832004070281982422e-01 8.833035230636596680e-01
8.223213553428649902e-01 8.260838389396667480e-01
9.779301285743713379e-01 9.776115417480468750e-01
8.770123720169067383e-01 8.729048967361450195e-01
8.267481327056884766e-01 8.317379355430603027e-01
8.643525838851928711e-01 8.611316680908203125e-01
9.400256872177124023e-01 9.364405870437622070e-01
8.683690428733825684e-01 8.642308712005615234e-01
8.812679052352905273e-01 8.804907202720642090e-01
7.254050970077514648e-01 7.266771793365478516e-01
9.280679225921630859e-01 9.243100881576538086e-01
8.696219325065612793e-01 8.691618442535400391e-01
7.279193997383117676e-01 7.262439727783203125e-01
9.629119634628295898e-01 9.553254246711730957e-01
7.788112759590148926e-01 7.800658941268920898e-01
8.928511142730712891e-01 8.894570469856262207e-01
9.254873394966125488e-01 9.252693653106689453e-01
9.623696208000183105e-01 9.577305912971496582e-01
9.604694247245788574e-01 9.630362391471862793e-01
9.123783111572265625e-01 9.086443781852722168e-01
8.275426626205444336e-01 8.260700106620788574e-01
8.217639327049255371e-01 8.230482935905456543e-01
8.776938915252685547e-01 8.758690357208251953e-01
9.019010066986083984e-01 8.965389132499694824e-01
7.548372149467468262e-01 7.566616535186767578e-01
9.062893390655517578e-01 9.053552746772766113e-01
8.341847658157348633e-01 8.331362605094909668e-01
8.451009392738342285e-01 8.453140854835510254e-01
9.640578627586364746e-01 9.661787152290344238e-01
7.882805466651916504e-01 7.896952629089355469e-01
7.282496690750122070e-01 7.261276245117187500e-01
9.248049259185791016e-01 9.210603237152099609e-01
9.084196090698242188e-01 9.030202031135559082e-01
7.635169029235839844e-01 7.632247209548950195e-01
8.361431956291198730e-01 8.368473649024963379e-01
8.639009594917297363e-01 8.623834252357482910e-01
8.243368268013000488e-01 8.236708045005798340e-01
8.015739917755126953e-01 8.023819923400878906e-01
9.284310936927795410e-01 9.254469275474548340e-01
8.944373130798339844e-01 8.956605792045593262e-01
7.268705368041992188e-01 7.269675731658935547e-01
8.870486021041870117e-01 8.855825066566467285e-01
7.830047607421875000e-01 7.855419516563415527e-01
8.555228710174560547e-01 8.544019460678100586e-01
9.225111603736877441e-01 9.216468930244445801e-01
8.832064867019653320e-01 8.841574192047119141e-01
9.423018097877502441e-01 9.361698627471923828e-01
8.460325598716735840e-01 8.427033424377441406e-01
9.402921795845031738e-01 9.383038878440856934e-01
8.534780740737915039e-01 8.528183698654174805e-01
9.790360331535339355e-01 9.820743799209594727e-01
8.877110481262207031e-01 8.839339613914489746e-01
8.332449197769165039e-01 8.336128592491149902e-01
8.352888822555541992e-01 8.353006839752197266e-01
9.224407672882080078e-01 9.196088910102844238e-01
8.760958909988403320e-01 8.738072514533996582e-01
9.030690789222717285e-01 9.031597375869750977e-01
9.451484680175781250e-01 9.484717845916748047e-01
9.718670845031738281e-01 9.695774316787719727e-01
7.683445215225219727e-01 7.703031897544860840e-01
7.268103361129760742e-01 7.272939085960388184e-01
8.711338043212890625e-01 8.699535131454467773e-01
8.579068183898925781e-01 8.574426174163818359e-01
8.184249997138977051e-01 8.200221657752990723e-01
7.821902632713317871e-01 7.817498445510864258e-01
9.092050790786743164e-01 9.098631739616394043e-01
9.761928915977478027e-01 9.733980894088745117e-01
8.479052782058715820e-01 8.512436151504516602e-01
1.032750964164733887e+00 1.030985832214355469e+00
8.480768799781799316e-01 8.460785150527954102e-01
7.786936163902282715e-01 7.799229621887207031e-01
8.998985886573791504e-01 9.005603790283203125e-01
8.373129367828369141e-01 8.336517810821533203e-01
7.696641683578491211e-01 7.671305537223815918e-01
7.263360619544982910e-01 7.256643176078796387e-01
8.078647255897521973e-01 8.074231147766113281e-01
7.227614521980285645e-01 7.252858281135559082e-01
7.623900175094604492e-01 7.628769278526306152e-01
9.285604357719421387e-01 9.242004156112670898e-01
8.495222926139831543e-01 8.479367494583129883e-01
1.015897989273071289e+00 1.015211224555969238e+00
7.275323867797851562e-01 7.292435765266418457e-01
8.854225277900695801e-01 8.883698582649230957e-01
7.836265563964843750e-01 7.808105945587158203e-01
7.273705601692199707e-01 7.260057330131530762e-01
7.863010168075561523e-01 7.881976366043090820e-01
7.924402952194213867e-01 7.973652482032775879e-01
8.785336017608642578e-01 8.811399340629577637e-01
7.980899214744567871e-01 7.976058125495910645e-01
8.456672430038452148e-01 8.449357151985168457e-01
8.522854447364807129e-01 8.512386679649353027e-01
7.922880649566650391e-01 7.933897972106933594e-01
8.810951709747314453e-01 8.826248049736022949e-01
8.556340932846069336e-01 8.539898395538330078e-01
8.237548470497131348e-01 8.247315883636474609e-01
8.774265050888061523e-01 8.752932548522949219e-01
7.275830507278442383e-01 7.273531556129455566e-01
8.617426156997680664e-01 8.581966757774353027e-01
7.568272352218627930e-01 7.587242722511291504e-01
8.830804228782653809e-01 8.824424743652343750e-01
9.587235450744628906e-01 9.562652707099914551e-01
8.385433554649353027e-01 8.385764956474304199e-01
7.225587368011474609e-01 7.235473990440368652e-01
8.605155944824218750e-01 8.595771789550781250e-01
9.066802263259887695e-01 9.084168672561645508e-01
8.192530870437622070e-01 8.173830509185791016e-01
8.970285058021545410e-01 8.958761096000671387e-01
8.847810029983520508e-01 8.824216127395629883e-01
8.315104246139526367e-01 8.315193057060241699e-01
8.767158389091491699e-01 8.722972869873046875e-01
7.263138294219970703e-01 7.260499596595764160e-01
8.942207694053649902e-01 8.894248604774475098e-01
7.270734906196594238e-01 7.269407510757446289e-01
8.760148286819458008e-01 8.786817789077758789e-01
8.262836337089538574e-01 8.252339363098144531e-01
9.177669882774353027e-01 9.126320481300354004e-01
9.228591918945312500e-01 9.172428846359252930e-01
9.289603233337402344e-01 9.313691854476928711e-01
8.393452763557434082e-01 8.365250825881958008e-01
7.646596431732177734e-01 7.644806504249572754e-01
9.236304759979248047e-01 9.240606427192687988e-01
9.046043157577514648e-01 9.114411473274230957e-01
7.274878025054931641e-01 7.266287207603454590e-01
9.426801204681396484e-01 9.434751272201538086e-01
9.026370644569396973e-01 8.985284566879272461e-01
9.161015748977661133e-01 9.176477789878845215e-01
7.264401316642761230e-01 7.265968322753906250e-01
8.572707176208496094e-01 8.595871329307556152e-01
9.704385399818420410e-01 9.708128571510314941e-01
7.750491499900817871e-01 7.748877406120300293e-01
7.264157533645629883e-01 7.275447249412536621e-01
7.565670609474182129e-01 7.575250267982482910e-01
7.941570281982421875e-01 7.948120832443237305e-01
9.032802581787109375e-01 8.999952673912048340e-01
7.664083242416381836e-01 7.635274529457092285e-01
8.827966451644897461e-01 8.816333413124084473e-01
9.206000566482543945e-01 9.159336090087890625e-01
7.685360312461853027e-01 7.701784968376159668e-01
8.654370903968811035e-01 8.615599870681762695e-01
8.551324009895324707e-01 8.490098714828491211e-01
7.729713916778564453e-01 7.701726555824279785e-01
9.569571018218994141e-01 9.539611339569091797e-01
8.728888034820556641e-01 8.753882050514221191e-01
7.265409231185913086e-01 7.271535992622375488e-01
8.603532910346984863e-01 8.577845096588134766e-01
9.396759867668151855e-01 9.393304586410522461e-01
9.394960999488830566e-01 9.378385543823242188e-01
8.809071779251098633e-01 8.795696496963500977e-01
7.857676744461059570e-01 7.841605544090270996e-01
9.018580317497253418e-01 9.000433683395385742e-01
7.804921865463256836e-01 7.773759365081787109e-01
1.029134631156921387e+00 1.022749304771423340e+00
9.621319770812988281e-01 9.591485261917114258e-01
7.832968235015869141e-01 7.819864749908447266e-01
8.312799930572509766e-01 8.295491337776184082e-01
8.864173889160156250e-01 8.847754597663879395e-01
9.413920044898986816e-01 9.382363557815551758e-01
7.702248096466064453e-01 7.712737321853637695e-01
9.669672250747680664e-01 9.681699872016906738e-01
9.915148019790649414e-01 9.879201650619506836e-01
8.501713275909423828e-01 8.493743538856506348e-01
9.504422545433044434e-01 9.469701647758483887e-01
9.061318635940551758e-01 9.005016684532165527e-01
9.141972064971923828e-01 9.153791069984436035e-01
9.539601802825927734e-01 9.582554697990417480e-01
7.987662553787231445e-01 8.000235557556152344e-01
9.500184655189514160e-01 9.518786668777465820e-01
8.580216169357299805e-01 8.586471080780029297e-01
9.640288949012756348e-01 9.601885676383972168e-01
9.436630606651306152e-01 9.439116716384887695e-01
7.267950177192687988e-01 7.274010777473449707e-01
7.593820095062255859e-01 7.597540020942687988e-01
8.486264944076538086e-01 8.518018722534179688e-01
9.051273465156555176e-01 9.004739522933959961e-01
9.481309652328491211e-01 9.475786089897155762e-01
8.672734498977661133e-01 8.673062324523925781e-01
9.233740568161010742e-01 9.237576127052307129e-01
9.739270806312561035e-01 9.752998352050781250e-01
8.546723127365112305e-01 8.534434437751770020e-01
8.324692249298095703e-01 8.328878879547119141e-01
9.093241691589355469e-01 9.112032055854797363e-01
8.144635558128356934e-01 8.150453567504882812e-01
8.552967309951782227e-01 8.504543900489807129e-01
8.604446649551391602e-01 8.576646447181701660e-01
8.736915588378906250e-01 8.703924417495727539e-01
7.592481970787048340e-01 7.603097558021545410e-01
8.306447863578796387e-01 8.279603719711303711e-01
8.512019515037536621e-01 8.529934287071228027e-01
9.124976992607116699e-01 9.129404425621032715e-01
7.228482961654663086e-01 7.275944352149963379e-01
8.572750091552734375e-01 8.567948937416076660e-01
8.510250449180603027e-01 8.507505655288696289e-01
7.587787508964538574e-01 7.587063908576965332e-01
8.820754885673522949e-01 8.814161419868469238e-01
7.754356861114501953e-01 7.724187374114990234e-01
9.341260790824890137e-01 9.335133433341979980e-01
8.356767296791076660e-01 8.341054320335388184e-01
8.889583945274353027e-01 8.897742033004760742e-01
8.777294158935546875e-01 8.749678730964660645e-01
8.341048359870910645e-01 8.344327807426452637e-01
9.119242429733276367e-01 9.080183506011962891e-01
7.867385149002075195e-01 7.823399305343627930e-01
8.207987546920776367e-01 8.201782703399658203e-01
8.339956402778625488e-01 8.305534124374389648e-01
8.389433622360229492e-01 8.375720381736755371e-01
8.807444572448730469e-01 8.780317902565002441e-01
8.243565559387207031e-01 8.236411809921264648e-01
8.862874507904052734e-01 8.828137516975402832e-01
9.275518059730529785e-01 9.227438569068908691e-01
7.719389200210571289e-01 7.725436091423034668e-01
9.008534550666809082e-01 8.991745114326477051e-01
9.021468758583068848e-01 9.003937244415283203e-01
8.737654685974121094e-01 8.703832626342773438e-01
8.226219415664672852e-01 8.232599496841430664e-01
7.984737753868103027e-01 7.990577220916748047e-01
7.740902900695800781e-01 7.703764438629150391e-01
8.071277141571044922e-01 8.060236573219299316e-01
8.463842272758483887e-01 8.471392989158630371e-01
8.465613722801208496e-01 8.457205891609191895e-01
8.034337759017944336e-01 8.009216785430908203e-01
8.828173875808715820e-01 8.840472698211669922e-01
9.223213195800781250e-01 9.213148355484008789e-01
9.793749451637268066e-01 9.765627980232238770e-01
8.929084539413452148e-01 8.926021456718444824e-01
9.269827604293823242e-01 9.247436523437500000e-01
8.997860550880432129e-01 8.973996639251708984e-01
7.595233321189880371e-01 7.579657435417175293e-01
9.359095692634582520e-01 9.333083629608154297e-01
8.037074804306030273e-01 8.017540574073791504e-01
8.322756886482238770e-01 8.311585187911987305e-01
8.336405754089355469e-01 8.300269246101379395e-01
8.519453406333923340e-01 8.554955720901489258e-01
9.499823451042175293e-01 9.476421475410461426e-01
7.628598809242248535e-01 7.636621594429016113e-01
9.015492200851440430e-01 8.983135223388671875e-01
9.222135543823242188e-01 9.236082434654235840e-01
8.005455732345581055e-01 8.020031452178955078e-01
8.383518457412719727e-01 8.373073339462280273e-01
7.929695248603820801e-01 7.942053079605102539e-01
7.857992649078369141e-01 7.868051528930664062e-01
8.355005979537963867e-01 8.345831632614135742e-01
9.035905003547668457e-01 9.032663106918334961e-01
8.510998487472534180e-01 8.516904115676879883e-01
9.654939174652099609e-01 9.643194675445556641e-01
7.845621109008789062e-01 7.825165987014770508e-01
7.640064358711242676e-01 7.640041708946228027e-01
8.807682991027832031e-01 8.831527233123779297e-01
8.223208785057067871e-01 8.227066397666931152e-01
7.639615535736083984e-01 7.647581100463867188e-01
8.654189705848693848e-01 8.640804886817932129e-01
7.874221801757812500e-01 7.853466868400573730e-01
8.038603067398071289e-01 8.032860159873962402e-01
8.362769484519958496e-01 8.368679285049438477e-01
9.149100780487060547e-01 9.143548011779785156e-01
8.648381829261779785e-01 8.639838099479675293e-01
8.213203549385070801e-01 8.222953677177429199e-01
9.011721611022949219e-01 9.020986557006835938e-01
8.733462095260620117e-01 8.713376522064208984e-01
8.658853173255920410e-01 8.633550405502319336e-01
9.028522372245788574e-01 9.018201231956481934e-01
8.783554434776306152e-01 8.811213970184326172e-01
8.851885795593261719e-01 8.820906877517700195e-01
9.485756158828735352e-01 9.449621438980102539e-01
7.722232937812805176e-01 7.718672156333923340e-01
7.720122933387756348e-01 7.700443267822265625e-01
9.377219080924987793e-01 9.366205930709838867e-01
7.638230323791503906e-01 7.613075971603393555e-01
9.082502126693725586e-01 9.038170576095581055e-01
9.117233157157897949e-01 9.066764116287231445e-01
7.923221588134765625e-01 7.965472936630249023e-01
8.595509529113769531e-01 8.635197877883911133e-01
7.858463525772094727e-01 7.852737903594970703e-01
8.319408297538757324e-01 8.301254510879516602e-01
8.899005651473999023e-01 8.923811316490173340e-01
8.871292471885681152e-01 8.866402506828308105e-01
8.075953125953674316e-01 8.078657984733581543e-01
7.274984121322631836e-01 7.255068421363830566e-01
8.373067378997802734e-01 8.359403014183044434e-01
8.064293861389160156e-01 8.071047663688659668e-01
8.372889757156372070e-01 8.364824652671813965e-01
7.650579214096069336e-01 7.647963166236877441e-01
8.912057280540466309e-01 8.907013535499572754e-01
7.237312197685241699e-01 7.253218293190002441e-01
9.372740387916564941e-01 9.385081529617309570e-01
8.225460052490234375e-01 8.208133578300476074e-01
7.691379189491271973e-01 7.703942060470581055e-01
8.864408731460571289e-01 8.861461281776428223e-01
8.730803728103637695e-01 8.688761591911315918e-01
8.232157230377197266e-01 8.251500129699707031e-01
7.239395380020141602e-01 7.261066436767578125e-01
8.282444477081298828e-01 8.261447548866271973e-01
9.509170055389404297e-01 9.436573386192321777e-01
8.332002162933349609e-01 8.320950865745544434e-01
8.305441737174987793e-01 8.292128443717956543e-01
8.986856937408447266e-01 8.990584015846252441e-01
7.647823095321655273e-01 7.639994621276855469e-01
8.702259063720703125e-01 8.649707436561584473e-01
8.851312398910522461e-01 8.823231458663940430e-01
9.006547927856445312e-01 9.024612903594970703e-01
9.328922033309936523e-01 9.283534288406372070e-01
7.794114351272583008e-01 7.809324860572814941e-01
8.521431684494018555e-01 8.498442769050598145e-01
7.584470510482788086e-01 7.599937915802001953e-01
7.637447118759155273e-01 7.631297707557678223e-01
7.231858968734741211e-01 7.277126908302307129e-01
8.860644102096557617e-01 8.839253783226013184e-01
8.983753323554992676e-01 8.950930833816528320e-01
9.547148942947387695e-01 9.536843895912170410e-01
8.791011571884155273e-01 8.780043721199035645e-01
9.046196341514587402e-01 9.038732051849365234e-01
8.657904863357543945e-01 8.701851963996887207e-01
8.993721604347229004e-01 8.996086120605468750e-01
7.978091835975646973e-01 7.996506690979003906e-01
8.870266675949096680e-01 8.858357071876525879e-01
9.029963016510009766e-01 9.027918577194213867e-01
8.621157407760620117e-01 8.598276972770690918e-01
7.251617908477783203e-01 7.267763614654541016e-01
8.557159900665283203e-01 8.552575707435607910e-01
8.919511437416076660e-01 8.904668092727661133e-01
7.230471968650817871e-01 7.255417704582214355e-01
8.978060483932495117e-01 8.975454568862915039e-01
7.838295698165893555e-01 7.836544513702392578e-01
8.171014189720153809e-01 8.172116279602050781e-01
8.457212448120117188e-01 8.436143398284912109e-01
7.973497509956359863e-01 7.981783151626586914e-01
7.726597189903259277e-01 7.729690670967102051e-01
7.617855072021484375e-01 7.626965641975402832e-01
8.880752325057983398e-01 8.901783823966979980e-01
8.997131586074829102e-01 8.973855376243591309e-01
8.757631778717041016e-01 8.776667118072509766e-01
8.366576433181762695e-01 8.390385508537292480e-01
8.981818556785583496e-01 9.024848341941833496e-01
9.747902750968933105e-01 9.735689759254455566e-01
8.501901030540466309e-01 8.495639562606811523e-01
7.925803065299987793e-01 7.925889492034912109e-01
7.641773223876953125e-01 7.652416825294494629e-01
9.169622659683227539e-01 9.131396412849426270e-01
8.386997580528259277e-01 8.380209803581237793e-01
7.734268903732299805e-01 7.740258574485778809e-01
8.996686935424804688e-01 9.004790782928466797e-01
7.890748977661132812e-01 7.884595990180969238e-01
7.829046845436096191e-01 7.806963920593261719e-01
9.288508892059326172e-01 9.247495532035827637e-01
7.903798222541809082e-01 7.898125052452087402e-01
7.591664791107177734e-01 7.596856951713562012e-01
7.559214234352111816e-01 7.565698623657226562e-01
8.469083905220031738e-01 8.473703861236572266e-01
7.695685029029846191e-01 7.692406773567199707e-01
8.978517055511474609e-01 8.963773846626281738e-01
7.544615268707275391e-01 7.555556893348693848e-01
9.100331068038940430e-01 9.040814042091369629e-01
7.240513563156127930e-01 7.262744903564453125e-01
7.741732001304626465e-01 7.715543508529663086e-01
8.739901781082153320e-01 8.730116486549377441e-01
8.514280319213867188e-01 8.514891266822814941e-01
8.356648683547973633e-01 8.321157097816467285e-01
9.312139153480529785e-01 9.265780448913574219e-01
8.374594449996948242e-01 8.356192111968994141e-01
9.043297171592712402e-01 9.012950062751770020e-01
7.222450971603393555e-01 7.226245999336242676e-01
7.904771566390991211e-01 7.904148101806640625e-01
8.220664262771606445e-01 8.199539184570312500e-01
8.461815714836120605e-01 8.452605605125427246e-01
9.102419018745422363e-01 9.044812917709350586e-01
8.868222236633300781e-01 8.892302513122558594e-01
8.218263387680053711e-01 8.205440044403076172e-01
9.699637293815612793e-01 9.691540002822875977e-01
9.362272024154663086e-01 9.347016215324401855e-01
8.304909467697143555e-01 8.280639648437500000e-01
9.230236411094665527e-01 9.201751351356506348e-01
8.554096221923828125e-01 8.540983200073242188e-01
9.508688449859619141e-01 9.479401111602783203e-01
9.208856225013732910e-01 9.179784655570983887e-01
8.803997635841369629e-01 8.828057646751403809e-01
9.258909225463867188e-01 9.260567426681518555e-01
8.461381196975708008e-01 8.465015888214111328e-01
7.737096548080444336e-01 7.715042233467102051e-01
7.592440843582153320e-01 7.580932974815368652e-01
9.078735709190368652e-01 9.095731973648071289e-01
8.827975988388061523e-01 8.800158500671386719e-01
7.586798667907714844e-01 7.565520405769348145e-01
7.980772256851196289e-01 7.989458441734313965e-01
8.527001142501831055e-01 8.528156280517578125e-01
9.626336693763732910e-01 9.627497196197509766e-01
9.065953493118286133e-01 9.071306586265563965e-01
9.444509744644165039e-01 9.442294836044311523e-01
9.655401706695556641e-01 9.659448266029357910e-01
7.833492159843444824e-01 7.806400060653686523e-01
7.640966176986694336e-01 7.658587098121643066e-01
8.862776160240173340e-01 8.843622207641601562e-01
9.266573190689086914e-01 9.293925166130065918e-01
8.226686120033264160e-01 8.231241106986999512e-01
9.094573855400085449e-01 9.054328203201293945e-01
8.033605813980102539e-01 8.048130273818969727e-01
9.104467630386352539e-01 9.068241119384765625e-01
8.715075254440307617e-01 8.704101443290710449e-01
8.160696625709533691e-01 8.162940144538879395e-01
9.073536396026611328e-01 9.046533703804016113e-01
8.832604885101318359e-01 8.849951028823852539e-01
8.730558156967163086e-01 8.712261915206909180e-01
1.033170461654663086e+00 1.030075907707214355e+00
9.840458631515502930e-01 9.819698929786682129e-01
8.516150116920471191e-01 8.483263254165649414e-01
9.749256372451782227e-01 9.720309376716613770e-01
9.199324846267700195e-01 9.167160987854003906e-01
7.235304713249206543e-01 7.222266197204589844e-01
8.609938621520996094e-01 8.561035990715026855e-01
7.576752305030822754e-01 7.581140995025634766e-01
7.269604206085205078e-01 7.261283397674560547e-01
9.294136166572570801e-01 9.244700670242309570e-01
8.436940908432006836e-01 8.448433279991149902e-01
9.414573907852172852e-01 9.384099841117858887e-01
9.032075405120849609e-01 9.001925587654113770e-01
7.274693250656127930e-01 7.289348840713500977e-01
8.722716569900512695e-01 8.726257681846618652e-01
8.717344999313354492e-01 8.688789010047912598e-01
9.395500421524047852e-01 9.380094408988952637e-01
9.095396399497985840e-01 9.063255190849304199e-01
7.823099493980407715e-01 7.800959944725036621e-01
7.866249084472656250e-01 7.843686938285827637e-01
7.625372409820556641e-01 7.645196318626403809e-01
8.648235797882080078e-01 8.648368716239929199e-01
9.670328497886657715e-01 9.647055268287658691e-01
7.751988172531127930e-01 7.764145135879516602e-01
8.004766106605529785e-01 8.009523153305053711e-01
8.393388986587524414e-01 8.391162753105163574e-01
7.837409377098083496e-01 7.825389504432678223e-01
9.008347988128662109e-01 8.993620276451110840e-01
7.534636855125427246e-01 7.532117366790771484e-01
8.888418078422546387e-01 8.872321248054504395e-01
8.915102481842041016e-01 8.890619874000549316e-01
8.195430636405944824e-01 8.203122615814208984e-01
7.260133028030395508e-01 7.245094776153564453e-01
8.233498930931091309e-01 8.232704997062683105e-01
8.284628391265869141e-01 8.278204202651977539e-01
8.244633078575134277e-01 8.243802785873413086e-01
9.015403985977172852e-01 8.988704085350036621e-01
9.419915080070495605e-01 9.432782530784606934e-01
7.237045764923095703e-01 7.239201664924621582e-01
7.715633511543273926e-01 7.728959918022155762e-01
9.401569962501525879e-01 9.409448504447937012e-01
7.786142826080322266e-01 7.823187708854675293e-01
9.515517950057983398e-01 9.518027305603027344e-01
8.798593878746032715e-01 8.796820640563964844e-01
7.643125057220458984e-01 7.639263868331909180e-01
8.240208625793457031e-01 8.239234685897827148e-01
8.525122404098510742e-01 8.508179187774658203e-01
8.702726960182189941e-01 8.699133992195129395e-01
8.878037929534912109e-01 8.862766623497009277e-01
7.635506987571716309e-01 7.604029774665832520e-01
9.025222063064575195e-01 8.990423679351806641e-01
7.726752758026123047e-01 7.709856629371643066e-01
7.271542549133300781e-01 7.266006469726562500e-01
7.977576255798339844e-01 7.981111407279968262e-01
9.385321736335754395e-01 9.405373334884643555e-01
9.644361734390258789e-01 9.643687009811401367e-01
8.519248962402343750e-01 8.465073108673095703e-01
7.239047288894653320e-01 7.238419651985168457e-01
9.718739986419677734e-01 9.686252474784851074e-01
7.915802001953125000e-01 7.905770540237426758e-01
9.593212008476257324e-01 9.540073275566101074e-01
9.256398081779479980e-01 9.173226952552795410e-01
8.313463330268859863e-01 8.290695548057556152e-01
1.050353169441223145e+00 1.046791195869445801e+00
8.354680538177490234e-01 8.323168158531188965e-01
7.267791032791137695e-01 7.275913953781127930e-01
9.016410112380981445e-01 8.966529369354248047e-01
8.461521267890930176e-01 8.458039760589599609e-01
9.438066482543945312e-01 9.477738738059997559e-01
9.142445921897888184e-01 9.081441760063171387e-01
7.917901277542114258e-01 7.912536263465881348e-01
9.336224198341369629e-01 9.327263832092285156e-01
9.395238161087036133e-01 9.377356171607971191e-01
1.005590438842773438e+00 9.999749660491943359e-01
8.754754066467285156e-01 8.760579824447631836e-01
8.486588001251220703e-01 8.516299724578857422e-01
8.957464694976806641e-01 8.962562084197998047e-01
8.855885267257690430e-01 8.818697929382324219e-01
7.822503447532653809e-01 7.811334133148193359e-01
9.478874206542968750e-01 9.494492411613464355e-01
8.160527944564819336e-01 8.155173063278198242e-01
9.357474446296691895e-01 9.379965066909790039e-01
9.113416671752929688e-01 9.078887104988098145e-01
8.832728862762451172e-01 8.830634355545043945e-01
9.230372905731201172e-01 9.184345602989196777e-01
7.740619182586669922e-01 7.734951972961425781e-01
8.839583396911621094e-01 8.825160264968872070e-01
8.490279316902160645e-01 8.481081128120422363e-01
7.831263542175292969e-01 7.805925607681274414e-01
9.792024493217468262e-01 9.794188141822814941e-01
8.819166421890258789e-01 8.816827535629272461e-01
8.204001188278198242e-01 8.243149518966674805e-01
9.112040400505065918e-01 9.125138521194458008e-01
7.259232401847839355e-01 7.261156439781188965e-01
8.031095266342163086e-01 8.032771348953247070e-01
9.720203280448913574e-01 9.711295962333679199e-01
9.004480838775634766e-01 9.047679901123046875e-01
9.575225710868835449e-01 9.590163230895996094e-01
8.234698772430419922e-01 8.250378370285034180e-01
9.539435505867004395e-01 9.542809128761291504e-01
9.036588072776794434e-01 9.005360603332519531e-01
8.728329539299011230e-01 8.754666447639465332e-01
8.010028600692749023e-01 7.997833490371704102e-01
9.259612560272216797e-01 9.192791581153869629e-01
8.199449777603149414e-01 8.214457631111145020e-01
8.232303261756896973e-01 8.211621046066284180e-01
8.968502283096313477e-01 8.982494473457336426e-01
7.988556027412414551e-01 7.961633205413818359e-01
8.933165073394775391e-01 8.884884119033813477e-01
7.714014053344726562e-01 7.734491825103759766e-01
8.384938240051269531e-01 8.369529247283935547e-01
7.616263031959533691e-01 7.618529796600341797e-01
9.744261503219604492e-01 9.714300036430358887e-01
8.244206905364990234e-01 8.237420320510864258e-01
9.113636612892150879e-01 9.085822105407714844e-01
8.778709173202514648e-01 8.741061091423034668e-01
9.480997323989868164e-01 9.418765306472778320e-01
8.772248029708862305e-01 8.771167397499084473e-01
9.296754598617553711e-01 9.255535006523132324e-01
9.130001068115234375e-01 9.073243737220764160e-01
9.135380387306213379e-01 9.111436009407043457e-01
7.900944948196411133e-01 7.881178855895996094e-01
8.993038535118103027e-01 8.966315984725952148e-01
7.982977032661437988e-01 7.999130487442016602e-01
7.577528953552246094e-01 7.579428553581237793e-01
8.281841278076171875e-01 8.271008133888244629e-01
7.609474062919616699e-01 7.587479948997497559e-01
9.244470596313476562e-01 9.273872375488281250e-01
8.574429750442504883e-01 8.572053909301757812e-01
9.044144153594970703e-01 9.019326567649841309e-01
8.835762143135070801e-01 8.810567855834960938e-01
7.244164347648620605e-01 7.268149852752685547e-01
7.945340871810913086e-01 7.955444455146789551e-01
7.685855627059936523e-01 7.712349295616149902e-01
7.914331555366516113e-01 7.887100577354431152e-01
9.291957616806030273e-01 9.307618737220764160e-01
7.265480160713195801e-01 7.272001504898071289e-01
8.316940069198608398e-01 8.290848731994628906e-01
8.474885225296020508e-01 8.513329029083251953e-01
7.580578923225402832e-01 7.588350176811218262e-01
8.364649415016174316e-01 8.375022411346435547e-01
7.847411632537841797e-01 7.844514250755310059e-01
7.614058256149291992e-01 7.611257433891296387e-01
9.121375679969787598e-01 9.124704003334045410e-01
7.589335441589355469e-01 7.588993310928344727e-01
8.026753067970275879e-01 8.049921393394470215e-01
8.236997127532958984e-01 8.239840269088745117e-01
8.232663869857788086e-01 8.214559555053710938e-01
8.025569319725036621e-01 8.011875748634338379e-01
7.596212625503540039e-01 7.602831125259399414e-01
9.410306215286254883e-01 9.401022791862487793e-01
7.270081639289855957e-01 7.278704047203063965e-01
8.211406469345092773e-01 8.229938745498657227e-01
8.514209985733032227e-01 8.511856794357299805e-01
9.047055244445800781e-01 9.053432941436767578e-01
9.197930097579956055e-01 9.182857275009155273e-01
9.384164214134216309e-01 9.375127553939819336e-01
7.265847921371459961e-01 7.291732430458068848e-01
9.918888211250305176e-01 9.920701980590820312e-01
8.149830698966979980e-01 8.144960999488830566e-01
9.052959680557250977e-01 9.015517830848693848e-01
7.830472588539123535e-01 7.828548550605773926e-01
8.294283151626586914e-01 8.274348378181457520e-01
7.866317629814147949e-01 7.852084040641784668e-01
9.262565374374389648e-01 9.235694408416748047e-01
8.676519989967346191e-01 8.677819967269897461e-01
7.982131242752075195e-01 7.979373335838317871e-01
7.735119462013244629e-01 7.729209661483764648e-01
7.606724500656127930e-01 7.612695693969726562e-01
9.016122817993164062e-01 8.981151580810546875e-01
8.757470250129699707e-01 8.769322633743286133e-01
8.369039297103881836e-01 8.361181616783142090e-01
7.922310233116149902e-01 7.926092743873596191e-01
8.386639356613159180e-01 8.360934853553771973e-01
9.301341772079467773e-01 9.251842498779296875e-01
8.571088910102844238e-01 8.560234904289245605e-01
8.367261290550231934e-01 8.367432355880737305e-01
9.315927624702453613e-01 9.288880825042724609e-01
9.943274259567260742e-01 9.909209609031677246e-01
7.269988059997558594e-01 7.270754575729370117e-01
8.430881500244140625e-01 8.409151434898376465e-01
9.973096847534179688e-01 9.963098764419555664e-01
7.638782858848571777e-01 7.625339627265930176e-01
7.554711103439331055e-01 7.563242912292480469e-01
9.423206448554992676e-01 9.394907951354980469e-01
8.510166406631469727e-01 8.504101037979125977e-01
8.520321249961853027e-01 8.526362180709838867e-01
8.325211405754089355e-01 8.330470919609069824e-01
9.011287093162536621e-01 9.031544327735900879e-01
8.298004269599914551e-01 8.302695751190185547e-01
9.808971285820007324e-01 9.810658693313598633e-01
8.606310486793518066e-01 8.563584089279174805e-01
8.763521909713745117e-01 8.762032985687255859e-01
8.992737531661987305e-01 8.966966271400451660e-01
7.270391583442687988e-01 7.254794239997863770e-01
8.779452443122863770e-01 8.783847689628601074e-01
7.817367911338806152e-01 7.800728082656860352e-01
8.811458945274353027e-01 8.829401135444641113e-01
8.050246834754943848e-01 8.027710318565368652e-01
9.241961836814880371e-01 9.193049073219299316e-01
8.508165478706359863e-01 8.506849408149719238e-01
9.386878013610839844e-01 9.340669512748718262e-01
8.031810522079467773e-01 8.039682507514953613e-01
8.353292942047119141e-01 8.345953226089477539e-01
9.373147487640380859e-01 9.331614971160888672e-01
8.200722336769104004e-01 8.204120993614196777e-01
8.571821451187133789e-01 8.559657335281372070e-01
8.024320006370544434e-01 8.029622435569763184e-01
8.624696731567382812e-01 8.603633642196655273e-01
8.913691043853759766e-01 8.896272182464599609e-01
1.010034322738647461e+00 1.009088516235351562e+00
9.154008626937866211e-01 9.144076108932495117e-01
9.568548798561096191e-01 9.501421451568603516e-01
7.886716127395629883e-01 7.918249368667602539e-01
9.175589084625244141e-01 9.172594547271728516e-01
9.055616259574890137e-01 9.011673927307128906e-01
8.264192342758178711e-01 8.248174190521240234e-01
7.867757678031921387e-01 7.866923213005065918e-01
7.610869407653808594e-01 7.636618614196777344e-01
8.946051597595214844e-01 8.948281407356262207e-01
9.126718044281005859e-01 9.103417992591857910e-01
8.313472270965576172e-01 8.310174942016601562e-01
8.084228038787841797e-01 8.102414608001708984e-01
7.898656129837036133e-01 7.891284823417663574e-01
8.285037875175476074e-01 8.265674710273742676e-01
9.551533460617065430e-01 9.584165811538696289e-01
7.854375839233398438e-01 7.856861352920532227e-01
9.112099409103393555e-01 9.095081090927124023e-01
7.623469829559326172e-01 7.638081312179565430e-01
7.909750938415527344e-01 7.896155118942260742e-01
9.231575727462768555e-01 9.231393933296203613e-01
7.826334238052368164e-01 7.816934585571289062e-01
8.266899585723876953e-01 8.283747434616088867e-01
7.843605279922485352e-01 7.803152203559875488e-01
8.732381463050842285e-01 8.692046403884887695e-01
8.373298048973083496e-01 8.372802734375000000e-01
9.286735057830810547e-01 9.266774654388427734e-01
7.719417810440063477e-01 7.714013457298278809e-01
9.968600869178771973e-01 9.929198622703552246e-01
7.607581615447998047e-01 7.618751525878906250e-01
7.971156835556030273e-01 7.951504588127136230e-01
9.350987672805786133e-01 9.330166578292846680e-01
8.584128618240356445e-01 8.588978648185729980e-01
9.090045690536499023e-01 9.092143774032592773e-01
7.693954706192016602e-01 7.688374519348144531e-01
9.910268783569335938e-01 9.886856079101562500e-01
9.393371343612670898e-01 9.392166733741760254e-01
7.715414762496948242e-01 7.737227082252502441e-01
8.282388448715209961e-01 8.283564448356628418e-01
7.821589708328247070e-01 7.815675139427185059e-01
9.022075533866882324e-01 9.026877880096435547e-01
7.731988430023193359e-01 7.727239131927490234e-01
9.066893458366394043e-01 9.059305787086486816e-01
8.253756761550903320e-01 8.288843631744384766e-01
8.409594297409057617e-01 8.405876755714416504e-01
8.503564596176147461e-01 8.478072285652160645e-01
8.543387055397033691e-01 8.550353646278381348e-01
8.344275355339050293e-01 8.362311720848083496e-01
7.687966227531433105e-01 7.682950496673583984e-01
9.309072494506835938e-01 9.284603595733642578e-01
9.586048126220703125e-01 9.592966437339782715e-01
7.278268337249755859e-01 7.268811464309692383e-01
9.352034330368041992e-01 9.355456233024597168e-01
8.018946051597595215e-01 8.006765842437744141e-01
7.894655466079711914e-01 7.908286452293395996e-01
7.824755311012268066e-01 7.810333371162414551e-01
8.711350560188293457e-01 8.696053028106689453e-01
8.319694995880126953e-01 8.343992233276367188e-01
7.801128625869750977e-01 7.797489166259765625e-01
9.666128158569335938e-01 9.674058556556701660e-01
7.745770215988159180e-01 7.728992104530334473e-01
8.464832901954650879e-01 8.455329537391662598e-01
8.546382784843444824e-01 8.501126766204833984e-01
8.469204902648925781e-01 8.487172722816467285e-01
8.949347138404846191e-01 8.943024277687072754e-01
9.335586428642272949e-01 9.335958361625671387e-01
7.719010710716247559e-01 7.698076367378234863e-01
9.193410873413085938e-01 9.180955290794372559e-01
7.266414165496826172e-01 7.270321249961853027e-01
8.734165430068969727e-01 8.725975155830383301e-01
8.617184162139892578e-01 8.627339005470275879e-01
9.103906154632568359e-01 9.060665369033813477e-01
9.489740133285522461e-01 9.461692571640014648e-01
8.656740784645080566e-01 8.620481491088867188e-01
8.210965394973754883e-01 8.219465017318725586e-01
8.021526336669921875e-01 8.039384484291076660e-01
7.216422557830810547e-01 7.239508628845214844e-01
8.702960014343261719e-01 8.679638504981994629e-01
9.274728298187255859e-01 9.250259399414062500e-01
8.450018763542175293e-01 8.456327915191650391e-01
9.334309697151184082e-01 9.305573701858520508e-01
7.897825837135314941e-01 7.870301604270935059e-01
8.760001659393310547e-01 8.715028166770935059e-01
7.741957902908325195e-01 7.733927965164184570e-01
9.368910193443298340e-01 9.337722659111022949e-01
7.226561307907104492e-01 7.269114255905151367e-01
8.955900073051452637e-01 8.976018428802490234e-01
7.898110151290893555e-01 7.920346856117248535e-01
9.868617653846740723e-01 9.871758818626403809e-01
9.329382777214050293e-01 9.309577345848083496e-01
9.120988845825195312e-01 9.152721762657165527e-01
9.256239533424377441e-01 9.256263375282287598e-01
9.188266396522521973e-01 9.205279946327209473e-01
9.215816259384155273e-01 9.191584587097167969e-01
9.931724071502685547e-01 9.909251332283020020e-01
9.456711411476135254e-01 9.432266354560852051e-01
8.492177724838256836e-01 8.485739231109619141e-01
9.011056423187255859e-01 9.033692479133605957e-01
8.379098176956176758e-01 8.355640172958374023e-01
9.023436903953552246e-01 8.999269604682922363e-01
8.726021647453308105e-01 8.749751448631286621e-01
7.828718423843383789e-01 7.834606766700744629e-01
8.439143896102905273e-01 8.433368802070617676e-01
9.009791612625122070e-01 9.006075263023376465e-01
9.307394623756408691e-01 9.265037178993225098e-01
8.241132497787475586e-01 8.275926113128662109e-01
7.226669788360595703e-01 7.247135639190673828e-01
8.345814943313598633e-01 8.365955948829650879e-01
9.156847000122070312e-01 9.120531678199768066e-01
8.702226281166076660e-01 8.691329956054687500e-01
8.393599390983581543e-01 8.376407027244567871e-01
9.753801822662353516e-01 9.742045998573303223e-01
9.402236938476562500e-01 9.383398294448852539e-01
8.672065734863281250e-01 8.660194873809814453e-01
8.303728699684143066e-01 8.278766870498657227e-01
8.557665348052978516e-01 8.568723201751708984e-01
8.417763710021972656e-01 8.432906866073608398e-01
7.227133512496948242e-01 7.241432666778564453e-01
8.529381752014160156e-01 8.531110882759094238e-01
7.699156403541564941e-01 7.710116505622863770e-01
9.515436887741088867e-01 9.495756626129150391e-01
7.566196918487548828e-01 7.579939365386962891e-01
8.272817134857177734e-01 8.321181535720825195e-01
9.359943270683288574e-01 9.319441914558410645e-01
9.048277139663696289e-01 9.030725359916687012e-01
8.394080400466918945e-01 8.400322794914245605e-01
7.837406992912292480e-01 7.835696935653686523e-01
8.877158761024475098e-01 8.909110426902770996e-01
8.961967229843139648e-01 8.949813246726989746e-01
1.003690481185913086e+00 9.996679425239562988e-01
9.373432993888854980e-01 9.389554262161254883e-01
8.951234817504882812e-01 8.972973823547363281e-01
8.469544649124145508e-01 8.458140492439270020e-01
8.327841162681579590e-01 8.326623439788818359e-01
8.333163857460021973e-01 8.322808742523193359e-01
8.777612447738647461e-01 8.797880411148071289e-01
9.195604324340820312e-01 9.163010716438293457e-01
8.036164641380310059e-01 8.028310537338256836e-01
7.732322812080383301e-01 7.746151089668273926e-01
9.220705628395080566e-01 9.223901033401489258e-01
9.435428977012634277e-01 9.430627226829528809e-01
8.685886263847351074e-01 8.656683564186096191e-01
7.550686001777648926e-01 7.582567334175109863e-01
8.298126459121704102e-01 8.330580592155456543e-01
8.263412714004516602e-01 8.256447315216064453e-01
8.517591953277587891e-01 8.495227098464965820e-01
8.872012495994567871e-01 8.871608376502990723e-01
9.254667162895202637e-01 9.253968000411987305e-01
7.630767226219177246e-01 7.598209977149963379e-01
9.179033041000366211e-01 9.195142388343811035e-01
7.231470346450805664e-01 7.266099452972412109e-01
9.678275585174560547e-01 9.635873436927795410e-01
8.460338711738586426e-01 8.467781543731689453e-01
8.434384465217590332e-01 8.429346084594726562e-01
9.007264971733093262e-01 9.009191393852233887e-01
8.878158330917358398e-01 8.846713900566101074e-01
9.162899255752563477e-01 9.166281223297119141e-01
7.271709442138671875e-01 7.281052470207214355e-01
9.025249481201171875e-01 8.995141983032226562e-01
8.317058086395263672e-01 8.277847766876220703e-01
8.367181420326232910e-01 8.339511156082153320e-01
7.607173323631286621e-01 7.603969573974609375e-01
8.634364604949951172e-01 8.629177808761596680e-01
7.552717328071594238e-01 7.553035020828247070e-01
9.210712313652038574e-01 9.197309017181396484e-01
8.273050785064697266e-01 8.244016170501708984e-01
8.345853090286254883e-01 8.318003416061401367e-01
9.689686298370361328e-01 9.653923511505126953e-01
8.859173655509948730e-01 8.883528113365173340e-01
7.921517491340637207e-01 7.920977473258972168e-01
8.646942377090454102e-01 8.630648255348205566e-01
7.270444631576538086e-01 7.243061661720275879e-01
7.890552878379821777e-01 7.895722985267639160e-01
7.710751295089721680e-01 7.736281156539916992e-01
7.924180626869201660e-01 7.907595038414001465e-01
8.462442159652709961e-01 8.494001030921936035e-01
8.525823950767517090e-01 8.513513207435607910e-01
7.239116430282592773e-01 7.231329083442687988e-01
8.733413815498352051e-01 8.701350092887878418e-01
9.319754838943481445e-01 9.303506016731262207e-01
8.930135965347290039e-01 8.917450904846191406e-01
8.764799237251281738e-01 8.729822039604187012e-01
7.561138868331909180e-01 7.582543492317199707e-01
9.968048334121704102e-01 9.958982467651367188e-01
8.093350529670715332e-01 8.085198402404785156e-01
8.465586900711059570e-01 8.444370031356811523e-01
9.348032474517822266e-01 9.299535155296325684e-01
8.848091363906860352e-01 8.848503828048706055e-01
8.889604806900024414e-01 8.827179670333862305e-01
9.033799171447753906e-01 8.990171551704406738e-01
7.592703700065612793e-01 7.586601972579956055e-01
8.735261559486389160e-01 8.746604919433593750e-01
9.639089703559875488e-01 9.649003148078918457e-01
9.394932985305786133e-01 9.372803568840026855e-01
9.557155966758728027e-01 9.536343216896057129e-01
8.819679021835327148e-01 8.783540725708007812e-01
9.628672003746032715e-01 9.647685289382934570e-01
9.209664463996887207e-01 9.204837083816528320e-01
8.344949483871459961e-01 8.342587351799011230e-01
8.287174701690673828e-01 8.265755772590637207e-01
8.832813501358032227e-01 8.881590366363525391e-01
9.378963112831115723e-01 9.380640983581542969e-01
9.723838567733764648e-01 9.693118333816528320e-01
8.744120001792907715e-01 8.722036480903625488e-01
9.750193357467651367e-01 9.735606908798217773e-01
7.226306200027465820e-01 7.268342375755310059e-01
7.600105404853820801e-01 7.579624652862548828e-01
8.463696241378784180e-01 8.484937548637390137e-01
7.626616954803466797e-01 7.633569240570068359e-01
8.905697464942932129e-01 8.886218667030334473e-01
8.359308242797851562e-01 8.347179293632507324e-01
9.024888277053833008e-01 9.040669798851013184e-01
8.024008870124816895e-01 8.027922511100769043e-01
9.307912588119506836e-01 9.271811246871948242e-01
8.760557770729064941e-01 8.755312561988830566e-01
8.362174034118652344e-01 8.348163366317749023e-01
9.069395661354064941e-01 9.040948152542114258e-01
9.724276065826416016e-01 9.700755476951599121e-01
8.718428611755371094e-01 8.692550659179687500e-01
8.751177191734313965e-01 8.734604120254516602e-01
1.008925676345825195e+00 1.007035851478576660e+00
9.483200311660766602e-01 9.471270442008972168e-01
8.488889932632446289e-01 8.470513820648193359e-01
7.615111470222473145e-01 7.620829343795776367e-01
8.233743906021118164e-01 8.248825073242187500e-01
9.327068328857421875e-01 9.374066591262817383e-01
9.251462221145629883e-01 9.285677671432495117e-01
9.308602213859558105e-01 9.315720796585083008e-01
9.009843468666076660e-01 8.967585563659667969e-01
8.681482672691345215e-01 8.640395998954772949e-01
7.881076335906982422e-01 7.903079986572265625e-01
8.920596837997436523e-01 8.941031694412231445e-01
9.387930035591125488e-01 9.368183016777038574e-01
8.792357444763183594e-01 8.814117312431335449e-01
9.617445468902587891e-01 9.599990844726562500e-01
8.926109075546264648e-01 8.930466175079345703e-01
7.991850972175598145e-01 7.981775999069213867e-01
8.312155008316040039e-01 8.288723230361938477e-01
8.455436229705810547e-01 8.465833067893981934e-01
8.758515119552612305e-01 8.758389353752136230e-01
7.812251448631286621e-01 7.796812653541564941e-01
7.595111727714538574e-01 7.581128478050231934e-01
9.674503207206726074e-01 9.645407199859619141e-01
8.519294857978820801e-01 8.524668216705322266e-01
8.957369923591613770e-01 8.990901112556457520e-01
7.607993483543395996e-01 7.629469633102416992e-01
7.835618257522583008e-01 7.833919525146484375e-01
7.981168031692504883e-01 7.964050173759460449e-01
9.162428379058837891e-01 9.179620742797851562e-01
8.513408899307250977e-01 8.498699069023132324e-01
8.750113248825073242e-01 8.713414072990417480e-01
8.847089409828186035e-01 8.807595968246459961e-01
7.623587846755981445e-01 7.604882717132568359e-01
7.268605232238769531e-01 7.251666784286499023e-01
8.282637596130371094e-01 8.284183144569396973e-01
9.536255002021789551e-01 9.511790871620178223e-01
8.726586699485778809e-01 8.721463680267333984e-01
8.474326729774475098e-01 8.500066399574279785e-01
9.024332165718078613e-01 9.044184684753417969e-01
7.222990989685058594e-01 7.267573475837707520e-01
9.015793204307556152e-01 9.017212390899658203e-01
8.872678279876708984e-01 8.908200860023498535e-01
9.155994057655334473e-01 9.101532697677612305e-01
8.730390071868896484e-01 8.710657954216003418e-01
8.621767163276672363e-01 8.583173155784606934e-01
8.028982281684875488e-01 8.014920949935913086e-01
8.648225069046020508e-01 8.608469367027282715e-01
8.971725702285766602e-01 8.991070985794067383e-01
7.924675345420837402e-01 7.933726310729980469e-01
8.896520733833312988e-01 8.905791044235229492e-01
8.764345049858093262e-01 8.766682147979736328e-01
7.991940975189208984e-01 7.990928888320922852e-01
7.716241478919982910e-01 7.716072201728820801e-01
7.761859893798828125e-01 7.749732732772827148e-01
8.025744557380676270e-01 8.020541071891784668e-01
9.320501685142517090e-01 9.265575408935546875e-01
7.861139178276062012e-01 7.851607799530029297e-01
7.276062965393066406e-01 7.261721491813659668e-01
8.233562111854553223e-01 8.250320553779602051e-01
7.854144573211669922e-01 7.840509414672851562e-01
7.880966663360595703e-01 7.866021990776062012e-01
7.937957048416137695e-01 7.957969307899475098e-01
7.974423766136169434e-01 7.954375147819519043e-01
8.696234226226806641e-01 8.744326233863830566e-01
7.984687089920043945e-01 7.992679476737976074e-01
9.820338487625122070e-01 9.791061878204345703e-01
8.758901357650756836e-01 8.730676770210266113e-01
7.988738417625427246e-01 7.991649508476257324e-01
8.838768005371093750e-01 8.846517801284790039e-01
7.265597581863403320e-01 7.268598675727844238e-01
8.528747558593750000e-01 8.510086536407470703e-01
8.800292015075683594e-01 8.772998452186584473e-01
9.030621051788330078e-01 9.006440639495849609e-01
8.834753632545471191e-01 8.828817605972290039e-01
8.642299771308898926e-01 8.614271879196166992e-01
7.596312761306762695e-01 7.610288262367248535e-01
7.234030961990356445e-01 7.244908809661865234e-01
8.260084390640258789e-01 8.250375986099243164e-01
8.870319128036499023e-01 8.865611553192138672e-01
9.644702076911926270e-01 9.641416668891906738e-01
7.229558229446411133e-01 7.286689877510070801e-01
7.899342179298400879e-01 7.873494029045104980e-01
8.850337862968444824e-01 8.825318217277526855e-01
8.261017799377441406e-01 8.242877721786499023e-01
7.985619306564331055e-01 7.959787249565124512e-01
9.114743471145629883e-01 9.095742106437683105e-01
9.013738036155700684e-01 9.007806777954101562e-01
8.709981441497802734e-01 8.711821436882019043e-01
8.422999382019042969e-01 8.417868018150329590e-01
7.871664762496948242e-01 7.854847311973571777e-01
7.734485864639282227e-01 7.734890580177307129e-01
9.150028228759765625e-01 9.140508174896240234e-01
8.083120584487915039e-01 8.054314255714416504e-01
7.923038005828857422e-01 7.920581698417663574e-01
8.946861028671264648e-01 8.983297944068908691e-01
8.221678137779235840e-01 8.215163350105285645e-01
8.434388637542724609e-01 8.423678874969482422e-01
9.355546236038208008e-01 9.333522319793701172e-01
9.084053635597229004e-01 9.090611338615417480e-01
7.593594193458557129e-01 7.575134634971618652e-01
8.711214065551757812e-01 8.689035773277282715e-01
7.230910062789916992e-01 7.261214852333068848e-01
8.243554234504699707e-01 8.274009823799133301e-01
8.244343996047973633e-01 8.209689259529113770e-01
7.737400531768798828e-01 7.720494270324707031e-01
8.988813757896423340e-01 9.009861946105957031e-01
9.384295940399169922e-01 9.391286373138427734e-01
9.094390273094177246e-01 9.066284298896789551e-01
8.728051185607910156e-01 8.751172423362731934e-01
8.451011180877685547e-01 8.431479334831237793e-01
9.225521087646484375e-01 9.190805554389953613e-01
8.043398857116699219e-01 8.008396029472351074e-01
9.338181018829345703e-01 9.335505962371826172e-01
7.622151970863342285e-01 7.651357650756835938e-01
9.147577881813049316e-01 9.130034446716308594e-01
9.337675571441650391e-01 9.282467365264892578e-01
8.774144053459167480e-01 8.790998458862304688e-01
8.719848394393920898e-01 8.744848966598510742e-01
9.951844215393066406e-01 9.988435506820678711e-01
7.649403810501098633e-01 7.681199908256530762e-01
