1.418656706809997559e-01 8.089774847030639648e-02
7.317330688238143921e-02 6.500514596700668335e-02
5.962981283664703369e-02 5.509182438254356384e-02
5.118488520383834839e-02 4.954085871577262878e-02
4.546377435326576233e-02 4.530623182654380798e-02
4.074092581868171692e-02 4.170631617307662964e-02
3.706794232130050659e-02 3.972513973712921143e-02
3.401547670364379883e-02 3.641562536358833313e-02
3.158210590481758118e-02 3.351458162069320679e-02
2.951623871922492981e-02 3.239259123802185059e-02
2.753882668912410736e-02 3.002536110579967499e-02
2.585511654615402222e-02 2.945503592491149902e-02
2.473731525242328644e-02 2.876501344144344330e-02
2.340883575379848480e-02 2.670094557106494904e-02
2.225120738148689270e-02 2.551821619272232056e-02
2.185034565627574921e-02 2.531045302748680115e-02
2.036134153604507446e-02 2.407710067927837372e-02
1.959947682917118073e-02 2.369100227952003479e-02
1.885253749787807465e-02 2.429835498332977295e-02
1.841417700052261353e-02 2.266831509768962860e-02
1.770950295031070709e-02 2.278575301170349121e-02
1.772928424179553986e-02 2.383239008486270905e-02
1.693571358919143677e-02 2.086892351508140564e-02
1.621148921549320221e-02 2.030164375901222229e-02
1.594831049442291260e-02 2.081230655312538147e-02
1.536075118929147720e-02 1.971614919602870941e-02
1.498085260391235352e-02 1.891958341002464294e-02
1.512821111828088760e-02 1.893144473433494568e-02
1.439515687525272369e-02 1.812420599162578583e-02
1.380457170307636261e-02 1.765290647745132446e-02
1.359553355723619461e-02 1.801067776978015900e-02
1.364122517406940460e-02 1.845554448664188385e-02
1.299008540809154510e-02 1.770659908652305603e-02
1.259632222354412079e-02 1.666270196437835693e-02
1.247343141585588455e-02 1.655268110334873199e-02
1.220368221402168274e-02 1.606051996350288391e-02
1.200509350746870041e-02 1.592949591577053070e-02
1.150613185018301010e-02 1.587534882128238678e-02
1.159365847706794739e-02 1.706903055310249329e-02
1.123822852969169617e-02 1.557836495339870453e-02
1.093783508986234665e-02 1.525587588548660278e-02
1.080014463514089584e-02 1.648977398872375488e-02
1.068008132278919220e-02 1.562192756682634354e-02
1.058602426201105118e-02 1.449686661362648010e-02
1.058921404182910919e-02 1.483211852610111237e-02
1.049071364104747772e-02 1.416144520044326782e-02
9.967194870114326477e-03 1.517426129430532455e-02
9.719447232782840729e-03 1.436186023056507111e-02
1.014145929366350174e-02 1.427267212420701981e-02
9.265385568141937256e-03 1.384547073394060135e-02
9.113738313317298889e-03 1.422188803553581238e-02
9.259647689759731293e-03 1.341754756867885590e-02
9.463952854275703430e-03 1.406295504420995712e-02
9.201729670166969299e-03 1.375021133571863174e-02
8.599965833127498627e-03 1.533322129398584366e-02
8.813613094389438629e-03 1.290150824934244156e-02
8.918881416320800781e-03 1.365495566278696060e-02
8.649114519357681274e-03 1.246399711817502975e-02
8.879616856575012207e-03 1.359048672020435333e-02
8.445945568382740021e-03 1.234787981957197189e-02
8.349530398845672607e-03 1.382343564182519913e-02
9.368163533508777618e-03 1.188653428107500076e-02
8.101371116936206818e-03 1.348727848380804062e-02
8.467905223369598389e-03 1.243290398269891739e-02
7.828420028090476990e-03 1.368406601250171661e-02
7.615651469677686691e-03 1.229253318160772324e-02
8.237571455538272858e-03 1.150362752377986908e-02
7.578171789646148682e-03 1.172210648655891418e-02
7.501610089093446732e-03 1.136974152177572250e-02
7.134006824344396591e-03 1.130799110978841782e-02
7.359700277447700500e-03 1.356426067650318146e-02
7.455047685652971268e-03 1.206173747777938843e-02
7.033454254269599915e-03 1.209448371082544327e-02
7.361055817455053329e-03 1.141839195042848587e-02
7.404085714370012283e-03 1.160193514078855515e-02
7.088549900799989700e-03 1.145275589078664780e-02
6.822779774665832520e-03 1.093837432563304901e-02
6.899606436491012573e-03 1.069677621126174927e-02
6.533395498991012573e-03 1.107463985681533813e-02
6.646532565355300903e-03 1.075846236199140549e-02
6.651368457823991776e-03 1.038462482392787933e-02
6.774296518415212631e-03 1.069356221705675125e-02
6.567706353962421417e-03 1.085690129548311234e-02
6.708398927003145218e-03 1.065217517316341400e-02
6.037182640284299850e-03 1.150739844888448715e-02
5.961143411695957184e-03 1.050759479403495789e-02
6.069771479815244675e-03 1.196283381432294846e-02
6.322336383163928986e-03 1.006532832980155945e-02
6.185282487422227859e-03 1.026643719524145126e-02
6.310432683676481247e-03 1.030167657881975174e-02
6.259084213525056839e-03 1.095859799534082413e-02
6.387471687048673630e-03 1.004547998309135437e-02
6.088385358452796936e-03 9.713712148368358612e-03
5.476681981235742569e-03 9.685714729130268097e-03
5.701141431927680969e-03 1.267241593450307846e-02
6.524226162582635880e-03 1.214681286364793777e-02
6.362779997289180756e-03 1.022604759782552719e-02
5.588076077401638031e-03 9.903596714138984680e-03
5.808194167912006378e-03 9.912263602018356323e-03
5.506173241883516312e-03 9.909209795296192169e-03
5.888420622795820236e-03 9.403705596923828125e-03
5.424751434475183487e-03 9.134786203503608704e-03
5.252210889011621475e-03 1.039964146912097931e-02
5.603804718703031540e-03 1.106958277523517609e-02
5.444979295134544373e-03 9.527466259896755219e-03
6.100358441472053528e-03 1.077496726065874100e-02
5.042952485382556915e-03 9.456989355385303497e-03
5.438081454485654831e-03 9.659686125814914703e-03
5.092303734272718430e-03 9.189518168568611145e-03
5.483318120241165161e-03 9.454218670725822449e-03
5.315215792506933212e-03 9.313925169408321381e-03
4.875701852142810822e-03 9.791833348572254181e-03
5.300975870341062546e-03 9.012176655232906342e-03
5.060845520347356796e-03 1.007742714136838913e-02
5.225808825343847275e-03 9.912043809890747070e-03
4.947026725858449936e-03 8.841420523822307587e-03
4.634354729205369949e-03 8.752644062042236328e-03
5.805561784654855728e-03 8.812226355075836182e-03
5.421092733740806580e-03 8.829242549836635590e-03
4.819530993700027466e-03 8.627601899206638336e-03
4.808130674064159393e-03 8.758066222071647644e-03
4.858197178691625595e-03 8.814304135739803314e-03
4.652989096939563751e-03 9.254770353436470032e-03
4.462472163140773773e-03 8.790823630988597870e-03
5.085817072540521622e-03 9.075875394046306610e-03
4.356868565082550049e-03 8.607527241110801697e-03
4.835322499275207520e-03 8.467963896691799164e-03
5.041719879955053329e-03 9.977078996598720551e-03
4.829091485589742661e-03 8.581341244280338287e-03
4.266683012247085571e-03 8.624634705483913422e-03
4.531516693532466888e-03 8.537873625755310059e-03
4.408973269164562225e-03 9.534830227494239807e-03
5.025750491768121719e-03 8.352309465408325195e-03
5.578266922384500504e-03 8.543565869331359863e-03
4.544135183095932007e-03 8.411362767219543457e-03
4.408116452395915985e-03 8.380053564906120300e-03
4.185514058917760849e-03 9.472636505961418152e-03
4.494641441851854324e-03 8.862177841365337372e-03
4.832081962376832962e-03 8.392465300858020782e-03
4.020664840936660767e-03 8.206480182707309723e-03
4.516324494034051895e-03 8.162242360413074493e-03
4.202568903565406799e-03 8.061999455094337463e-03
4.120182711631059647e-03 8.075942285358905792e-03
4.478964488953351974e-03 9.200874716043472290e-03
4.301096312701702118e-03 8.010301738977432251e-03
4.097247496247291565e-03 8.645812049508094788e-03
4.364197608083486557e-03 8.531038649380207062e-03
4.222391638904809952e-03 1.116816326975822449e-02
5.098769906908273697e-03 8.393337018787860870e-03
4.580378998070955276e-03 1.111449860036373138e-02
4.556470550596714020e-03 9.702109731733798981e-03
4.646112211048603058e-03 9.948242455720901489e-03
4.609696567058563232e-03 8.004697971045970917e-03
3.996649757027626038e-03 9.403049014508724213e-03
4.590996541082859039e-03 8.744756691157817841e-03
3.961603622883558273e-03 8.085664361715316772e-03
3.785882843658328056e-03 7.913770154118537903e-03
3.766058711335062981e-03 8.510798215866088867e-03
3.992205020040273666e-03 8.574726991355419159e-03
4.096341785043478012e-03 7.979757152497768402e-03
4.253036808222532272e-03 8.498750627040863037e-03
4.127467516809701920e-03 1.199856586754322052e-02
4.166125319898128510e-03 8.289337158203125000e-03
4.463360644876956940e-03 8.112919516861438751e-03
3.988768439739942551e-03 7.698902860283851624e-03
4.132133442908525467e-03 7.946642115712165833e-03
4.084660671651363373e-03 7.643374614417552948e-03
3.963239490985870361e-03 7.462446577847003937e-03
3.919369075447320938e-03 8.292340673506259918e-03
4.512114915996789932e-03 8.906031027436256409e-03
4.114812240004539490e-03 8.660465478897094727e-03
3.926491364836692810e-03 8.173592388629913330e-03
3.954109735786914825e-03 7.690654601901769638e-03
4.182506352663040161e-03 9.834732860326766968e-03
4.035052843391895294e-03 8.350531570613384247e-03
3.823888488113880157e-03 9.263637475669384003e-03
4.049831070005893707e-03 8.908474817872047424e-03
3.918714821338653564e-03 7.616664748638868332e-03
3.525211475789546967e-03 8.955436758697032928e-03
3.589909523725509644e-03 8.401034399867057800e-03
3.819707781076431274e-03 8.397702127695083618e-03
4.194187466055154800e-03 8.344564586877822876e-03
3.655490232631564140e-03 8.786799386143684387e-03
4.283247049897909164e-03 7.519501727074384689e-03
3.753410885110497475e-03 8.299356326460838318e-03
3.647993318736553192e-03 8.017378859221935272e-03
3.657456487417221069e-03 7.580598816275596619e-03
3.389726160094141960e-03 7.601408753544092178e-03
3.895132336765527725e-03 8.135357871651649475e-03
3.752844175323843956e-03 8.398101665079593658e-03
3.746621077880263329e-03 8.800834417343139648e-03
3.851476358249783516e-03 7.456273306161165237e-03
3.880807431414723396e-03 8.165923878550529480e-03
3.538107033818960190e-03 8.076823316514492035e-03
3.531087189912796021e-03 7.737840991467237473e-03
3.627892583608627319e-03 7.546619512140750885e-03
3.791838418692350388e-03 7.391810417175292969e-03
3.412133781239390373e-03 7.237290497869253159e-03
3.662809496745467186e-03 8.169675245881080627e-03
3.972599748522043228e-03 7.838647812604904175e-03
4.588931798934936523e-03 8.122727274894714355e-03
3.595776623114943504e-03 8.250975050032138824e-03
3.918496426194906235e-03 8.300348185002803802e-03
3.692904720082879066e-03 7.313728332519531250e-03
3.374772844836115837e-03 7.607065141201019287e-03
3.358296817168593407e-03 7.520678918808698654e-03
4.213992971926927567e-03 7.261621765792369843e-03
3.769187955185770988e-03 7.250230293720960617e-03
3.208000445738434792e-03 7.821617648005485535e-03
3.924023360013961792e-03 7.581514306366443634e-03
3.730041906237602234e-03 7.236512377858161926e-03
3.579250536859035492e-03 7.742812857031822205e-03
3.238126868382096291e-03 7.923725992441177368e-03
3.170670708641409874e-03 8.319836109876632690e-03
3.279979107901453972e-03 7.708176970481872559e-03
4.039950203150510788e-03 1.039254758507013321e-02
4.181426018476486206e-03 7.275715470314025879e-03
3.370816586539149284e-03 7.227525580674409866e-03
3.526879241690039635e-03 8.981841616332530975e-03
3.330053528770804405e-03 7.496747188270092010e-03
3.170232288539409637e-03 8.280337788164615631e-03
3.049055812880396843e-03 7.237063255161046982e-03
3.697987645864486694e-03 8.093573153018951416e-03
3.836777294054627419e-03 7.244852371513843536e-03
3.537978511303663254e-03 7.236917037516832352e-03
3.140719374641776085e-03 6.988471373915672302e-03
3.525272011756896973e-03 8.039066568017005920e-03
3.286997554823756218e-03 7.122383918613195419e-03
3.006503917276859283e-03 8.059491403400897980e-03
3.307933220639824867e-03 7.575870491564273834e-03
3.612406319007277489e-03 8.027443662285804749e-03
4.015353973954916000e-03 8.240961469709873199e-03
3.422136418521404266e-03 7.161374203860759735e-03
3.168480237945914268e-03 7.036399096250534058e-03
3.962147049605846405e-03 9.429772384464740753e-03
3.554394468665122986e-03 7.890428416430950165e-03
3.395650070160627365e-03 7.773668970912694931e-03
3.763027722015976906e-03 7.500076200813055038e-03
3.561534686014056206e-03 7.340195123106241226e-03
3.268014406785368919e-03 7.188188377767801285e-03
3.066215198487043381e-03 7.859082892537117004e-03
3.096220316365361214e-03 7.003605365753173828e-03
3.224906744435429573e-03 6.946844980120658875e-03
3.072531893849372864e-03 7.015788462013006210e-03
2.826845040544867516e-03 7.338333874940872192e-03
3.334787674248218536e-03 8.062202483415603638e-03
3.416670020669698715e-03 7.228535134345293045e-03
3.880089381709694862e-03 8.159114047884941101e-03
3.746688831597566605e-03 7.428235374391078949e-03
2.946397755295038223e-03 6.993983406573534012e-03
3.431844757869839668e-03 7.123259827494621277e-03
2.924692817032337189e-03 7.227081339806318283e-03
2.866114489734172821e-03 7.450527511537075043e-03
3.365943208336830139e-03 8.249836973845958710e-03
3.297744551673531532e-03 7.228212431073188782e-03
3.201721468940377235e-03 7.672069128602743149e-03
3.261533798649907112e-03 7.772913202643394470e-03
3.217740915715694427e-03 8.555550128221511841e-03
3.186532296240329742e-03 6.907328031957149506e-03
2.873593708500266075e-03 7.123502902686595917e-03
3.372582606971263885e-03 7.108392659574747086e-03
3.071405924856662750e-03 6.968737579882144928e-03
3.162862034514546394e-03 7.458101026713848114e-03
3.048605984076857567e-03 7.414962630718946457e-03
3.068003337830305099e-03 6.900721229612827301e-03
3.267288673669099808e-03 8.109403774142265320e-03
3.227817593142390251e-03 7.763626519590616226e-03
3.186031011864542961e-03 7.249819580465555191e-03
3.098674351349473000e-03 7.114807143807411194e-03
2.989982254803180695e-03 7.191402837634086609e-03
3.222302068024873734e-03 7.037586532533168793e-03
3.161255968734622002e-03 6.905820220708847046e-03
3.117764601483941078e-03 7.907181978225708008e-03
3.038018243387341499e-03 7.325294893234968185e-03
3.118552500382065773e-03 7.649006787687540054e-03
3.400033572688698769e-03 7.632545661181211472e-03
3.206538967788219452e-03 7.079015485942363739e-03
2.766455756500363350e-03 7.223971653729677200e-03
2.959254663437604904e-03 6.886448711156845093e-03
3.377673448994755745e-03 7.693511433899402618e-03
2.895471639931201935e-03 7.091019768267869949e-03
2.833523089066147804e-03 7.140299305319786072e-03
2.993151079863309860e-03 8.950994350016117096e-03
2.966525498777627945e-03 7.444736082106828690e-03
2.933596726506948471e-03 7.339186035096645355e-03
2.909357892349362373e-03 7.936837151646614075e-03
3.247151384130120277e-03 7.425943855196237564e-03
2.904319670051336288e-03 7.532529998570680618e-03
3.072102321311831474e-03 6.878521293401718140e-03
2.956334501504898071e-03 7.257315330207347870e-03
3.457169746980071068e-03 7.237895391881465912e-03
2.814922714605927467e-03 7.088837679475545883e-03
2.861679065972566605e-03 6.937331985682249069e-03
3.316312329843640327e-03 7.372246589511632919e-03
3.302025143057107925e-03 6.990946363657712936e-03
3.082825103774666786e-03 6.999128498136997223e-03
2.980769844725728035e-03 7.192998658865690231e-03
2.594995778053998947e-03 6.766229402273893356e-03
2.996773924678564072e-03 6.913146004080772400e-03
2.745890058577060699e-03 8.715735748410224915e-03
3.021207405254244804e-03 6.944960914552211761e-03
2.788567217066884041e-03 7.539163343608379364e-03
3.319024806842207909e-03 6.944783497601747513e-03
3.270479384809732437e-03 6.967623252421617508e-03
3.120336448773741722e-03 6.615073885768651962e-03
2.863478148356080055e-03 6.686978507786989212e-03
3.313769353553652763e-03 6.955620367079973221e-03
3.379976376891136169e-03 7.579103112220764160e-03
3.082709386944770813e-03 7.108368910849094391e-03
3.206214634701609612e-03 7.878987118601799011e-03
2.978839911520481110e-03 7.963109761476516724e-03
3.225472755730152130e-03 7.364817429333925247e-03
2.857406623661518097e-03 7.394872605800628662e-03
2.877950668334960938e-03 7.061699870973825455e-03
2.815738553181290627e-03 7.200161460787057877e-03
3.084139432758092880e-03 7.064515724778175354e-03
3.159111831337213516e-03 6.836292799562215805e-03
3.224672749638557434e-03 7.310419809073209763e-03
3.032939741387963295e-03 6.899767555296421051e-03
2.683301223441958427e-03 7.277974858880043030e-03
2.502090763300657272e-03 6.524126045405864716e-03
2.681391080841422081e-03 7.413497194647789001e-03
2.841800218448042870e-03 7.305714301764965057e-03
2.602976281195878983e-03 6.826282478868961334e-03
2.790765836834907532e-03 7.028297521173954010e-03
2.981434809044003487e-03 7.309042382985353470e-03
2.878725063055753708e-03 7.151695899665355682e-03
2.668066415935754776e-03 6.764199119061231613e-03
2.702646423131227493e-03 6.905623245984315872e-03
3.013416193425655365e-03 7.223474327474832535e-03
2.548592863604426384e-03 6.880980450659990311e-03
2.723462181165814400e-03 6.500467192381620407e-03
2.656501252204179764e-03 6.808370817452669144e-03
3.076880937442183495e-03 7.695693988353013992e-03
2.821437781676650047e-03 6.705560721457004547e-03
2.644918160513043404e-03 6.580690853297710419e-03
3.423764370381832123e-03 7.476934697479009628e-03
2.873391611501574516e-03 6.774511188268661499e-03
3.039670176804065704e-03 6.647788453847169876e-03
2.656714292243123055e-03 6.730762310326099396e-03
2.600233303382992744e-03 7.122740149497985840e-03
2.613146556541323662e-03 7.573306560516357422e-03
2.374816220253705978e-03 7.356400601565837860e-03
2.464771037921309471e-03 6.731016561388969421e-03
3.259179182350635529e-03 6.917939055711030960e-03
2.772854408249258995e-03 6.852137390524148941e-03
3.309525782242417336e-03 7.040604017674922943e-03
3.122215857729315758e-03 6.746084894984960556e-03
2.620748244225978851e-03 6.885657086968421936e-03
2.373303752392530441e-03 6.685186177492141724e-03
2.637208206579089165e-03 7.158406544476747513e-03
2.757447771728038788e-03 7.085365243256092072e-03
3.277499228715896606e-03 7.120995316654443741e-03
2.532999729737639427e-03 6.441890262067317963e-03
2.557119587436318398e-03 6.876714993268251419e-03
3.215243574231863022e-03 7.179752923548221588e-03
2.604104811325669289e-03 6.695462856441736221e-03
2.660853555426001549e-03 6.898495368659496307e-03
2.912177937105298042e-03 6.908159237354993820e-03
2.880122046917676926e-03 6.680988240987062454e-03
3.179779974743723869e-03 6.688864901661872864e-03
2.601843094453215599e-03 6.682425271719694138e-03
2.535203704610466957e-03 6.509149912744760513e-03
2.647475106641650200e-03 7.141726091504096985e-03
3.098033368587493896e-03 6.742885801941156387e-03
3.492548828944563866e-03 6.949664093554019928e-03
3.096546046435832977e-03 6.814206484705209732e-03
2.334932098165154457e-03 6.702546495944261551e-03
2.623986685648560524e-03 6.802154239267110825e-03
2.537738764658570290e-03 6.694391369819641113e-03
2.796307671815156937e-03 6.497875787317752838e-03
2.688176697120070457e-03 7.312959060072898865e-03
2.585025737062096596e-03 7.471879944205284119e-03
2.902162494137883186e-03 6.964407861232757568e-03
2.462225733324885368e-03 6.670893169939517975e-03
2.504643518477678299e-03 7.751121651381254196e-03
3.476880025118589401e-03 7.414770312607288361e-03
3.365576500073075294e-03 7.799869403243064880e-03
2.721563214436173439e-03 6.637131329625844955e-03
2.563682151958346367e-03 7.330121938139200211e-03
3.124293405562639236e-03 7.123989984393119812e-03
3.055604407563805580e-03 6.675125565379858017e-03
2.363956300541758537e-03 6.481438409537076950e-03
2.520041540265083313e-03 6.561459973454475403e-03
2.971866633743047714e-03 6.623386405408382416e-03
2.567431423813104630e-03 6.935126148164272308e-03
2.619924256578087807e-03 7.813436910510063171e-03
2.574729034677147865e-03 6.750289816409349442e-03
2.591083990409970284e-03 6.548178382217884064e-03
2.383574610576033592e-03 6.490938831120729446e-03
2.262563910335302353e-03 6.381900049746036530e-03
2.272773534059524536e-03 6.816803477704524994e-03
3.027850994840264320e-03 8.207617327570915222e-03
3.040105802938342094e-03 6.736415904015302658e-03
2.890464849770069122e-03 6.305505987256765366e-03
2.338349353522062302e-03 6.482434924691915512e-03
2.528204116970300674e-03 6.837289314717054367e-03
2.556695370003581047e-03 7.270182017236948013e-03
3.084008581936359406e-03 6.309708580374717712e-03
2.612083684653043747e-03 6.881103385239839554e-03
2.830805489793419838e-03 6.597480736672878265e-03
2.633404918015003204e-03 6.559384521096944809e-03
2.814420731738209724e-03 6.843443028628826141e-03
2.653422299772500992e-03 7.953642867505550385e-03
3.090826096013188362e-03 6.481030490249395370e-03
2.661669859662652016e-03 6.893126294016838074e-03
2.373439026996493340e-03 7.200450170785188675e-03
2.516587497666478157e-03 6.569519639015197754e-03
2.289525931701064110e-03 7.008871994912624359e-03
2.728441962972283363e-03 7.267586421221494675e-03
2.612950047478079796e-03 6.840097717940807343e-03
2.415228169411420822e-03 6.596553139388561249e-03
2.287720330059528351e-03 6.540342234075069427e-03
2.236345317214727402e-03 9.858668781816959381e-03
3.230593632906675339e-03 7.079842966049909592e-03
3.085216041654348373e-03 6.599055603146553040e-03
2.679879544302821159e-03 6.477619055658578873e-03
2.433427842333912849e-03 7.273631170392036438e-03
2.567323157563805580e-03 7.562146056443452835e-03
2.507626544684171677e-03 6.710065994411706924e-03
2.556861378252506256e-03 7.149646058678627014e-03
2.675047842785716057e-03 6.434703245759010315e-03
2.999973483383655548e-03 7.190385833382606506e-03
2.563378307968378067e-03 6.532800849527120590e-03
2.604581648483872414e-03 8.959045633673667908e-03
2.526512369513511658e-03 6.659897044301033020e-03
2.386199776083230972e-03 6.362791638821363449e-03
2.349463989958167076e-03 6.526538636535406113e-03
2.600239356979727745e-03 7.100598886609077454e-03
2.537372056394815445e-03 6.903642788529396057e-03
2.345578745007514954e-03 7.073539309203624725e-03
2.337336773052811623e-03 6.404211744666099548e-03
3.026334568858146667e-03 6.519567687064409256e-03
2.650616690516471863e-03 7.131721824407577515e-03
2.849826589226722717e-03 6.667391397058963776e-03
3.069584257900714874e-03 8.978010155260562897e-03
2.725990256294608116e-03 7.009821012616157532e-03
2.719639101997017860e-03 6.528710480779409409e-03
2.231497550383210182e-03 6.606303621083498001e-03
2.543070120736956596e-03 6.987509783357381821e-03
3.166506998240947723e-03 6.387279834598302841e-03
2.664770465344190598e-03 6.156340241432189941e-03
2.483970951288938522e-03 6.206838879734277725e-03
2.440074458718299866e-03 7.047479040920734406e-03
2.397930482402443886e-03 6.492606829851865768e-03
2.399920253083109856e-03 6.556364241987466812e-03
2.168387640267610550e-03 7.086674217134714127e-03
2.564655151218175888e-03 8.290659636259078979e-03
2.731358865275979042e-03 7.868519984185695648e-03
2.312681172043085098e-03 6.625160574913024902e-03
2.487685298547148705e-03 6.872509140521287918e-03
2.573660574853420258e-03 7.044487167149782181e-03
2.213601721450686455e-03 6.414438597857952118e-03
2.467604354023933411e-03 6.338829640299081802e-03
2.393145114183425903e-03 7.067157421261072159e-03
3.217958845198154449e-03 6.735987495630979538e-03
2.600527601316571236e-03 6.613741163164377213e-03
2.391392597928643227e-03 6.829005666077136993e-03
2.566995332017540932e-03 6.273992825299501419e-03
2.792725106701254845e-03 6.443472113460302353e-03
2.199520124122500420e-03 6.377648562192916870e-03
2.359381876885890961e-03 6.501142401248216629e-03
2.518256660550832748e-03 6.960800383239984512e-03
2.200133865699172020e-03 6.663629785180091858e-03
2.470249775797128677e-03 6.332474760711193085e-03
2.420512959361076355e-03 6.485641002655029297e-03
2.895885379984974861e-03 6.847264710813760757e-03
2.549253171309828758e-03 6.704069674015045166e-03
2.474453533068299294e-03 6.899267900735139847e-03
2.969903405755758286e-03 6.368105765432119370e-03
3.077922621741890907e-03 7.882544770836830139e-03
2.744699595496058464e-03 6.237857975065708160e-03
2.265499904751777649e-03 6.501552183181047440e-03
2.088240813463926315e-03 6.368636153638362885e-03
2.576972823590040207e-03 6.449820008128881454e-03
2.729086671024560928e-03 6.562412716448307037e-03
2.533800434321165085e-03 6.166475825011730194e-03
2.138939686119556427e-03 6.787532009184360504e-03
2.271533943712711334e-03 6.520122755318880081e-03
2.328802598640322685e-03 6.374395918101072311e-03
2.553831785917282104e-03 6.746025290340185165e-03
2.421938115730881691e-03 6.935218814760446548e-03
3.274803515523672104e-03 7.356130052357912064e-03
2.842033049091696739e-03 6.303230300545692444e-03
2.366181463003158569e-03 6.349355448037385941e-03
2.088949084281921387e-03 6.987619213759899139e-03
2.108142711222171783e-03 6.347774062305688858e-03
2.356435637921094894e-03 6.332372780889272690e-03
2.449990948662161827e-03 6.818421650677919388e-03
2.451359760016202927e-03 6.624993402510881424e-03
3.175135003402829170e-03 6.282707210630178452e-03
2.280598506331443787e-03 6.447036750614643097e-03
3.071587299928069115e-03 7.450126577168703079e-03
2.777432557195425034e-03 6.209339480847120285e-03
2.514034509658813477e-03 7.188766729086637497e-03
2.938907826319336891e-03 6.514753680676221848e-03
2.543056616559624672e-03 6.070181727409362793e-03
1.943409908562898636e-03 6.291546858847141266e-03
2.122316975146532059e-03 6.598959676921367645e-03
2.021265681833028793e-03 6.099999882280826569e-03
1.888020779006183147e-03 6.484649144113063812e-03
2.243729075416922569e-03 6.839334033429622650e-03
2.224233234301209450e-03 6.423103623092174530e-03
2.568495925515890121e-03 6.664161104708909988e-03
2.437725896015763283e-03 6.938750855624675751e-03
2.350235357880592346e-03 6.597857456654310226e-03
2.267839154228568077e-03 6.779402028769254684e-03
2.109906636178493500e-03 6.683309096843004227e-03
2.193250460550189018e-03 6.335370242595672607e-03
2.441655145958065987e-03 6.192900706082582474e-03
2.305651316419243813e-03 6.508228834718465805e-03
2.213232452049851418e-03 6.343887187540531158e-03
2.302528358995914459e-03 6.841521244496107101e-03
2.880289219319820404e-03 6.156500894576311111e-03
2.299092477187514305e-03 6.327874492853879929e-03
2.554661594331264496e-03 6.509841885417699814e-03
2.182606840506196022e-03 6.677789613604545593e-03
2.505515236407518387e-03 6.753596477210521698e-03
3.093240084126591682e-03 6.940466351807117462e-03
2.543582115322351456e-03 6.434290204197168350e-03
2.479493385180830956e-03 6.720742210745811462e-03
2.766485791653394699e-03 6.159261334687471390e-03
2.060775877907872200e-03 6.591158919036388397e-03
2.259957836940884590e-03 7.062456570565700531e-03
2.684801351279020309e-03 6.261012516915798187e-03
2.379461191594600677e-03 7.406467571854591370e-03
2.314358949661254883e-03 6.475450005382299423e-03
1.982262125238776207e-03 6.288447882980108261e-03
2.068225294351577759e-03 6.339061073958873749e-03
2.515763742849230766e-03 6.578945089131593704e-03
1.929883961565792561e-03 6.450490560382604599e-03
3.344919066876173019e-03 6.431016605347394943e-03
2.437315648421645164e-03 6.558713968843221664e-03
2.115034265443682671e-03 7.333255838602781296e-03
2.642562845721840858e-03 6.689148955047130585e-03
2.567836781963706017e-03 6.476508919149637222e-03
2.071714494377374649e-03 6.320109590888023376e-03
2.125374507158994675e-03 6.430069915950298309e-03
2.317416714504361153e-03 6.544049363583326340e-03
1.988046802580356598e-03 6.130137015134096146e-03
2.349751768633723259e-03 6.825482007116079330e-03
2.415132708847522736e-03 6.749722175300121307e-03
2.162391087040305138e-03 6.361591164022684097e-03
2.393689937889575958e-03 6.397415883839130402e-03
2.577762585133314133e-03 6.750872358679771423e-03
2.585211535915732384e-03 5.994841922074556351e-03
2.178443362936377525e-03 6.583892274647951126e-03
2.591033000499010086e-03 6.207978352904319763e-03
2.843387192115187645e-03 6.773679982870817184e-03
2.495354507118463516e-03 6.446326617151498795e-03
2.630796050652861595e-03 6.381556391716003418e-03
2.109901746734976768e-03 6.151788402348756790e-03
1.993101788684725761e-03 6.272748112678527832e-03
2.178239170461893082e-03 6.596992723643779755e-03
2.870106603950262070e-03 6.216974928975105286e-03
2.282016212120652199e-03 6.836524698883295059e-03
2.166032092645764351e-03 6.595382466912269592e-03
2.222137758508324623e-03 6.112994160503149033e-03
2.075697528198361397e-03 6.702060811221599579e-03
2.146929502487182617e-03 6.406221538782119751e-03
2.404585946351289749e-03 6.450983695685863495e-03
2.270506927743554115e-03 6.773185916244983673e-03
2.263267291709780693e-03 6.248824764043092728e-03
1.896145055070519447e-03 6.847310811281204224e-03
2.020695013925433159e-03 6.713326089084148407e-03
3.205190878361463547e-03 7.101612165570259094e-03
2.005336340516805649e-03 6.181804928928613663e-03
2.299796557053923607e-03 6.150064524263143539e-03
2.274727448821067810e-03 6.294962950050830841e-03
2.315593650564551353e-03 6.384894251823425293e-03
2.248510718345642090e-03 5.858961958438158035e-03
2.009440213441848755e-03 6.141551770269870758e-03
2.423568861559033394e-03 6.127958185970783234e-03
1.997213345021009445e-03 6.868159864097833633e-03
2.441802527755498886e-03 6.237285211682319641e-03
2.715748036280274391e-03 6.839642301201820374e-03
3.004978876560926437e-03 7.920536212623119354e-03
2.356599085032939911e-03 6.416326388716697693e-03
2.206845674663782120e-03 6.131339818239212036e-03
1.963848946616053581e-03 6.811230909079313278e-03
2.078481949865818024e-03 6.011188030242919922e-03
2.102110069245100021e-03 6.221626885235309601e-03
2.519409870728850365e-03 6.274552084505558014e-03
2.592542208731174469e-03 7.331131957471370697e-03
2.315947785973548889e-03 6.918504368513822556e-03
2.114364877343177795e-03 5.946984048932790756e-03
2.546878764405846596e-03 7.244779262691736221e-03
2.391403308138251305e-03 6.199188530445098877e-03
2.013409743085503578e-03 6.066260859370231628e-03
1.931777689605951309e-03 6.423821672797203064e-03
2.033723518252372742e-03 6.207145750522613525e-03
1.952169230207800865e-03 6.365048699080944061e-03
1.997813815250992775e-03 6.394764408469200134e-03
2.264771843329071999e-03 6.836723536252975464e-03
2.558332402259111404e-03 7.820338942110538483e-03
2.600938547402620316e-03 6.328590679913759232e-03
2.148002851754426956e-03 6.163159850984811783e-03
2.544561633840203285e-03 6.407901644706726074e-03
2.153252018615603447e-03 6.259094458073377609e-03
2.202812349423766136e-03 6.085461005568504333e-03
2.060820814222097397e-03 6.412134505808353424e-03
2.339712576940655708e-03 6.902097258716821671e-03
2.667790977284312248e-03 6.344640627503395081e-03
2.013990888372063637e-03 7.030671462416648865e-03
2.195044886320829391e-03 6.493377964943647385e-03
2.903144573792815208e-03 6.157787051051855087e-03
2.071252325549721718e-03 5.990808364003896713e-03
1.996052684262394905e-03 6.247031502425670624e-03
2.161839511245489120e-03 6.382428109645843506e-03
2.119721146300435066e-03 6.413851398974657059e-03
2.531672827899456024e-03 6.270894780755043030e-03
2.361154649406671524e-03 6.405163556337356567e-03
2.381853293627500534e-03 6.285142619162797928e-03
2.339483937248587608e-03 6.389102898538112640e-03
2.668482949957251549e-03 6.566100753843784332e-03
2.037500962615013123e-03 6.055614445358514786e-03
2.099205506965517998e-03 6.028339266777038574e-03
2.049845643341541290e-03 6.792742293328046799e-03
2.325667534023523331e-03 6.253608036786317825e-03
2.697965595871210098e-03 6.142582278698682785e-03
1.921822433359920979e-03 6.938710808753967285e-03
2.051667077466845512e-03 5.967773497104644775e-03
2.140847500413656235e-03 6.417017895728349686e-03
2.351224189624190331e-03 7.400325965136289597e-03
2.034589182585477829e-03 6.371006369590759277e-03
2.266284776851534843e-03 6.736211944371461868e-03
2.173502463847398758e-03 6.023855414241552353e-03
2.587148919701576233e-03 6.586651783436536789e-03
2.234763232991099358e-03 6.516923662275075912e-03
2.095856936648488045e-03 6.691039539873600006e-03
2.197274239733815193e-03 6.094736047089099884e-03
2.106964820995926857e-03 6.006613373756408691e-03
1.968169817700982094e-03 6.113104522228240967e-03
1.961028901860117912e-03 6.307234987616539001e-03
2.281435532495379448e-03 6.628774572163820267e-03
2.539147855713963509e-03 6.195231340825557709e-03
2.218090929090976715e-03 6.804936099797487259e-03
2.089271089062094688e-03 6.738197989761829376e-03
1.787998480722308159e-03 6.151531822979450226e-03
1.875638379715383053e-03 5.942366085946559906e-03
2.180121140554547310e-03 6.291344761848449707e-03
2.053939038887619972e-03 6.127990316599607468e-03
2.396885538473725319e-03 7.091916631907224655e-03
2.769738435745239258e-03 6.341549102216959000e-03
2.088349545374512672e-03 6.522129755467176437e-03
1.961171394214034081e-03 7.001780439168214798e-03
2.303574467077851295e-03 8.163323625922203064e-03
3.207902889698743820e-03 6.317272782325744629e-03
2.133347326889634132e-03 6.136559881269931793e-03
2.246774267405271530e-03 6.520592141896486282e-03
1.927564968355000019e-03 6.434415001422166824e-03
2.046473091468214989e-03 6.595356855541467667e-03
1.986049581319093704e-03 6.189736537635326385e-03
1.970055513083934784e-03 6.699894089251756668e-03
2.048113849014043808e-03 7.152006495743989944e-03
2.866447437554597855e-03 6.151101086288690567e-03
2.029285533353686333e-03 6.239863112568855286e-03
1.854904578067362309e-03 6.347860675305128098e-03
2.025403315201401711e-03 6.283996626734733582e-03
2.107994630932807922e-03 6.148021202534437180e-03
1.857451978139579296e-03 6.269682198762893677e-03
1.927524339407682419e-03 5.952408537268638611e-03
2.034658333286643028e-03 5.984185729175806046e-03
1.971702789887785912e-03 5.879146978259086609e-03
3.474648343399167061e-03 7.200303021818399429e-03
2.721434226259589195e-03 7.532432209700345993e-03
2.109654713422060013e-03 6.093660369515419006e-03
2.247855532914400101e-03 6.009213626384735107e-03
1.817723852582275867e-03 6.145918276160955429e-03
1.900807605125010014e-03 6.606437265872955322e-03
2.189052058383822441e-03 6.084911525249481201e-03
