7.784516783431172371e-04 1.635133288800716400e-03
6.826448952779173851e-04 1.685419119894504547e-03
5.573089583776891232e-04 1.643824740312993526e-03
5.301939672790467739e-04 1.639843336306512356e-03
5.339044146239757538e-04 1.627921243198215961e-03
4.953982424922287464e-04 1.615847111679613590e-03
5.409649456851184368e-04 1.624218188226222992e-03
5.350318970158696175e-04 1.602196600288152695e-03
5.358221242204308510e-04 1.574928406625986099e-03
5.221453611738979816e-04 1.588688348419964314e-03
5.345372483134269714e-04 1.794683514162898064e-03
5.792616284452378750e-04 1.621400471776723862e-03
6.551726837642490864e-04 1.662050723098218441e-03
5.412388709373772144e-04 1.722166314721107483e-03
5.485676811076700687e-04 1.591507461853325367e-03
4.985870909877121449e-04 1.676889834925532341e-03
4.960775841027498245e-04 1.597786904312670231e-03
5.505537847056984901e-04 1.691597281023859978e-03
5.721548222936689854e-04 1.627397025004029274e-03
5.046418518759310246e-04 1.588566461578011513e-03
5.134189268574118614e-04 1.586215686984360218e-03
5.012156907469034195e-04 1.618803944438695908e-03
5.266446969471871853e-04 1.586404163390398026e-03
5.588271305896341801e-04 1.597894588485360146e-03
4.935649922117590904e-04 1.685639377683401108e-03
6.280710222199559212e-04 1.635604654438793659e-03
6.045788759365677834e-04 1.602741307578980923e-03
5.233169067651033401e-04 1.590660191141068935e-03
5.627287901006639004e-04 1.597547787241637707e-03
6.768654566258192062e-04 1.636552624404430389e-03
5.301880883052945137e-04 1.572777400724589825e-03
6.129087414592504501e-04 1.583730219863355160e-03
6.511255633085966110e-04 1.609559170901775360e-03
6.422849255613982677e-04 1.594522967934608459e-03
6.447201594710350037e-04 1.594770583324134350e-03
5.257483571767807007e-04 1.629260601475834846e-03
5.511411582119762897e-04 1.603427692316472530e-03
4.870845295954495668e-04 1.600555144250392914e-03
5.086414166726171970e-04 1.592099317349493504e-03
5.232860567048192024e-04 1.586835249327123165e-03
5.412005120888352394e-04 1.639009336940944195e-03
5.738302716054022312e-04 1.753311604261398315e-03
6.336474325507879257e-04 1.614514272660017014e-03
6.111299735493957996e-04 1.715728431008756161e-03
6.163078942336142063e-04 1.612430321983993053e-03
5.514323711395263672e-04 1.618431531824171543e-03
5.206474452279508114e-04 1.669703167863190174e-03
5.509834154509007931e-04 1.691464334726333618e-03
6.416526157408952713e-04 1.793209114111959934e-03
7.703744922764599323e-04 1.649435260333120823e-03
6.373415235430002213e-04 1.902768970467150211e-03
8.396419580094516277e-04 1.836864743381738663e-03
7.646834128536283970e-04 1.688544522039592266e-03
5.706111551262438297e-04 1.592173706740140915e-03
5.119050620123744011e-04 1.600692514330148697e-03
5.143891903571784496e-04 1.614184700883924961e-03
5.690241814590990543e-04 1.664527691900730133e-03
6.201843498274683952e-04 1.726355520077049732e-03
9.271578164771199226e-04 1.757969497703015804e-03
6.706740823574364185e-04 1.591518404893577099e-03
5.425427225418388844e-04 1.572487410157918930e-03
4.999542725272476673e-04 1.580401323735713959e-03
5.235493299551308155e-04 1.610944047570228577e-03
6.930630188435316086e-04 1.574125839397311211e-03
8.598053245805203915e-04 1.790740527212619781e-03
7.571837049908936024e-04 1.651520724408328533e-03
6.348323076963424683e-04 1.677716150879859924e-03
5.607256898656487465e-04 1.626200391910970211e-03
6.111840484663844109e-04 1.692454563453793526e-03
5.547086475417017937e-04 1.584525802172720432e-03
5.365116521716117859e-04 1.690155244432389736e-03
6.244703545235097408e-04 1.595157315023243427e-03
5.389202851802110672e-04 1.595185720361769199e-03
5.761234206147491932e-04 1.637714682146906853e-03
5.448695737868547440e-04 1.596830552443861961e-03
6.192200235091149807e-04 1.606249599717557430e-03
5.599195137619972229e-04 1.587909180670976639e-03
8.325619273819029331e-04 1.762175117619335651e-03
6.028544157743453979e-04 1.608559745363891125e-03
5.477339727804064751e-04 1.585975871421396732e-03
5.171340308152139187e-04 1.607705489732325077e-03
6.755558424629271030e-04 1.655106898397207260e-03
7.870452827773988247e-04 1.730228308588266373e-03
6.156412418931722641e-04 1.605906640179455280e-03
5.876084906049072742e-04 1.708816038444638252e-03
5.935340304858982563e-04 1.630350947380065918e-03
5.368271376937627792e-04 1.752802520059049129e-03
6.948212976567447186e-04 1.619944814592599869e-03
5.649328813888132572e-04 1.594110275618731976e-03
6.166629027575254440e-04 1.596257905475795269e-03
7.924141827970743179e-04 1.590179163031280041e-03
5.568052874878048897e-04 1.620899420231580734e-03
6.649106508120894432e-04 1.700772205367684364e-03
5.384860560297966003e-04 1.625863951630890369e-03
6.323818815872073174e-04 1.821318524889647961e-03
6.180536583997309208e-04 1.662023481912910938e-03
6.016932311467826366e-04 1.791057409718632698e-03
6.013388046994805336e-04 1.724980073049664497e-03
7.382094627246260643e-04 1.742826309055089951e-03
5.924551514908671379e-04 1.615794259123504162e-03
6.658128695562481880e-04 1.654624589718878269e-03
6.594003061763942242e-04 1.645747805014252663e-03
7.619336247444152832e-04 1.773980678990483284e-03
6.937716971151530743e-04 1.621438888832926750e-03
5.735761369578540325e-04 1.620381837710738182e-03
5.245918873697519302e-04 1.645546522922813892e-03
5.898673553019762039e-04 1.720533357001841068e-03
5.759340710937976837e-04 1.597681781277060509e-03
5.598764983005821705e-04 1.794166979379951954e-03
7.503533270210027695e-04 1.706669689156115055e-03
6.827612523920834064e-04 1.585863181389868259e-03
5.590181681327521801e-04 1.760146464221179485e-03
5.986662581562995911e-04 1.601115218363702297e-03
5.415730411186814308e-04 1.600541290827095509e-03
5.565184983424842358e-04 1.624181284569203854e-03
4.829892131965607405e-04 1.578890252858400345e-03
7.298658019863069057e-04 1.709630480036139488e-03
6.631121505051851273e-04 1.589293708093464375e-03
5.416116327978670597e-04 1.659021014347672462e-03
6.996961892582476139e-04 1.625247998163104057e-03
5.674143321812152863e-04 1.605936442501842976e-03
6.068091024644672871e-04 1.579761854372918606e-03
7.325200713239610195e-04 1.744054723531007767e-03
6.050091469660401344e-04 1.590527943335473537e-03
6.550631951540708542e-04 1.770037808455526829e-03
7.783111650496721268e-04 1.600747578777372837e-03
5.175796104595065117e-04 1.613137195818126202e-03
6.581013440154492855e-04 1.751923584379255772e-03
7.256638491526246071e-04 1.714656711556017399e-03
5.765919340774416924e-04 1.655226107686758041e-03
5.282891215756535530e-04 1.569222076795995235e-03
