5.446543544530868530e-02
2.329595200717449188e-02
2.095483988523483276e-02
1.988185755908489227e-02
1.968202926218509674e-02
1.944600418210029602e-02
1.918529160320758820e-02
1.909774728119373322e-02
1.901070401072502136e-02
1.897774823009967804e-02
1.899929344654083252e-02
1.877937093377113342e-02
1.906569860875606537e-02
1.878057420253753662e-02
1.883797906339168549e-02
1.885219477117061615e-02
1.872835308313369751e-02
1.880328729748725891e-02
1.882574893534183502e-02
1.873269118368625641e-02
1.874609291553497314e-02
1.864220201969146729e-02
1.871160976588726044e-02
1.857168972492218018e-02
