1.385070383548736572e-03 2.085131593048572540e-03
1.308367587625980377e-03 2.143196528777480125e-03
1.339575857855379581e-03 2.163016004487872124e-03
1.398353255353868008e-03 2.226385986432433128e-03
1.375565654598176479e-03 1.971438992768526077e-03
1.346087083220481873e-03 2.118818461894989014e-03
1.500774407759308815e-03 2.126457169651985168e-03
1.390601508319377899e-03 1.897070906125009060e-03
1.307407510466873646e-03 2.063750522211194038e-03
1.327785779722034931e-03 2.080981619656085968e-03
1.341902534477412701e-03 1.969749107956886292e-03
1.355866668745875359e-03 2.213794970884919167e-03
1.331770909018814564e-03 1.856626244261860847e-03
1.383336610160768032e-03 2.219634130597114563e-03
1.362300477921962738e-03 2.389730885624885559e-03
1.460145460441708565e-03 2.072513801977038383e-03
1.490761176683008671e-03 2.028062706813216209e-03
1.323289237916469574e-03 2.102627651765942574e-03
1.396747189573943615e-03 2.104748738929629326e-03
1.421147375367581844e-03 1.902267104014754295e-03
1.440886058844625950e-03 2.255205763503909111e-03
1.446024980396032333e-03 1.842330908402800560e-03
1.413274323567748070e-03 1.943536801263689995e-03
1.362592796795070171e-03 2.008710755035281181e-03
1.314220251515507698e-03 1.865443657152354717e-03
1.379007822833955288e-03 1.955349696800112724e-03
1.435308018699288368e-03 1.829285291023552418e-03
1.415389473550021648e-03 1.988566480576992035e-03
1.387679250910878181e-03 1.815521856769919395e-03
1.382240909151732922e-03 1.898751710541546345e-03
1.353282481431961060e-03 2.023461274802684784e-03
1.350471400655806065e-03 1.804634928703308105e-03
1.349733560346066952e-03 1.898674643598496914e-03
1.375749940052628517e-03 2.005882095545530319e-03
1.331198262050747871e-03 1.791309216059744358e-03
1.327919540926814079e-03 1.939162844792008400e-03
1.451696618460118771e-03 2.401877660304307938e-03
1.490618218667805195e-03 1.854944042861461639e-03
1.438134117051959038e-03 1.905227196402847767e-03
1.422640867531299591e-03 2.251127036288380623e-03
1.410588040016591549e-03 1.856883987784385681e-03
1.379095134325325489e-03 2.133004600182175636e-03
1.467319554649293423e-03 1.993034267798066139e-03
1.328333164565265179e-03 2.044298220425844193e-03
1.427986542694270611e-03 1.922730007208883762e-03
1.329336781054735184e-03 1.877040718682110310e-03
1.579073257744312286e-03 2.240115078166127205e-03
1.571576925925910473e-03 1.730164512991905212e-03
1.370770623907446861e-03 1.758011174388229847e-03
1.417724066413938999e-03 1.914237393066287041e-03
1.393462298437952995e-03 2.003401052206754684e-03
1.537952804937958717e-03 1.950526726432144642e-03
1.448331982828676701e-03 1.834176713600754738e-03
1.386124524287879467e-03 2.001557033509016037e-03
1.382275950163602829e-03 1.821418176405131817e-03
1.428418327122926712e-03 2.425611484795808792e-03
1.531807705760002136e-03 2.003268338739871979e-03
1.428865012712776661e-03 1.887663151137530804e-03
1.364250085316598415e-03 2.089953515678644180e-03
1.452822471037507057e-03 1.960830297321081161e-03
1.346634118817746639e-03 2.107784617692232132e-03
1.345421886071562767e-03 1.746793161146342754e-03
1.385733135975897312e-03 1.974601997062563896e-03
1.355767133645713329e-03 1.988341100513935089e-03
1.360586960799992085e-03 2.002279041334986687e-03
1.641604001633822918e-03 1.797297620214521885e-03
1.622660085558891296e-03 1.855270355008542538e-03
1.362274517305195332e-03 2.300352323800325394e-03
1.387037103995680809e-03 2.118650823831558228e-03
1.376890111714601517e-03 2.023392124101519585e-03
1.340587972663342953e-03 2.187678590416908264e-03
1.470860326662659645e-03 2.030767034739255905e-03
1.521400758065283298e-03 2.186849946156144142e-03
1.443465123884379864e-03 1.865431433543562889e-03
1.320260576903820038e-03 2.082591876387596130e-03
1.436240156181156635e-03 1.922175753861665726e-03
1.452838303521275520e-03 2.152865985408425331e-03
1.374474377371370792e-03 1.818437594920396805e-03
1.370916492305696011e-03 2.031971467658877373e-03
1.346745528280735016e-03 1.810783403925597668e-03
1.343533047474920750e-03 2.248738659545779228e-03
1.342681935057044029e-03 1.913566142320632935e-03
1.380428788252174854e-03 2.078432356938719749e-03
1.456626690924167633e-03 2.280815038830041885e-03
1.351290498860180378e-03 2.261754358187317848e-03
1.592602347955107689e-03 1.790988026186823845e-03
1.378166023641824722e-03 2.116970252245664597e-03
1.426452654413878918e-03 1.730453921481966972e-03
1.331889303401112556e-03 1.898664748296141624e-03
1.419403590261936188e-03 2.235287101939320564e-03
1.448479713872075081e-03 1.852452405728399754e-03
1.366434386000037193e-03 2.130422974005341530e-03
1.305278274230659008e-03 2.019031671807169914e-03
1.492648269049823284e-03 2.507628407329320908e-03
1.520458259619772434e-03 1.962142065167427063e-03
1.399537664838135242e-03 1.838427968323230743e-03
1.398042193613946438e-03 1.988029573112726212e-03
1.325026736594736576e-03 1.971893012523651123e-03
1.326456200331449509e-03 1.937899272888898849e-03
1.523739192634820938e-03 2.219858113676309586e-03
1.321286079473793507e-03 2.181700663641095161e-03
1.482970314100384712e-03 2.260745735839009285e-03
1.621749368496239185e-03 2.234732499346137047e-03
1.446947804652154446e-03 2.009431598708033562e-03
1.381727517582476139e-03 2.091704169288277626e-03
1.430774340406060219e-03 2.110831672325730324e-03
1.365387695841491222e-03 2.035622484982013702e-03
1.511350856162607670e-03 2.674403600394725800e-03
1.892440835945308208e-03 2.979988697916269302e-03
1.644378760829567909e-03 1.906168297864496708e-03
1.318555558100342751e-03 1.827307511121034622e-03
1.337531139142811298e-03 1.921840710565447807e-03
1.329376595094799995e-03 1.929790130816400051e-03
1.406814553774893284e-03 2.034091856330633163e-03
1.394203165546059608e-03 1.980043947696685791e-03
1.321804011240601540e-03 1.887289341539144516e-03
1.347370911389589310e-03 1.870872220024466515e-03
1.445734174922108650e-03 2.434394787997007370e-03
1.556162256747484207e-03 2.071929629892110825e-03
1.482050167396664619e-03 2.158264396712183952e-03
1.389367971569299698e-03 1.957862637937068939e-03
1.382727292366325855e-03 1.874538138508796692e-03
1.446661539375782013e-03 2.076064702123403549e-03
1.387036521919071674e-03 2.355108968913555145e-03
1.418058527633547783e-03 2.136711031198501587e-03
1.352974912151694298e-03 2.143546706065535545e-03
1.440469524823129177e-03 1.876272144727408886e-03
1.401375513523817062e-03 2.199629321694374084e-03
1.530683482997119427e-03 1.790379988960921764e-03
1.346542150713503361e-03 1.909630256704986095e-03
1.335196313448250294e-03 2.033400582149624825e-03
1.366934855468571186e-03 2.115880837664008141e-03
1.383065246045589447e-03 2.292986493557691574e-03
1.425980939529836178e-03 1.934167114086449146e-03
1.359727000817656517e-03 2.042069798335433006e-03
1.351040671579539776e-03 1.772124785929918289e-03
1.369934412650763988e-03 1.977763837203383446e-03
1.368429278954863548e-03 1.837411546148359776e-03
1.427959767170250416e-03 1.878574374131858349e-03
1.341080758720636368e-03 2.501177368685603142e-03
1.651740632951259613e-03 2.057520905509591103e-03
1.403710804879665375e-03 2.441858407109975815e-03
1.430129981599748135e-03 2.226499142125248909e-03
1.522009843029081821e-03 2.061628503724932671e-03
1.435869955457746983e-03 2.026784466579556465e-03
1.330301514826714993e-03 2.018013037741184235e-03
1.506009721197187901e-03 1.892875297926366329e-03
1.330552622675895691e-03 2.131832530722022057e-03
1.321924151852726936e-03 1.946143107488751411e-03
1.365158124826848507e-03 2.043354092165827751e-03
1.360488473437726498e-03 2.078658668324351311e-03
1.305081183090806007e-03 1.894682878628373146e-03
1.306736725382506847e-03 1.927418517880141735e-03
1.369483885355293751e-03 2.075534546747803688e-03
1.350636826828122139e-03 2.082070335745811462e-03
1.712716999463737011e-03 2.306644106283783913e-03
1.600096584297716618e-03 2.189666032791137695e-03
1.355901011265814304e-03 2.140792319551110268e-03
1.343379030004143715e-03 2.132903784513473511e-03
1.442402251996099949e-03 2.031804993748664856e-03
1.404769602231681347e-03 1.894704648293554783e-03
1.649131649173796177e-03 1.775405835360288620e-03
1.467663212679326534e-03 2.076815813779830933e-03
1.358225708827376366e-03 1.760119455866515636e-03
1.356190885417163372e-03 2.475193236023187637e-03
1.456717029213905334e-03 1.831147936172783375e-03
1.368972356431186199e-03 1.940252492204308510e-03
1.377262291498482227e-03 1.837657648138701916e-03
1.458661281503736973e-03 2.053687814623117447e-03
1.459094462916254997e-03 1.842214143835008144e-03
1.340705552138388157e-03 2.336719306185841560e-03
1.376229338347911835e-03 1.911982428282499313e-03
1.438668696209788322e-03 2.183490199968218803e-03
1.385160954669117928e-03 1.868233666755259037e-03
1.344018732197582722e-03 1.959313172847032547e-03
1.391557627357542515e-03 2.396694617345929146e-03
1.411606906913220882e-03 1.776298973709344864e-03
1.372836879454553127e-03 2.445758553221821785e-03
1.675077364780008793e-03 1.952006365172564983e-03
1.489948946982622147e-03 2.448986284434795380e-03
1.401211135089397430e-03 2.252243459224700928e-03
1.352720428258180618e-03 2.031490672379732132e-03
1.352616120129823685e-03 1.903980853967368603e-03
1.391295343637466431e-03 2.310688374564051628e-03
1.512808143161237240e-03 2.077313140034675598e-03
1.530300360172986984e-03 2.236981876194477081e-03
1.329179038293659687e-03 2.612794050946831703e-03
1.404235023073852062e-03 1.816243631765246391e-03
