3.653859312180429697e-05 1.059808209538459778e-02
3.692392056109383702e-05 1.059939060360193253e-02
4.106770575162954628e-05 1.059873774647712708e-02
2.288807809236459434e-05 1.059854961931705475e-02
2.688253698579501361e-05 1.059860736131668091e-02
2.609841976664029062e-05 1.059742271900177002e-02
1.847901694418396801e-05 1.059989724308252335e-02
1.986498318728990853e-05 1.059874240309000015e-02
1.849625004979316145e-05 1.060025766491889954e-02
2.977162512252107263e-05 1.059972587972879410e-02
2.256209336337633431e-05 1.059900876134634018e-02
1.933066232595592737e-05 1.059882622212171555e-02
1.480204173276433721e-05 1.059915032237768173e-02
1.280400647374335676e-05 1.059979666024446487e-02
1.645722841203678399e-05 1.059809327125549316e-02
1.916624205478001386e-05 1.060110144317150116e-02
3.913022010237909853e-05 1.060056500136852264e-02
2.159386895073112100e-05 1.060057617723941803e-02
1.565368802403099835e-05 1.060205884277820587e-02
1.612377491255756468e-05 1.060082577168941498e-02
1.604842873348388821e-05 1.060101017355918884e-02
1.726376649457961321e-05 1.060091983526945114e-02
1.168857579614268616e-05 1.060016080737113953e-02
1.014250210573663935e-05 1.060069352388381958e-02
1.162048647529445589e-05 1.059857010841369629e-02
9.922455319610890001e-06 1.059848349541425705e-02
8.955072189564816654e-06 1.060085091739892960e-02
1.455669917049817741e-05 1.059978175908327103e-02
9.503680303168948740e-06 1.059994846582412720e-02
7.330494554480537772e-06 1.060117874294519424e-02
8.265463293355423957e-06 1.059986185282468796e-02
1.058222642313921824e-05 1.060027629137039185e-02
9.431769285583868623e-06 1.059947069734334946e-02
1.006189540930790827e-05 1.060015987604856491e-02
1.512096241640392691e-05 1.060139667242765427e-02
9.774706086318474263e-06 1.060052774846553802e-02
7.534500582551117986e-06 1.060059666633605957e-02
1.962216447282116860e-05 1.060062926262617111e-02
1.369781330140540376e-05 1.059865951538085938e-02
1.825273102440405637e-05 1.060034614056348801e-02
3.139513501082547009e-05 1.060006394982337952e-02
1.668612821958959103e-05 1.059980411082506180e-02
1.549217631691135466e-05 1.060158666223287582e-02
3.146502785966731608e-05 1.060078106820583344e-02
2.650309943419415504e-05 1.059916336089372635e-02
2.769356251519639045e-05 1.059959363192319870e-02
2.120622775692027062e-05 1.060207840055227280e-02
2.927336572611238807e-05 1.059976406395435333e-02
1.503041585237951949e-05 1.059723086655139923e-02
1.942173548741266131e-05 1.059946883469820023e-02
1.978320324269589037e-05 1.059885136783123016e-02
3.607055623433552682e-05 1.059661339968442917e-02
2.686048173927702010e-05 1.059938035905361176e-02
1.721760781947523355e-05 1.060032285749912262e-02
1.312068252445897087e-05 1.059744134545326233e-02
1.369199344480875880e-05 1.059764530509710312e-02
1.650161539146210998e-05 1.059977337718009949e-02
2.613079959701281041e-05 1.059737149626016617e-02
2.995173781528137624e-05 1.059655938297510147e-02
2.356555523874703795e-05 1.059978641569614410e-02
1.559387237648479640e-05 1.059977337718009949e-02
1.326138499280204996e-05 1.060029212385416031e-02
3.133119753329083323e-05 1.060237176716327667e-02
6.305040733423084021e-05 1.059975940734148026e-02
3.933570042136125267e-05 1.060029864311218262e-02
1.307819475186988711e-04 1.059191115200519562e-02
7.548440771643072367e-05 1.059847511351108551e-02
1.394646242260932922e-04 1.060642302036285400e-02
2.362357336096465588e-04 1.062841434031724930e-02
2.953845541924238205e-04 1.060928311198949814e-02
1.323884935118257999e-04 1.058274134993553162e-02
1.251326029887422919e-04 1.058095321059226990e-02
1.435291924281045794e-04 1.058915350586175919e-02
3.599122283048927784e-04 1.059796661138534546e-02
7.290560170076787472e-04 1.059517078101634979e-02
5.323928780853748322e-04 1.065928116440773010e-02
5.948551697656512260e-04 1.060830894857645035e-02
9.954177075996994972e-04 1.056567672640085220e-02
4.142122343182563782e-04 1.059762481600046158e-02
4.195526707917451859e-04 1.061751972883939743e-02
4.012528224848210812e-04 1.060973666608333588e-02
3.853689122479408979e-04 1.061919890344142914e-02
4.221673589199781418e-04 1.073500514030456543e-02
6.654078606516122818e-04 1.063165068626403809e-02
6.949650705792009830e-04 1.059552095830440521e-02
5.568915512412786484e-04 1.053271070122718811e-02
4.540186782833188772e-04 1.054210681468248367e-02
3.015813417732715607e-04 1.061047241091728210e-02
3.441270673647522926e-04 1.059291232377290726e-02
3.208012785762548447e-04 1.060683932155370712e-02
3.477982827462255955e-04 1.057235989719629288e-02
3.848979540634900331e-04 1.060855761170387268e-02
4.015268641524016857e-04 1.057704631239175797e-02
4.850966215599328279e-04 1.058793067932128906e-02
3.922421019524335861e-04 1.059549674391746521e-02
2.532079815864562988e-04 1.058833580464124680e-02
3.084031923208385706e-04 1.058006100356578827e-02
2.342977531952783465e-04 1.060896459966897964e-02
2.689762040972709656e-04 1.058249454945325851e-02
2.433232730254530907e-04 1.059714239090681076e-02
1.801928592612966895e-04 1.060922909528017044e-02
1.749864895828068256e-04 1.055851019918918610e-02
1.532086607767269015e-04 1.058804336935281754e-02
1.274596434086561203e-04 1.059948652982711792e-02
1.819539465941488743e-04 1.059084292501211166e-02
1.367780496366322041e-04 1.059673354029655457e-02
1.307526254095137119e-04 1.061071734875440598e-02
1.516257616458460689e-04 1.061271782964468002e-02
1.380215253448113799e-04 1.059015467762947083e-02
1.278229901799932122e-04 1.060870662331581116e-02
2.352083101868629456e-04 1.059290114790201187e-02
1.605995930731296539e-04 1.060819905251264572e-02
1.509634021203964949e-04 1.059440337121486664e-02
1.204271902679465711e-04 1.060255151242017746e-02
1.228626642841845751e-04 1.061363611370325089e-02
1.061181610566563904e-04 1.058548968285322189e-02
1.079637659131549299e-04 1.059539150446653366e-02
1.285810867557302117e-04 1.059462502598762512e-02
1.605987054063007236e-04 1.060645375400781631e-02
1.769170485204085708e-04 1.060075312852859497e-02
1.320790615864098072e-04 1.060458831489086151e-02
1.319140428677201271e-04 1.061526313424110413e-02
9.665414108894765377e-05 1.061115134507417679e-02
8.431902824668213725e-05 1.060853339731693268e-02
9.764204878592863679e-05 1.059526763856410980e-02
1.540450175525620580e-04 1.060235779732465744e-02
9.034076356329023838e-05 1.060865167528390884e-02
7.955947512527927756e-05 1.059940923005342484e-02
6.559790926985442638e-05 1.059077586978673935e-02
6.983047205721959472e-05 1.059334725141525269e-02
5.719691398553550243e-05 1.060040201991796494e-02
4.603417619364336133e-05 1.059529464691877365e-02
4.358894511824473739e-05 1.059819944202899933e-02
6.008589843986555934e-05 1.059869676828384399e-02
5.214699922362342477e-05 1.060341112315654755e-02
6.635881436523050070e-05 1.059976033866405487e-02
5.740377673646435142e-05 1.059237308800220490e-02
7.001920312177389860e-05 1.060327980667352676e-02
8.319500921061262488e-05 1.059357542544603348e-02
7.311759691219776869e-05 1.059430278837680817e-02
4.965950574842281640e-05 1.059871073812246323e-02
4.738355346489697695e-05 1.059938408434391022e-02
4.881199492956511676e-05 1.059725228697061539e-02
4.944750617141835392e-05 1.060272753238677979e-02
5.148659693077206612e-05 1.059980690479278564e-02
5.277188392938114703e-05 1.060111541301012039e-02
6.202173244673758745e-05 1.059892214834690094e-02
4.020433334517292678e-05 1.060172356665134430e-02
4.005302253062836826e-05 1.060026604682207108e-02
9.330807370133697987e-05 1.060004066675901413e-02
5.084353324491530657e-05 1.060385257005691528e-02
1.111795281758531928e-04 1.060177385807037354e-02
9.195520397042855620e-05 1.059169042855501175e-02
1.671190839260816574e-04 1.060263160616159439e-02
1.462738873669877648e-04 1.061607059091329575e-02
1.365669013466686010e-04 1.059670653194189072e-02
8.829346188576892018e-05 1.059673633426427841e-02
9.859803685685619712e-05 1.059232279658317566e-02
7.555563934147357941e-05 1.058935932815074921e-02
6.897858111187815666e-05 1.059501525014638901e-02
9.205923561239615083e-05 1.059451699256896973e-02
5.152346420800313354e-05 1.059572771191596985e-02
6.086815847083926201e-05 1.059188880026340485e-02
5.929869803367182612e-05 1.060002390295267105e-02
1.097433705581352115e-04 1.059355586767196655e-02
6.575414590770378709e-05 1.059338264167308807e-02
7.052761793602257967e-05 1.059190090745687485e-02
4.996836287318728864e-05 1.059556938707828522e-02
5.279467222862876952e-05 1.060243789106607437e-02
7.137530337786301970e-05 1.059394702315330505e-02
4.837696906179189682e-05 1.060376036912202835e-02
4.719083881354890764e-05 1.060018874704837799e-02
4.999714656150899827e-05 1.059927884489297867e-02
5.099792542750947177e-05 1.059878896921873093e-02
1.189306349260732532e-04 1.060104556381702423e-02
5.781438449048437178e-05 1.059767045080661774e-02
3.931071842089295387e-05 1.059547718614339828e-02
7.816223660483956337e-05 1.060298737138509750e-02
1.559603260830044746e-04 1.059944275766611099e-02
9.575240983394905925e-05 1.058965362608432770e-02
1.653170038480311632e-04 1.059307437390089035e-02
1.183141648652963340e-04 1.059948559850454330e-02
1.532396563561633229e-04 1.058625988662242889e-02
1.086555348592810333e-04 1.059392932802438736e-02
1.815610594348981977e-04 1.060270983725786209e-02
