3.120173950195312500e+02 3.117250671386718750e+02
2.382481079101562500e+02 2.382276916503906250e+02
3.352601928710937500e+02 3.351901855468750000e+02
2.483149566650390625e+02 2.483487701416015625e+02
1.630234680175781250e+02 1.626581268310546875e+02
3.828230895996093750e+02 3.824178466796875000e+02
2.482607421875000000e+02 2.480853118896484375e+02
1.586430511474609375e+02 1.585350799560546875e+02
1.734858245849609375e+02 1.730779113769531250e+02
2.541569824218750000e+02 2.540498352050781250e+02
3.353301391601562500e+02 3.350087280273437500e+02
4.463474426269531250e+02 4.462337951660156250e+02
3.320463562011718750e+02 3.316716918945312500e+02
2.573019104003906250e+02 2.570039672851562500e+02
2.346456756591796875e+02 2.345510711669921875e+02
2.074015350341796875e+02 2.072805786132812500e+02
1.658420104980468750e+02 1.656195068359375000e+02
1.750985260009765625e+02 1.747874298095703125e+02
3.893967895507812500e+02 3.890120239257812500e+02
3.473378601074218750e+02 3.472324218750000000e+02
1.682375640869140625e+02 1.680671539306640625e+02
1.502656860351562500e+02 1.498159484863281250e+02
3.317650756835937500e+02 3.314431457519531250e+02
2.222051849365234375e+02 2.221385803222656250e+02
2.104148712158203125e+02 2.099967193603515625e+02
1.941674499511718750e+02 1.939205322265625000e+02
3.353773803710937500e+02 3.350064392089843750e+02
2.582726135253906250e+02 2.577285156250000000e+02
1.849929504394531250e+02 1.846530151367187500e+02
3.578464355468750000e+02 3.573271789550781250e+02
3.356675720214843750e+02 3.354342956542968750e+02
3.463410034179687500e+02 3.463295898437500000e+02
2.254051818847656250e+02 2.249556579589843750e+02
1.524924468994140625e+02 1.524121856689453125e+02
3.470559082031250000e+02 3.466939392089843750e+02
1.993386383056640625e+02 1.988458557128906250e+02
2.765131835937500000e+02 2.763285522460937500e+02
3.581592102050781250e+02 3.581699829101562500e+02
2.569187622070312500e+02 2.568856506347656250e+02
2.601044311523437500e+02 2.599012756347656250e+02
3.589061279296875000e+02 3.586140441894531250e+02
2.108896636962890625e+02 2.106847839355468750e+02
1.910278625488281250e+02 1.905463104248046875e+02
3.321555786132812500e+02 3.318238220214843750e+02
2.660003662109375000e+02 2.657016601562500000e+02
3.014829406738281250e+02 3.014358825683593750e+02
2.031046752929687500e+02 2.025715332031250000e+02
1.607397613525390625e+02 1.602030334472656250e+02
3.651315002441406250e+02 3.650656738281250000e+02
2.106382141113281250e+02 2.100932312011718750e+02
3.684643249511718750e+02 3.685436706542968750e+02
4.010457153320312500e+02 4.010460510253906250e+02
2.406453399658203125e+02 2.405536804199218750e+02
3.639242858886718750e+02 3.638157653808593750e+02
2.409038238525390625e+02 2.407719116210937500e+02
4.381061401367187500e+02 4.379963684082031250e+02
2.020004119873046875e+02 2.017857513427734375e+02
3.592596740722656250e+02 3.592276916503906250e+02
1.842680969238281250e+02 1.839496459960937500e+02
3.439964904785156250e+02 3.437497253417968750e+02
1.694657592773437500e+02 1.689969940185546875e+02
1.753532257080078125e+02 1.751343078613281250e+02
1.760859069824218750e+02 1.757473449707031250e+02
1.702549438476562500e+02 1.699573516845703125e+02
1.764661254882812500e+02 1.761967773437500000e+02
2.257310791015625000e+02 2.255090637207031250e+02
1.706157379150390625e+02 1.704782867431640625e+02
2.629651184082031250e+02 2.625206604003906250e+02
1.732108764648437500e+02 1.729901123046875000e+02
1.856161041259765625e+02 1.852835083007812500e+02
3.320446472167968750e+02 3.317496337890625000e+02
3.457562866210937500e+02 3.453121643066406250e+02
1.688350372314453125e+02 1.684474334716796875e+02
2.669876403808593750e+02 2.668984680175781250e+02
1.590562591552734375e+02 1.589851837158203125e+02
2.655060729980468750e+02 2.650159301757812500e+02
1.762171173095703125e+02 1.758863983154296875e+02
1.727992553710937500e+02 1.725109863281250000e+02
1.823535308837890625e+02 1.819223785400390625e+02
3.814035949707031250e+02 3.813010253906250000e+02
1.697638549804687500e+02 1.693679351806640625e+02
3.763347167968750000e+02 3.762395935058593750e+02
2.601482238769531250e+02 2.598893127441406250e+02
1.898541564941406250e+02 1.892694396972656250e+02
4.113380432128906250e+02 4.112914733886718750e+02
3.513319702148437500e+02 3.511608276367187500e+02
1.736421966552734375e+02 1.732165222167968750e+02
1.808885955810546875e+02 1.804578094482421875e+02
1.706297760009765625e+02 1.702661285400390625e+02
3.320446777343750000e+02 3.319800415039062500e+02
2.602764282226562500e+02 2.599601745605468750e+02
1.839976806640625000e+02 1.838246002197265625e+02
3.461613464355468750e+02 3.458197021484375000e+02
4.207578125000000000e+02 4.204474487304687500e+02
3.566981506347656250e+02 3.563967895507812500e+02
1.762444305419921875e+02 1.761560668945312500e+02
1.800618133544921875e+02 1.794473419189453125e+02
1.414727478027343750e+02 1.410442962646484375e+02
2.542742767333984375e+02 2.540792846679687500e+02
1.799263305664062500e+02 1.796448974609375000e+02
1.582171630859375000e+02 1.581081390380859375e+02
3.650763854980468750e+02 3.647302551269531250e+02
3.825022583007812500e+02 3.820750122070312500e+02
3.861542663574218750e+02 3.862298583984375000e+02
3.929257202148437500e+02 3.928612365722656250e+02
2.012999572753906250e+02 2.012880249023437500e+02
2.340609436035156250e+02 2.336308288574218750e+02
2.820454711914062500e+02 2.816814270019531250e+02
2.840639648437500000e+02 2.838688964843750000e+02
3.596751403808593750e+02 3.593661193847656250e+02
1.512032012939453125e+02 1.508669128417968750e+02
1.792395477294921875e+02 1.789125823974609375e+02
1.932314300537109375e+02 1.930689086914062500e+02
3.799354553222656250e+02 3.794490051269531250e+02
2.257558746337890625e+02 2.256338500976562500e+02
3.574948730468750000e+02 3.571362609863281250e+02
3.677018737792968750e+02 3.676387023925781250e+02
1.939738769531250000e+02 1.936710968017578125e+02
1.853027496337890625e+02 1.846972351074218750e+02
3.648339538574218750e+02 3.647202758789062500e+02
1.622723999023437500e+02 1.618599243164062500e+02
2.086295013427734375e+02 2.083029479980468750e+02
1.772991180419921875e+02 1.771977844238281250e+02
1.592948608398437500e+02 1.591949768066406250e+02
1.616830291748046875e+02 1.615435485839843750e+02
1.622736663818359375e+02 1.618106994628906250e+02
3.455770874023437500e+02 3.452836303710937500e+02
2.935121459960937500e+02 2.929996948242187500e+02
2.361165771484375000e+02 2.360598144531250000e+02
2.386192169189453125e+02 2.386152648925781250e+02
3.836197814941406250e+02 3.835969543457031250e+02
1.794669494628906250e+02 1.790787506103515625e+02
1.638889007568359375e+02 1.636969146728515625e+02
3.480974426269531250e+02 3.480362854003906250e+02
2.026143646240234375e+02 2.025089263916015625e+02
1.483426208496093750e+02 1.480697021484375000e+02
3.649909362792968750e+02 3.648715820312500000e+02
2.382475585937500000e+02 2.381343841552734375e+02
2.276065368652343750e+02 2.271932678222656250e+02
3.690668640136718750e+02 3.686548461914062500e+02
3.854610595703125000e+02 3.853504638671875000e+02
1.422581634521484375e+02 1.420631561279296875e+02
1.683427429199218750e+02 1.680477447509765625e+02
1.835562133789062500e+02 1.833747558593750000e+02
3.696629028320312500e+02 3.692792358398437500e+02
3.474894714355468750e+02 3.474480895996093750e+02
1.964454498291015625e+02 1.961519165039062500e+02
2.352923736572265625e+02 2.348809814453125000e+02
3.481612548828125000e+02 3.477843627929687500e+02
2.667244873046875000e+02 2.663878173828125000e+02
3.645395812988281250e+02 3.644854736328125000e+02
3.642408142089843750e+02 3.639774475097656250e+02
1.764395599365234375e+02 1.757993469238281250e+02
1.825554046630859375e+02 1.821003723144531250e+02
2.467087860107421875e+02 2.465874786376953125e+02
2.327551116943359375e+02 2.321649322509765625e+02
1.506475677490234375e+02 1.502835540771484375e+02
2.678855895996093750e+02 2.677007751464843750e+02
2.568591918945312500e+02 2.567918701171875000e+02
2.050494537353515625e+02 2.048737792968750000e+02
1.585853881835937500e+02 1.582420501708984375e+02
4.189458312988281250e+02 4.188065490722656250e+02
2.122478027343750000e+02 2.119789733886718750e+02
3.582427673339843750e+02 3.578200683593750000e+02
3.593347167968750000e+02 3.591021118164062500e+02
1.574532928466796875e+02 1.572716217041015625e+02
3.476441650390625000e+02 3.472093505859375000e+02
2.202837066650390625e+02 2.199547882080078125e+02
2.161405639648437500e+02 2.156990356445312500e+02
2.304214477539062500e+02 2.299458923339843750e+02
1.875835113525390625e+02 1.874730529785156250e+02
3.657479553222656250e+02 3.653479003906250000e+02
1.781559753417968750e+02 1.780132293701171875e+02
1.850085449218750000e+02 1.845535888671875000e+02
2.665760803222656250e+02 2.663012084960937500e+02
3.671684265136718750e+02 3.666680908203125000e+02
3.349220886230468750e+02 3.346186828613281250e+02
3.853265380859375000e+02 3.852057800292968750e+02
3.678549194335937500e+02 3.674958496093750000e+02
2.385435333251953125e+02 2.384699249267578125e+02
3.511200561523437500e+02 3.509015808105468750e+02
1.418047332763671875e+02 1.417155303955078125e+02
3.318615112304687500e+02 3.318047180175781250e+02
2.219102172851562500e+02 2.216085357666015625e+02
3.787092895507812500e+02 3.783235473632812500e+02
3.587319335937500000e+02 3.587485656738281250e+02
4.269519958496093750e+02 4.267243957519531250e+02
4.102942199707031250e+02 4.102145385742187500e+02
2.388700714111328125e+02 2.383510894775390625e+02
3.317466430664062500e+02 3.317221069335937500e+02
1.736035003662109375e+02 1.734031677246093750e+02
1.747950286865234375e+02 1.745266876220703125e+02
2.450021057128906250e+02 2.449973144531250000e+02
2.385713958740234375e+02 2.385336608886718750e+02
1.608681335449218750e+02 1.604015808105468750e+02
3.470742187500000000e+02 3.470297546386718750e+02
1.405454101562500000e+02 1.402843322753906250e+02
1.938446044921875000e+02 1.934510345458984375e+02
2.702633056640625000e+02 2.698672485351562500e+02
1.976138763427734375e+02 1.970796508789062500e+02
3.612648925781250000e+02 3.613043823242187500e+02
4.054632263183593750e+02 4.051596984863281250e+02
3.460769042968750000e+02 3.457699279785156250e+02
3.475321044921875000e+02 3.471480102539062500e+02
3.319671630859375000e+02 3.321001281738281250e+02
1.563057250976562500e+02 1.559996795654296875e+02
1.608813018798828125e+02 1.603904266357421875e+02
2.053928527832031250e+02 2.049170379638671875e+02
2.576996459960937500e+02 2.573992004394531250e+02
1.718514709472656250e+02 1.714414367675781250e+02
2.510689239501953125e+02 2.504570770263671875e+02
1.471753082275390625e+02 1.469596557617187500e+02
2.275307922363281250e+02 2.273799896240234375e+02
4.179215087890625000e+02 4.177106323242187500e+02
1.843008270263671875e+02 1.838309783935546875e+02
2.661754455566406250e+02 2.660667724609375000e+02
3.311951293945312500e+02 3.311583557128906250e+02
2.609972229003906250e+02 2.607277832031250000e+02
1.594566955566406250e+02 1.593001251220703125e+02
3.350376586914062500e+02 3.349259643554687500e+02
1.400066986083984375e+02 1.398577117919921875e+02
3.613834838867187500e+02 3.609472656250000000e+02
2.369184722900390625e+02 2.368031158447265625e+02
1.854746856689453125e+02 1.848268737792968750e+02
2.276797790527343750e+02 2.275782928466796875e+02
3.574060058593750000e+02 3.572580871582031250e+02
3.486123657226562500e+02 3.485596923828125000e+02
2.671184387207031250e+02 2.665579223632812500e+02
2.237929687500000000e+02 2.235945892333984375e+02
1.759182281494140625e+02 1.755079956054687500e+02
3.969196777343750000e+02 3.965687561035156250e+02
1.988951721191406250e+02 1.983581085205078125e+02
2.486470947265625000e+02 2.483245391845703125e+02
2.607333068847656250e+02 2.606084899902343750e+02
2.258191986083984375e+02 2.254960632324218750e+02
3.515094299316406250e+02 3.511679687500000000e+02
1.696996765136718750e+02 1.694073028564453125e+02
2.415963287353515625e+02 2.415675964355468750e+02
3.577852172851562500e+02 3.574425048828125000e+02
1.521508026123046875e+02 1.517890319824218750e+02
2.260359954833984375e+02 2.258827819824218750e+02
3.630872802734375000e+02 3.628359375000000000e+02
2.900325012207031250e+02 2.899421386718750000e+02
3.702095031738281250e+02 3.697119140625000000e+02
3.488323059082031250e+02 3.488771362304687500e+02
3.460463562011718750e+02 3.459493103027343750e+02
2.518173522949218750e+02 2.517077026367187500e+02
3.588071899414062500e+02 3.588519592285156250e+02
4.339112243652343750e+02 4.337898254394531250e+02
3.466656799316406250e+02 3.466020507812500000e+02
2.767607421875000000e+02 2.765903015136718750e+02
3.315738830566406250e+02 3.314603271484375000e+02
3.574431152343750000e+02 3.571025390625000000e+02
1.880449829101562500e+02 1.878961944580078125e+02
4.047626037597656250e+02 4.047208862304687500e+02
3.932586059570312500e+02 3.929672546386718750e+02
1.880480346679687500e+02 1.877792663574218750e+02
3.903134765625000000e+02 3.903122863769531250e+02
1.354248809814453125e+02 1.351901245117187500e+02
3.325206909179687500e+02 3.324356689453125000e+02
2.256239318847656250e+02 2.254952392578125000e+02
3.791546020507812500e+02 3.791048889160156250e+02
2.521123352050781250e+02 2.518498840332031250e+02
1.666369628906250000e+02 1.665092315673828125e+02
1.913598937988281250e+02 1.908270568847656250e+02
2.392886199951171875e+02 2.387713623046875000e+02
1.709274749755859375e+02 1.706557922363281250e+02
2.109862060546875000e+02 2.109394989013671875e+02
2.385928649902343750e+02 2.385267028808593750e+02
1.748324737548828125e+02 1.747648162841796875e+02
1.819406890869140625e+02 1.814357299804687500e+02
2.271633300781250000e+02 2.268755950927734375e+02
2.890476379394531250e+02 2.886697387695312500e+02
2.601148376464843750e+02 2.595761108398437500e+02
1.759145202636718750e+02 1.755772094726562500e+02
2.458592681884765625e+02 2.454448699951171875e+02
3.586542358398437500e+02 3.584607543945312500e+02
3.457388610839843750e+02 3.453262329101562500e+02
1.758229980468750000e+02 1.758005981445312500e+02
4.259371643066406250e+02 4.257456054687500000e+02
3.460403137207031250e+02 3.457639465332031250e+02
2.258925323486328125e+02 2.257080230712890625e+02
2.542188415527343750e+02 2.541054229736328125e+02
3.082249755859375000e+02 3.076762695312500000e+02
1.590178070068359375e+02 1.587539215087890625e+02
1.966812438964843750e+02 1.965083465576171875e+02
1.932092742919921875e+02 1.931157836914062500e+02
3.647301025390625000e+02 3.644122924804687500e+02
3.473723754882812500e+02 3.471185607910156250e+02
1.507194366455078125e+02 1.507740936279296875e+02
1.787027587890625000e+02 1.783970031738281250e+02
3.786443786621093750e+02 3.781507263183593750e+02
1.730191345214843750e+02 1.727736663818359375e+02
3.645515441894531250e+02 3.640858764648437500e+02
2.161765594482421875e+02 2.161226196289062500e+02
1.871796112060546875e+02 1.871228179931640625e+02
3.775074157714843750e+02 3.774322814941406250e+02
1.980614318847656250e+02 1.979706420898437500e+02
1.576934204101562500e+02 1.571487731933593750e+02
4.148604125976562500e+02 4.145721435546875000e+02
2.202376861572265625e+02 2.199977569580078125e+02
1.848601684570312500e+02 1.848383483886718750e+02
1.827281036376953125e+02 1.826546783447265625e+02
1.797407989501953125e+02 1.795779571533203125e+02
1.478963317871093750e+02 1.474151916503906250e+02
3.348319396972656250e+02 3.348356018066406250e+02
2.444488983154296875e+02 2.444153137207031250e+02
3.465696716308593750e+02 3.462461547851562500e+02
3.319403991699218750e+02 3.315068969726562500e+02
1.606677093505859375e+02 1.604205780029296875e+02
2.483057403564453125e+02 2.479049072265625000e+02
1.792611999511718750e+02 1.791589813232421875e+02
1.486592407226562500e+02 1.486221008300781250e+02
3.318592224121093750e+02 3.315340576171875000e+02
1.911641235351562500e+02 1.906392517089843750e+02
2.727770385742187500e+02 2.724534606933593750e+02
3.099185485839843750e+02 3.098215637207031250e+02
1.677897186279296875e+02 1.677699127197265625e+02
3.631747741699218750e+02 3.628832092285156250e+02
3.649732055664062500e+02 3.645024414062500000e+02
3.481032714843750000e+02 3.481392822265625000e+02
2.467169799804687500e+02 2.466848754882812500e+02
2.217805633544921875e+02 2.214850463867187500e+02
3.691936340332031250e+02 3.689012756347656250e+02
2.252590179443359375e+02 2.252968444824218750e+02
2.564865722656250000e+02 2.562845153808593750e+02
3.646161804199218750e+02 3.645964050292968750e+02
1.603005981445312500e+02 1.599335937500000000e+02
3.471150207519531250e+02 3.470174560546875000e+02
1.287212982177734375e+02 1.285131225585937500e+02
4.226066894531250000e+02 4.225202026367187500e+02
2.368175964355468750e+02 2.367965698242187500e+02
3.307525634765625000e+02 3.307491760253906250e+02
3.792132873535156250e+02 3.789599304199218750e+02
2.367287292480468750e+02 2.365465087890625000e+02
2.339742431640625000e+02 2.335757446289062500e+02
1.701140594482421875e+02 1.700658569335937500e+02
1.571160278320312500e+02 1.567715148925781250e+02
3.318439025878906250e+02 3.317632446289062500e+02
3.586718750000000000e+02 3.585633544921875000e+02
1.660326690673828125e+02 1.658286132812500000e+02
3.616356506347656250e+02 3.616877441406250000e+02
1.851289062500000000e+02 1.849499359130859375e+02
1.985281219482421875e+02 1.982332000732421875e+02
3.478707580566406250e+02 3.473423461914062500e+02
2.341010894775390625e+02 2.339797363281250000e+02
1.809803924560546875e+02 1.803448638916015625e+02
1.269821395874023438e+02 1.266268157958984375e+02
2.636825561523437500e+02 2.634117736816406250e+02
3.477925109863281250e+02 3.474794311523437500e+02
3.313711242675781250e+02 3.313133850097656250e+02
1.775928039550781250e+02 1.773106689453125000e+02
2.969259338378906250e+02 2.967388000488281250e+02
2.835087280273437500e+02 2.833092346191406250e+02
2.259218597412109375e+02 2.257643127441406250e+02
1.822241973876953125e+02 1.819646301269531250e+02
1.849475708007812500e+02 1.847966461181640625e+02
2.260660705566406250e+02 2.258006286621093750e+02
3.322903747558593750e+02 3.322371826171875000e+02
1.722277069091796875e+02 1.719476623535156250e+02
1.818293457031250000e+02 1.813651123046875000e+02
3.578400573730468750e+02 3.578090209960937500e+02
1.566189727783203125e+02 1.564997558593750000e+02
2.359542236328125000e+02 2.356892852783203125e+02
2.363464813232421875e+02 2.358337707519531250e+02
1.521642456054687500e+02 1.520594482421875000e+02
2.609543457031250000e+02 2.606667175292968750e+02
2.919581909179687500e+02 2.919504394531250000e+02
2.611292724609375000e+02 2.607366333007812500e+02
1.777800140380859375e+02 1.777870330810546875e+02
1.439980468750000000e+02 1.438178100585937500e+02
3.762682189941406250e+02 3.760650329589843750e+02
2.062159423828125000e+02 2.057897186279296875e+02
1.470638427734375000e+02 1.467542266845703125e+02
4.608920593261718750e+02 4.606944580078125000e+02
3.631204528808593750e+02 3.627538146972656250e+02
1.794324035644531250e+02 1.793652038574218750e+02
3.920471191406250000e+02 3.917912902832031250e+02
4.118758850097656250e+02 4.116844482421875000e+02
1.976625671386718750e+02 1.972754211425781250e+02
1.773658752441406250e+02 1.773163604736328125e+02
2.106423034667968750e+02 2.105473785400390625e+02
2.390602722167968750e+02 2.385146331787109375e+02
2.655114440917968750e+02 2.650093383789062500e+02
2.218109741210937500e+02 2.214615631103515625e+02
2.133948059082031250e+02 2.131892395019531250e+02
2.482042541503906250e+02 2.480950927734375000e+02
1.994980926513671875e+02 1.990310668945312500e+02
1.827168426513671875e+02 1.825691528320312500e+02
3.307947692871093750e+02 3.304998779296875000e+02
1.887964019775390625e+02 1.886044006347656250e+02
1.859371185302734375e+02 1.856464996337890625e+02
1.894319915771484375e+02 1.892518463134765625e+02
2.325363006591796875e+02 2.317982025146484375e+02
1.709518585205078125e+02 1.707243804931640625e+02
3.465382690429687500e+02 3.461735839843750000e+02
2.608081970214843750e+02 2.603684082031250000e+02
2.309140319824218750e+02 2.307009735107421875e+02
3.652351074218750000e+02 3.651276550292968750e+02
2.439282989501953125e+02 2.436222839355468750e+02
1.468443298339843750e+02 1.464530029296875000e+02
2.403795928955078125e+02 2.402663879394531250e+02
3.247495422363281250e+02 3.247477111816406250e+02
2.538701324462890625e+02 2.533705902099609375e+02
1.743705291748046875e+02 1.741914825439453125e+02
2.467628479003906250e+02 2.463111724853515625e+02
2.257263793945312500e+02 2.253613281250000000e+02
4.078372802734375000e+02 4.075639648437500000e+02
1.884002380371093750e+02 1.879182434082031250e+02
3.327942810058593750e+02 3.327231140136718750e+02
1.768177185058593750e+02 1.764255218505859375e+02
1.919720764160156250e+02 1.917653198242187500e+02
3.349252319335937500e+02 3.347896728515625000e+02
3.042545166015625000e+02 3.039315490722656250e+02
3.615440673828125000e+02 3.611898498535156250e+02
4.265124816894531250e+02 4.263768920898437500e+02
2.012362823486328125e+02 2.009309082031250000e+02
3.035096130371093750e+02 3.031615905761718750e+02
1.667646026611328125e+02 1.664363403320312500e+02
1.749516143798828125e+02 1.744777221679687500e+02
2.387562408447265625e+02 2.384162445068359375e+02
2.326489105224609375e+02 2.324522399902343750e+02
2.580972290039062500e+02 2.575845031738281250e+02
1.952087554931640625e+02 1.945378265380859375e+02
3.464162597656250000e+02 3.461623229980468750e+02
1.770252227783203125e+02 1.767920532226562500e+02
2.438273925781250000e+02 2.433838653564453125e+02
2.523578643798828125e+02 2.521809082031250000e+02
2.424563751220703125e+02 2.421539001464843750e+02
3.711472167968750000e+02 3.712034606933593750e+02
3.344833679199218750e+02 3.344055175781250000e+02
1.624503631591796875e+02 1.621062774658203125e+02
2.701601257324218750e+02 2.697186584472656250e+02
3.470543823242187500e+02 3.466646423339843750e+02
2.394246368408203125e+02 2.389280242919921875e+02
2.469229278564453125e+02 2.463743133544921875e+02
2.340322875976562500e+02 2.338473052978515625e+02
3.654221801757812500e+02 3.653653564453125000e+02
2.333693542480468750e+02 2.330207366943359375e+02
1.419434051513671875e+02 1.415162048339843750e+02
3.319931640625000000e+02 3.320363769531250000e+02
1.581948547363281250e+02 1.577096252441406250e+02
3.630654907226562500e+02 3.631470947265625000e+02
2.611656494140625000e+02 2.609313049316406250e+02
1.484692993164062500e+02 1.483275604248046875e+02
1.910149536132812500e+02 1.904507446289062500e+02
1.885688629150390625e+02 1.881914062500000000e+02
3.960665588378906250e+02 3.957520141601562500e+02
1.827966613769531250e+02 1.823624420166015625e+02
1.811087036132812500e+02 1.806762390136718750e+02
3.167581176757812500e+02 3.165715332031250000e+02
4.172071533203125000e+02 4.171294555664062500e+02
2.387143096923828125e+02 2.384424133300781250e+02
2.392101135253906250e+02 2.387210845947265625e+02
2.963485107421875000e+02 2.964331054687500000e+02
2.543017883300781250e+02 2.537956848144531250e+02
1.821472320556640625e+02 1.820828247070312500e+02
1.565910034179687500e+02 1.563646545410156250e+02
2.166811981201171875e+02 2.163769683837890625e+02
3.592362060546875000e+02 3.588577880859375000e+02
3.321698913574218750e+02 3.321612243652343750e+02
1.907822265625000000e+02 1.904658050537109375e+02
2.458258514404296875e+02 2.452973937988281250e+02
2.333179473876953125e+02 2.331297760009765625e+02
3.674519653320312500e+02 3.671151733398437500e+02
1.768845367431640625e+02 1.766911163330078125e+02
1.725021209716796875e+02 1.720903015136718750e+02
3.977388610839843750e+02 3.976583557128906250e+02
2.871373291015625000e+02 2.869259948730468750e+02
3.957601623535156250e+02 3.955965576171875000e+02
3.615885314941406250e+02 3.612820739746093750e+02
1.428058319091796875e+02 1.427160797119140625e+02
3.934265747070312500e+02 3.933296508789062500e+02
3.574318237304687500e+02 3.570825195312500000e+02
3.321994018554687500e+02 3.320887145996093750e+02
3.671574096679687500e+02 3.667015686035156250e+02
3.322578125000000000e+02 3.319450073242187500e+02
3.488602905273437500e+02 3.487433776855468750e+02
2.880803833007812500e+02 2.876795654296875000e+02
2.499817657470703125e+02 2.495933837890625000e+02
2.722341003417968750e+02 2.720544433593750000e+02
3.318422241210937500e+02 3.318542785644531250e+02
2.651262512207031250e+02 2.648565368652343750e+02
3.613364562988281250e+02 3.613608398437500000e+02
3.317036743164062500e+02 3.316424255371093750e+02
3.649358520507812500e+02 3.646573181152343750e+02
2.274579772949218750e+02 2.275345001220703125e+02
1.427071990966796875e+02 1.426422729492187500e+02
2.258699493408203125e+02 2.252881164550781250e+02
3.993786926269531250e+02 3.989770507812500000e+02
1.809354095458984375e+02 1.805193481445312500e+02
3.680980224609375000e+02 3.680032348632812500e+02
1.963384094238281250e+02 1.961883697509765625e+02
1.816855926513671875e+02 1.812975616455078125e+02
2.362607116699218750e+02 2.358189086914062500e+02
2.539863281250000000e+02 2.535107727050781250e+02
3.348107604980468750e+02 3.348143310546875000e+02
2.608022766113281250e+02 2.603670959472656250e+02
3.455118408203125000e+02 3.450871276855468750e+02
3.076375122070312500e+02 3.074136352539062500e+02
3.120173950195312500e+02 3.118906860351562500e+02
2.382481079101562500e+02 2.377731018066406250e+02
3.352601928710937500e+02 3.349284973144531250e+02
2.483149566650390625e+02 2.478728027343750000e+02
1.630234680175781250e+02 1.629183044433593750e+02
3.828230895996093750e+02 3.827244262695312500e+02
2.482607421875000000e+02 2.480311737060546875e+02
1.586430511474609375e+02 1.583325195312500000e+02
1.734858245849609375e+02 1.732685546875000000e+02
2.541569824218750000e+02 2.536503448486328125e+02
3.353301391601562500e+02 3.353688354492187500e+02
4.463474426269531250e+02 4.461690063476562500e+02
3.320463562011718750e+02 3.319828491210937500e+02
2.573019104003906250e+02 2.573219299316406250e+02
2.346456756591796875e+02 2.341112060546875000e+02
2.074015350341796875e+02 2.070106201171875000e+02
1.658420104980468750e+02 1.655780029296875000e+02
1.750985260009765625e+02 1.748879547119140625e+02
3.893967895507812500e+02 3.893844299316406250e+02
3.473378601074218750e+02 3.468884887695312500e+02
1.682375640869140625e+02 1.678794097900390625e+02
1.502656860351562500e+02 1.501840362548828125e+02
3.317650756835937500e+02 3.317175598144531250e+02
2.222051849365234375e+02 2.218661804199218750e+02
2.104148712158203125e+02 2.104416503906250000e+02
1.941674499511718750e+02 1.938629455566406250e+02
3.353773803710937500e+02 3.353322143554687500e+02
2.582726135253906250e+02 2.579078674316406250e+02
1.849929504394531250e+02 1.848332061767578125e+02
3.578464355468750000e+02 3.577980957031250000e+02
3.356675720214843750e+02 3.356965026855468750e+02
3.463410034179687500e+02 3.457783813476562500e+02
2.254051818847656250e+02 2.253230895996093750e+02
1.524924468994140625e+02 1.520120849609375000e+02
3.470559082031250000e+02 3.469256896972656250e+02
1.993386383056640625e+02 1.992388000488281250e+02
2.765131835937500000e+02 2.761397705078125000e+02
3.581592102050781250e+02 3.578247985839843750e+02
2.569187622070312500e+02 2.566596374511718750e+02
2.601044311523437500e+02 2.597571716308593750e+02
3.589061279296875000e+02 3.588243713378906250e+02
2.108896636962890625e+02 2.107295837402343750e+02
1.910278625488281250e+02 1.908336334228515625e+02
3.321555786132812500e+02 3.320493164062500000e+02
2.660003662109375000e+02 2.655520324707031250e+02
3.014829406738281250e+02 3.012365417480468750e+02
2.031046752929687500e+02 2.029989166259765625e+02
1.607397613525390625e+02 1.606858825683593750e+02
3.651315002441406250e+02 3.645990295410156250e+02
2.106382141113281250e+02 2.105866546630859375e+02
3.684643249511718750e+02 3.681107177734375000e+02
4.010457153320312500e+02 4.011050109863281250e+02
2.406453399658203125e+02 2.403493804931640625e+02
3.639242858886718750e+02 3.636705932617187500e+02
2.409038238525390625e+02 2.403950042724609375e+02
4.381061401367187500e+02 4.380434570312500000e+02
2.020004119873046875e+02 2.016854248046875000e+02
3.592596740722656250e+02 3.589122619628906250e+02
1.842680969238281250e+02 1.840363159179687500e+02
3.439964904785156250e+02 3.439333190917968750e+02
1.694657592773437500e+02 1.694384155273437500e+02
1.753532257080078125e+02 1.750854797363281250e+02
1.760859069824218750e+02 1.757845306396484375e+02
1.702549438476562500e+02 1.700711212158203125e+02
1.764661254882812500e+02 1.761621093750000000e+02
2.257310791015625000e+02 2.253399200439453125e+02
1.706157379150390625e+02 1.702273559570312500e+02
2.629651184082031250e+02 2.629274291992187500e+02
1.732108764648437500e+02 1.729463348388671875e+02
1.856161041259765625e+02 1.855554504394531250e+02
3.320446472167968750e+02 3.319430541992187500e+02
3.457562866210937500e+02 3.457010498046875000e+02
1.688350372314453125e+02 1.688119049072265625e+02
2.669876403808593750e+02 2.666021423339843750e+02
1.590562591552734375e+02 1.588526611328125000e+02
2.655060729980468750e+02 2.652532958984375000e+02
1.762171173095703125e+02 1.762173004150390625e+02
1.727992553710937500e+02 1.726013031005859375e+02
1.823535308837890625e+02 1.822693328857421875e+02
3.814035949707031250e+02 3.811496276855468750e+02
1.697638549804687500e+02 1.696839904785156250e+02
3.763347167968750000e+02 3.759124755859375000e+02
2.601482238769531250e+02 2.600786437988281250e+02
1.898541564941406250e+02 1.898238067626953125e+02
4.113380432128906250e+02 4.110150451660156250e+02
3.513319702148437500e+02 3.510751647949218750e+02
1.736421966552734375e+02 1.734562835693359375e+02
1.808885955810546875e+02 1.806820678710937500e+02
1.706297760009765625e+02 1.705041503906250000e+02
3.320446777343750000e+02 3.317475280761718750e+02
2.602764282226562500e+02 2.602066955566406250e+02
1.839976806640625000e+02 1.836444396972656250e+02
3.461613464355468750e+02 3.461918640136718750e+02
4.207578125000000000e+02 4.206630859375000000e+02
3.566981506347656250e+02 3.566504211425781250e+02
1.762444305419921875e+02 1.758107299804687500e+02
1.800618133544921875e+02 1.796213226318359375e+02
1.414727478027343750e+02 1.413965148925781250e+02
2.542742767333984375e+02 2.537444763183593750e+02
1.799263305664062500e+02 1.793530426025390625e+02
1.582171630859375000e+02 1.578316040039062500e+02
3.650763854980468750e+02 3.650418701171875000e+02
3.825022583007812500e+02 3.824324645996093750e+02
3.861542663574218750e+02 3.858016662597656250e+02
3.929257202148437500e+02 3.924693603515625000e+02
2.012999572753906250e+02 2.008212432861328125e+02
2.340609436035156250e+02 2.339995574951171875e+02
2.820454711914062500e+02 2.816105346679687500e+02
2.840639648437500000e+02 2.836317443847656250e+02
3.596751403808593750e+02 3.596679992675781250e+02
1.512032012939453125e+02 1.508975372314453125e+02
1.792395477294921875e+02 1.790775909423828125e+02
1.932314300537109375e+02 1.927548980712890625e+02
3.799354553222656250e+02 3.797498779296875000e+02
2.257558746337890625e+02 2.252082366943359375e+02
3.574948730468750000e+02 3.575110168457031250e+02
3.677018737792968750e+02 3.673014221191406250e+02
1.939738769531250000e+02 1.937565612792968750e+02
1.853027496337890625e+02 1.852756958007812500e+02
3.648339538574218750e+02 3.644253234863281250e+02
1.622723999023437500e+02 1.619862670898437500e+02
2.086295013427734375e+02 2.085478820800781250e+02
1.772991180419921875e+02 1.770119628906250000e+02
1.592948608398437500e+02 1.588368835449218750e+02
1.616830291748046875e+02 1.614183044433593750e+02
1.622736663818359375e+02 1.622652130126953125e+02
3.455770874023437500e+02 3.455092163085937500e+02
2.935121459960937500e+02 2.933833007812500000e+02
2.361165771484375000e+02 2.358380584716796875e+02
2.386192169189453125e+02 2.380725860595703125e+02
3.836197814941406250e+02 3.832319946289062500e+02
1.794669494628906250e+02 1.794524993896484375e+02
1.638889007568359375e+02 1.637626953125000000e+02
3.480974426269531250e+02 3.476957702636718750e+02
2.026143646240234375e+02 2.022955627441406250e+02
1.483426208496093750e+02 1.480803680419921875e+02
3.649909362792968750e+02 3.646795043945312500e+02
2.382475585937500000e+02 2.376167297363281250e+02
2.276065368652343750e+02 2.275076446533203125e+02
3.690668640136718750e+02 3.691092834472656250e+02
3.854610595703125000e+02 3.850699157714843750e+02
1.422581634521484375e+02 1.421855621337890625e+02
1.683427429199218750e+02 1.682751770019531250e+02
1.835562133789062500e+02 1.833165893554687500e+02
3.696629028320312500e+02 3.695514221191406250e+02
3.474894714355468750e+02 3.470386047363281250e+02
1.964454498291015625e+02 1.962136993408203125e+02
2.352923736572265625e+02 2.350576934814453125e+02
3.481612548828125000e+02 3.480675354003906250e+02
2.667244873046875000e+02 2.664873046875000000e+02
3.645395812988281250e+02 3.641527709960937500e+02
3.642408142089843750e+02 3.641397094726562500e+02
1.764395599365234375e+02 1.762975463867187500e+02
1.825554046630859375e+02 1.824585113525390625e+02
2.467087860107421875e+02 2.462947540283203125e+02
2.327551116943359375e+02 2.326591033935546875e+02
1.506475677490234375e+02 1.504419860839843750e+02
2.678855895996093750e+02 2.674614257812500000e+02
2.568591918945312500e+02 2.565999450683593750e+02
2.050494537353515625e+02 2.047346191406250000e+02
1.585853881835937500e+02 1.585175018310546875e+02
4.189458312988281250e+02 4.189250793457031250e+02
2.122478027343750000e+02 2.118931884765625000e+02
3.582427673339843750e+02 3.582411804199218750e+02
3.593347167968750000e+02 3.592030639648437500e+02
1.574532928466796875e+02 1.571719360351562500e+02
3.476441650390625000e+02 3.475608825683593750e+02
2.202837066650390625e+02 2.201333160400390625e+02
2.161405639648437500e+02 2.159860534667968750e+02
2.304214477539062500e+02 2.303193817138671875e+02
1.875835113525390625e+02 1.871951599121093750e+02
3.657479553222656250e+02 3.657632141113281250e+02
1.781559753417968750e+02 1.776511688232421875e+02
1.850085449218750000e+02 1.848707885742187500e+02
2.665760803222656250e+02 2.663229675292968750e+02
3.671684265136718750e+02 3.670443420410156250e+02
3.349220886230468750e+02 3.349279785156250000e+02
3.853265380859375000e+02 3.849154663085937500e+02
3.678549194335937500e+02 3.678315124511718750e+02
2.385435333251953125e+02 2.380272521972656250e+02
3.511200561523437500e+02 3.511470947265625000e+02
1.418047332763671875e+02 1.413974456787109375e+02
3.318615112304687500e+02 3.315932922363281250e+02
2.219102172851562500e+02 2.217967071533203125e+02
3.787092895507812500e+02 3.785122985839843750e+02
3.587319335937500000e+02 3.582697753906250000e+02
4.269519958496093750e+02 4.267771606445312500e+02
4.102942199707031250e+02 4.099642639160156250e+02
2.388700714111328125e+02 2.389130096435546875e+02
3.317466430664062500e+02 3.314502868652343750e+02
1.736035003662109375e+02 1.731797027587890625e+02
1.747950286865234375e+02 1.744606475830078125e+02
2.450021057128906250e+02 2.446218109130859375e+02
2.385713958740234375e+02 2.381977233886718750e+02
1.608681335449218750e+02 1.606991577148437500e+02
3.470742187500000000e+02 3.466515808105468750e+02
1.405454101562500000e+02 1.400199584960937500e+02
1.938446044921875000e+02 1.936886444091796875e+02
2.702633056640625000e+02 2.701577758789062500e+02
1.976138763427734375e+02 1.975304870605468750e+02
3.612648925781250000e+02 3.609512634277343750e+02
4.054632263183593750e+02 4.054558105468750000e+02
3.460769042968750000e+02 3.461484985351562500e+02
3.475321044921875000e+02 3.475155029296875000e+02
3.319671630859375000e+02 3.316233520507812500e+02
1.563057250976562500e+02 1.558682098388671875e+02
1.608813018798828125e+02 1.608479003906250000e+02
2.053928527832031250e+02 2.052251281738281250e+02
2.576996459960937500e+02 2.572028503417968750e+02
1.718514709472656250e+02 1.716653442382812500e+02
2.510689239501953125e+02 2.509362335205078125e+02
1.471753082275390625e+02 1.471046447753906250e+02
2.275307922363281250e+02 2.272278900146484375e+02
4.179215087890625000e+02 4.178350830078125000e+02
1.843008270263671875e+02 1.842288970947265625e+02
2.661754455566406250e+02 2.657928466796875000e+02
3.311951293945312500e+02 3.309018859863281250e+02
2.609972229003906250e+02 2.608173522949218750e+02
1.594566955566406250e+02 1.589939880371093750e+02
3.350376586914062500e+02 3.347030029296875000e+02
1.400066986083984375e+02 1.397036895751953125e+02
3.613834838867187500e+02 3.613943481445312500e+02
2.369184722900390625e+02 2.365269470214843750e+02
1.854746856689453125e+02 1.854082641601562500e+02
2.276797790527343750e+02 2.271307220458984375e+02
3.574060058593750000e+02 3.568857116699218750e+02
3.486123657226562500e+02 3.482764282226562500e+02
2.671184387207031250e+02 2.669245605468750000e+02
2.237929687500000000e+02 2.235179901123046875e+02
1.759182281494140625e+02 1.757360992431640625e+02
3.969196777343750000e+02 3.968045959472656250e+02
1.988951721191406250e+02 1.987536773681640625e+02
2.486470947265625000e+02 2.484363555908203125e+02
2.607333068847656250e+02 2.602672424316406250e+02
2.258191986083984375e+02 2.256153106689453125e+02
3.515094299316406250e+02 3.515338134765625000e+02
1.696996765136718750e+02 1.694375305175781250e+02
2.415963287353515625e+02 2.412371826171875000e+02
3.577852172851562500e+02 3.577284240722656250e+02
1.521508026123046875e+02 1.521276550292968750e+02
2.260359954833984375e+02 2.258563690185546875e+02
3.630872802734375000e+02 3.629443969726562500e+02
2.900325012207031250e+02 2.894490966796875000e+02
3.702095031738281250e+02 3.702052307128906250e+02
3.488323059082031250e+02 3.484346008300781250e+02
3.460463562011718750e+02 3.457154846191406250e+02
2.518173522949218750e+02 2.515782165527343750e+02
3.588071899414062500e+02 3.584422607421875000e+02
4.339112243652343750e+02 4.339165954589843750e+02
3.466656799316406250e+02 3.463543701171875000e+02
2.767607421875000000e+02 2.763067932128906250e+02
3.315738830566406250e+02 3.311640930175781250e+02
3.574431152343750000e+02 3.573991088867187500e+02
1.880449829101562500e+02 1.874458923339843750e+02
4.047626037597656250e+02 4.044484863281250000e+02
3.932586059570312500e+02 3.932036132812500000e+02
1.880480346679687500e+02 1.878677673339843750e+02
3.903134765625000000e+02 3.899722290039062500e+02
1.354248809814453125e+02 1.350552978515625000e+02
3.325206909179687500e+02 3.322387390136718750e+02
2.256239318847656250e+02 2.253143005371093750e+02
3.791546020507812500e+02 3.787167968750000000e+02
2.521123352050781250e+02 2.519559326171875000e+02
1.666369628906250000e+02 1.660694427490234375e+02
1.913598937988281250e+02 1.913441925048828125e+02
2.392886199951171875e+02 2.392183990478515625e+02
1.709274749755859375e+02 1.708630981445312500e+02
2.109862060546875000e+02 2.105430297851562500e+02
2.385928649902343750e+02 2.381863098144531250e+02
1.748324737548828125e+02 1.743762817382812500e+02
1.819406890869140625e+02 1.818762359619140625e+02
2.271633300781250000e+02 2.269613494873046875e+02
2.890476379394531250e+02 2.890203247070312500e+02
2.601148376464843750e+02 2.600170898437500000e+02
1.759145202636718750e+02 1.756805725097656250e+02
2.458592681884765625e+02 2.456474609375000000e+02
3.586542358398437500e+02 3.586120910644531250e+02
3.457388610839843750e+02 3.457139892578125000e+02
1.758229980468750000e+02 1.754329833984375000e+02
4.259371643066406250e+02 4.259074096679687500e+02
3.460403137207031250e+02 3.460228881835937500e+02
2.258925323486328125e+02 2.253265075683593750e+02
2.542188415527343750e+02 2.537191467285156250e+02
3.082249755859375000e+02 3.079046020507812500e+02
1.590178070068359375e+02 1.588920593261718750e+02
1.966812438964843750e+02 1.963300781250000000e+02
1.932092742919921875e+02 1.926872558593750000e+02
3.647301025390625000e+02 3.646016845703125000e+02
3.473723754882812500e+02 3.473700561523437500e+02
1.507194366455078125e+02 1.502535705566406250e+02
1.787027587890625000e+02 1.784814758300781250e+02
3.786443786621093750e+02 3.784382019042968750e+02
1.730191345214843750e+02 1.727425842285156250e+02
3.645515441894531250e+02 3.644833068847656250e+02
2.161765594482421875e+02 2.157899017333984375e+02
1.871796112060546875e+02 1.867568054199218750e+02
3.775074157714843750e+02 3.771278991699218750e+02
1.980614318847656250e+02 1.974952850341796875e+02
1.576934204101562500e+02 1.575631408691406250e+02
4.148604125976562500e+02 4.147882995605468750e+02
2.202376861572265625e+02 2.198770446777343750e+02
1.848601684570312500e+02 1.845197296142578125e+02
1.827281036376953125e+02 1.823036651611328125e+02
1.797407989501953125e+02 1.792774200439453125e+02
1.478963317871093750e+02 1.476588287353515625e+02
3.348319396972656250e+02 3.345998535156250000e+02
2.444488983154296875e+02 2.438437042236328125e+02
3.465696716308593750e+02 3.464455261230468750e+02
3.319403991699218750e+02 3.319523010253906250e+02
1.606677093505859375e+02 1.605019378662109375e+02
2.483057403564453125e+02 2.479958190917968750e+02
1.792611999511718750e+02 1.787206115722656250e+02
1.486592407226562500e+02 1.481315460205078125e+02
3.318592224121093750e+02 3.318801879882812500e+02
1.911641235351562500e+02 1.911120758056640625e+02
2.727770385742187500e+02 2.725207824707031250e+02
3.099185485839843750e+02 3.096160888671875000e+02
1.677897186279296875e+02 1.673372650146484375e+02
3.631747741699218750e+02 3.630297851562500000e+02
3.649732055664062500e+02 3.650182495117187500e+02
3.481032714843750000e+02 3.478281860351562500e+02
2.467169799804687500e+02 2.463044128417968750e+02
2.217805633544921875e+02 2.214472351074218750e+02
3.691936340332031250e+02 3.692424316406250000e+02
2.252590179443359375e+02 2.247603454589843750e+02
2.564865722656250000e+02 2.563511657714843750e+02
3.646161804199218750e+02 3.642655944824218750e+02
1.603005981445312500e+02 1.600618896484375000e+02
3.471150207519531250e+02 3.468538818359375000e+02
1.287212982177734375e+02 1.284280700683593750e+02
4.226066894531250000e+02 4.224029541015625000e+02
2.368175964355468750e+02 2.365135192871093750e+02
3.307525634765625000e+02 3.303559875488281250e+02
3.792132873535156250e+02 3.791496887207031250e+02
2.367287292480468750e+02 2.363075866699218750e+02
2.339742431640625000e+02 2.338164062500000000e+02
1.701140594482421875e+02 1.696260528564453125e+02
1.571160278320312500e+02 1.569180450439453125e+02
3.318439025878906250e+02 3.314821777343750000e+02
3.586718750000000000e+02 3.584187011718750000e+02
1.660326690673828125e+02 1.658525390625000000e+02
3.616356506347656250e+02 3.612664489746093750e+02
1.851289062500000000e+02 1.850134582519531250e+02
1.985281219482421875e+02 1.984465789794921875e+02
3.478707580566406250e+02 3.478157653808593750e+02
2.341010894775390625e+02 2.336947326660156250e+02
1.809803924560546875e+02 1.807512207031250000e+02
1.269821395874023438e+02 1.268054962158203125e+02
2.636825561523437500e+02 2.635338439941406250e+02
3.477925109863281250e+02 3.477897033691406250e+02
