3.783471584320068359e-01 1.806786656379699707e-01
1.387382149696350098e-01 1.250418275594711304e-01
1.061621606349945068e-01 1.054257005453109741e-01
9.000264108180999756e-02 8.290424197912216187e-02
7.613328844308853149e-02 7.167657464742660522e-02
6.683764606714248657e-02 6.531246006488800049e-02
6.010919436812400818e-02 5.830217525362968445e-02
5.475994199514389038e-02 5.619597807526588440e-02
5.066424608230590820e-02 5.418559908866882324e-02
4.727452620863914490e-02 4.932565242052078247e-02
4.514211788773536682e-02 4.660368338227272034e-02
4.290677607059478760e-02 4.569382220506668091e-02
4.031271860003471375e-02 4.245015606284141541e-02
3.888492658734321594e-02 4.056363925337791443e-02
3.721474856138229370e-02 3.914667293429374695e-02
3.486523404717445374e-02 3.892548382282257080e-02
3.376128897070884705e-02 3.839086741209030151e-02
3.293639421463012695e-02 3.576018661260604858e-02
3.186912834644317627e-02 3.590591624379158020e-02
3.194209933280944824e-02 3.428923338651657104e-02
2.996943145990371704e-02 3.395018726587295532e-02
2.895544655621051788e-02 3.491234034299850464e-02
2.960486710071563721e-02 3.560090437531471252e-02
2.839880622923374176e-02 3.190882503986358643e-02
2.673552371561527252e-02 3.029295988380908966e-02
2.646343223750591278e-02 2.939715050160884857e-02
2.555203810334205627e-02 3.143173083662986755e-02
2.478140406310558319e-02 2.975681051611900330e-02
2.445079199969768524e-02 2.938441187143325806e-02
2.438129484653472900e-02 2.778236754238605499e-02
2.348285168409347534e-02 2.758910134434700012e-02
2.286428026854991913e-02 2.642272226512432098e-02
2.239889465272426605e-02 2.785690687596797943e-02
2.205944247543811798e-02 2.715355902910232544e-02
2.165069803595542908e-02 2.546743676066398621e-02
2.137460187077522278e-02 2.503039315342903137e-02
2.092045359313488007e-02 2.515996247529983521e-02
2.055684290826320648e-02 2.476774156093597412e-02
2.092118375003337860e-02 2.460290677845478058e-02
2.031815424561500549e-02 2.452484518289566040e-02
1.961263455450534821e-02 2.455731481313705444e-02
1.940587721765041351e-02 2.437768131494522095e-02
1.957015134394168854e-02 2.340568788349628448e-02
1.932881958782672882e-02 2.363419719040393829e-02
1.850143261253833771e-02 2.379629202187061310e-02
1.819501072168350220e-02 2.323605492711067200e-02
1.808316446840763092e-02 2.294542081654071808e-02
1.763900183141231537e-02 2.419286966323852539e-02
1.770923659205436707e-02 2.281316556036472321e-02
1.708720438182353973e-02 2.255569212138652802e-02
1.761727780103683472e-02 2.321539632976055145e-02
1.708459481596946716e-02 2.196816913783550262e-02
1.724959164857864380e-02 2.215369045734405518e-02
1.632957719266414642e-02 2.241574414074420929e-02
1.603057049214839935e-02 2.151486650109291077e-02
1.648901961743831635e-02 2.258416451513767242e-02
1.592612825334072113e-02 2.166434377431869507e-02
1.568312197923660278e-02 2.390220575034618378e-02
1.556612085551023483e-02 2.148998342454433441e-02
1.553784310817718506e-02 2.063051611185073853e-02
1.567134447395801544e-02 2.145831845700740814e-02
1.483661402016878128e-02 2.184945344924926758e-02
1.479910872876644135e-02 2.123542129993438721e-02
1.459284871816635132e-02 2.094044350087642670e-02
1.425080001354217529e-02 1.997112482786178589e-02
1.466080360114574432e-02 2.169905602931976318e-02
1.443477720022201538e-02 1.973960362374782562e-02
1.420902181416749954e-02 2.179430983960628510e-02
1.404261123389005661e-02 2.020444534718990326e-02
1.364289037883281708e-02 2.016956545412540436e-02
1.402100268751382828e-02 2.030060812830924988e-02
1.407370436936616898e-02 1.998835057020187378e-02
1.380499452352523804e-02 2.431149408221244812e-02
1.380585506558418274e-02 1.931337267160415649e-02
1.284566521644592285e-02 2.168472297489643097e-02
1.377790234982967377e-02 1.952055282890796661e-02
1.323658134788274765e-02 1.896653696894645691e-02
1.317012496292591095e-02 1.868624612689018250e-02
1.257012970745563507e-02 1.857024803757667542e-02
1.227901224046945572e-02 1.859630085527896881e-02
1.228389702737331390e-02 1.910358481109142303e-02
1.207215618342161179e-02 1.855039969086647034e-02
1.204067189246416092e-02 1.914567872881889343e-02
1.270015165209770203e-02 2.005895227193832397e-02
1.214399561285972595e-02 1.857554726302623749e-02
1.162852346897125244e-02 1.833178848028182983e-02
1.235807407647371292e-02 2.096279524266719818e-02
1.232025586068630219e-02 1.971437782049179077e-02
1.219114661216735840e-02 2.152584493160247803e-02
1.207114290446043015e-02 1.818609051406383514e-02
1.126346923410892487e-02 1.780677773058414459e-02
1.246203016489744186e-02 1.754395104944705963e-02
1.091482117772102356e-02 1.977801881730556488e-02
1.109806541353464127e-02 1.747761480510234833e-02
1.107771694660186768e-02 1.811832189559936523e-02
1.117043104022741318e-02 1.833078823983669281e-02
1.068271324038505554e-02 1.766548492014408112e-02
1.112997066229581833e-02 1.743933930993080139e-02
1.070856768637895584e-02 1.843810454010963440e-02
1.156294997781515121e-02 1.993899047374725342e-02
1.079359278082847595e-02 1.743828132748603821e-02
1.016733981668949127e-02 1.754184253513813019e-02
1.056863926351070404e-02 1.839268021285533905e-02
1.082495227456092834e-02 1.739452406764030457e-02
1.009305194020271301e-02 1.661301404237747192e-02
9.951026178896427155e-03 1.750670187175273895e-02
9.794697165489196777e-03 1.655852235853672028e-02
1.014556549489498138e-02 1.685098558664321899e-02
9.892034344375133514e-03 1.669991947710514069e-02
1.007245946675539017e-02 1.715315692126750946e-02
1.046442613005638123e-02 1.704267784953117371e-02
1.077297702431678772e-02 1.656927354633808136e-02
1.006285380572080612e-02 1.626374386250972748e-02
9.343670681118965149e-03 1.696038804948329926e-02
9.643104858696460724e-03 1.691791601479053497e-02
9.485407732427120209e-03 1.630649156868457794e-02
1.015027705579996109e-02 1.582708582282066345e-02
9.247744455933570862e-03 1.764066703617572784e-02
1.000679284334182739e-02 1.599637605249881744e-02
9.904914535582065582e-03 1.632213033735752106e-02
9.602531790733337402e-03 1.564032956957817078e-02
8.990958333015441895e-03 1.760397665202617645e-02
1.071298308670520782e-02 1.712883822619915009e-02
8.892695419490337372e-03 1.614121720194816589e-02
8.804983459413051605e-03 1.625159196555614471e-02
8.758944459259510040e-03 1.597294956445693970e-02
9.143553674221038818e-03 1.687591336667537689e-02
8.940960280597209930e-03 1.613080874085426331e-02
8.380543440580368042e-03 1.628055609762668610e-02
9.009291417896747589e-03 1.729617826640605927e-02
9.029030799865722656e-03 1.695667766034603119e-02
8.676415309309959412e-03 1.824863255023956299e-02
9.213939309120178223e-03 2.001993730664253235e-02
1.034142076969146729e-02 1.652266457676887512e-02
9.379758499562740326e-03 1.575357466936111450e-02
8.024505339562892914e-03 1.500524487346410751e-02
7.520247716456651688e-03 1.585962250828742981e-02
8.521357551217079163e-03 1.684646867215633392e-02
8.405049331486225128e-03 1.527643203735351562e-02
7.418383378535509109e-03 1.532527245581150055e-02
7.546381093561649323e-03 1.636904291808605194e-02
8.375608362257480621e-03 1.715902239084243774e-02
7.653609383851289749e-03 1.540359854698181152e-02
7.491083350032567978e-03 1.481385715305805206e-02
7.149128708988428116e-03 1.603625901043415070e-02
8.208188228309154510e-03 1.508352253586053848e-02
7.231130730360746384e-03 1.920163258910179138e-02
1.007485762238502502e-02 1.575198583304882050e-02
8.923112414777278900e-03 1.492715347558259964e-02
6.918389815837144852e-03 1.552253402769565582e-02
7.386908866465091705e-03 1.516482047736644745e-02
6.570344325155019760e-03 1.451529469341039658e-02
7.602837868034839630e-03 1.555580180138349533e-02
8.160440251231193542e-03 1.537723187357187271e-02
7.049123756587505341e-03 1.513600628823041916e-02
7.185650989413261414e-03 1.470763981342315674e-02
9.535505436360836029e-03 1.609241217374801636e-02
7.747733965516090393e-03 1.512577570974826813e-02
6.683968007564544678e-03 1.522532105445861816e-02
6.698680110275745392e-03 1.466646045446395874e-02
6.810453254729509354e-03 1.471200585365295410e-02
7.598647847771644592e-03 1.567566767334938049e-02
7.348357699811458588e-03 1.527745928615331650e-02
7.334350608289241791e-03 1.457464974373579025e-02
6.553995888680219650e-03 1.458806823939085007e-02
6.540287751704454422e-03 1.447604782879352570e-02
6.280246656388044357e-03 1.645802892744541168e-02
6.456242874264717102e-03 1.562772132456302643e-02
6.789269857108592987e-03 1.659655012190341949e-02
8.184242993593215942e-03 1.467998046427965164e-02
6.802152842283248901e-03 1.483263354748487473e-02
6.243962794542312622e-03 1.382612716406583786e-02
5.728889256715774536e-03 1.429426670074462891e-02
6.418967619538307190e-03 1.383344642817974091e-02
6.275383289903402328e-03 1.373880822211503983e-02
5.819231271743774414e-03 1.397117134183645248e-02
5.727364681661128998e-03 1.396762207150459290e-02
6.264127325266599655e-03 1.407587714493274689e-02
5.568996537476778030e-03 1.401239726692438126e-02
5.937484093010425568e-03 1.506759971380233765e-02
5.812718998640775681e-03 1.405899692326784134e-02
6.231295410543680191e-03 1.433020550757646561e-02
6.880865432322025299e-03 1.465073600411415100e-02
5.969951860606670380e-03 1.506521366536617279e-02
5.847549997270107269e-03 1.533551514148712158e-02
5.546306259930133820e-03 1.387218758463859558e-02
8.389757014811038971e-03 1.930059120059013367e-02
8.582807146012783051e-03 1.352517772465944290e-02
5.245613399893045425e-03 1.356499176472425461e-02
5.170344375073909760e-03 1.353473681956529617e-02
5.073134321719408035e-03 1.336010452359914780e-02
5.426271818578243256e-03 1.376169547438621521e-02
5.632819142192602158e-03 1.364941895008087158e-02
5.257188342511653900e-03 1.337535213679075241e-02
6.952704861760139465e-03 1.448675617575645447e-02
6.467644125223159790e-03 1.417810097336769104e-02
5.946649238467216492e-03 1.342551503330469131e-02
6.174282170832157135e-03 1.604854501783847809e-02
5.484553053975105286e-03 1.374614890664815903e-02
5.495336372405290604e-03 1.386223454028367996e-02
5.050011910498142242e-03 1.392064616084098816e-02
5.592628382146358490e-03 1.343313232064247131e-02
5.730451550334692001e-03 1.324532181024551392e-02
5.822577048093080521e-03 1.355754211544990540e-02
5.271811038255691528e-03 1.346603594720363617e-02
5.616889335215091705e-03 1.353713031858205795e-02
5.227599292993545532e-03 1.311485655605792999e-02
4.633750300854444504e-03 1.316374074667692184e-02
5.748342256993055344e-03 1.310487464070320129e-02
6.216272246092557907e-03 1.386819966137409210e-02
5.341322626918554306e-03 1.431566849350929260e-02
6.118836347013711929e-03 1.338296849280595779e-02
5.410602316260337830e-03 1.315081398934125900e-02
4.867564886808395386e-03 1.273969374597072601e-02
5.026442464441061020e-03 1.321349479258060455e-02
5.883313249796628952e-03 1.466316729784011841e-02
5.627478938549757004e-03 1.421108748763799667e-02
5.282662343233823776e-03 1.498747989535331726e-02
6.149020045995712280e-03 1.481472048908472061e-02
6.052448414266109467e-03 1.474981475621461868e-02
5.503066349774599075e-03 1.304698176681995392e-02
5.546749569475650787e-03 1.342864707112312317e-02
4.535533022135496140e-03 1.316721551120281219e-02
5.056350957602262497e-03 1.295667048543691635e-02
5.081056151539087296e-03 1.330419816076755524e-02
4.880442284047603607e-03 1.317425351589918137e-02
4.626440815627574921e-03 1.326556131243705750e-02
5.138203036040067673e-03 1.313662528991699219e-02
4.557209089398384094e-03 1.270040310919284821e-02
5.143607500940561295e-03 1.275431457906961441e-02
5.273438990116119385e-03 1.464670058339834213e-02
5.447313189506530762e-03 1.413136161863803864e-02
4.893518518656492233e-03 1.300346571952104568e-02
4.364563152194023132e-03 1.288383733481168747e-02
5.350639577955007553e-03 1.517063472419977188e-02
6.998796015977859497e-03 1.380797103047370911e-02
5.491637624800205231e-03 1.317697763442993164e-02
4.821609705686569214e-03 1.274663582444190979e-02
4.496514797210693359e-03 1.626047305762767792e-02
5.465354770421981812e-03 1.352006942033767700e-02
4.345135763287544250e-03 1.351104397326707840e-02
4.379059188067913055e-03 1.343573722988367081e-02
4.847607109695672989e-03 1.278479490429162979e-02
4.147577099502086639e-03 1.282091345638036728e-02
4.541650880128145218e-03 1.351069752126932144e-02
4.703372251242399216e-03 1.262519322335720062e-02
4.082412458956241608e-03 1.313380524516105652e-02
4.399925004690885544e-03 1.256962306797504425e-02
4.130499903112649918e-03 1.320892106741666794e-02
3.953173290938138962e-03 1.298603136092424393e-02
4.588085226714611053e-03 1.309298258274793625e-02
3.780689556151628494e-03 1.289689075201749802e-02
4.229687619954347610e-03 1.407148223370313644e-02
5.621970165520906448e-03 1.339787989854812622e-02
6.614589132368564606e-03 1.339507102966308594e-02
4.555996973067522049e-03 1.277304813265800476e-02
4.026507958769798279e-03 1.253506541252136230e-02
4.065609071403741837e-03 1.276874542236328125e-02
4.377300385385751724e-03 1.333959586918354034e-02
4.449460189789533615e-03 1.291360985487699509e-02
5.226927809417247772e-03 1.627590693533420563e-02
5.268038250505924225e-03 1.255792472511529922e-02
3.985820803791284561e-03 1.299103070050477982e-02
5.658132955431938171e-03 1.714936271309852600e-02
6.392260082066059113e-03 1.323643140494823456e-02
4.324815236032009125e-03 1.474701054394245148e-02
5.079841706901788712e-03 1.292545255273580551e-02
3.742273198440670967e-03 1.289462763816118240e-02
3.994164988398551941e-03 1.341720856726169586e-02
5.369590129703283310e-03 1.288073789328336716e-02
4.054646939039230347e-03 1.268527098000049591e-02
4.134083166718482971e-03 1.253269240260124207e-02
3.578331088647246361e-03 1.498111896216869354e-02
5.328945815563201904e-03 1.280874479562044144e-02
3.675973275676369667e-03 1.231738366186618805e-02
3.258869983255863190e-03 1.296584680676460266e-02
3.496877383440732956e-03 1.253641489893198013e-02
3.547564614564180374e-03 1.268624514341354370e-02
4.209892824292182922e-03 1.243029162287712097e-02
3.588465740904211998e-03 1.260591018944978714e-02
4.495617002248764038e-03 1.372322719544172287e-02
6.279603578150272369e-03 1.273301895707845688e-02
3.889395855367183685e-03 1.246783602982759476e-02
3.487522946670651436e-03 1.257118675857782364e-02
3.587082028388977051e-03 1.320162881165742874e-02
3.503485582768917084e-03 1.254693418741226196e-02
3.582869889214634895e-03 1.297463662922382355e-02
4.444088321179151535e-03 1.266861800104379654e-02
3.855093847960233688e-03 1.380781177431344986e-02
3.642649855464696884e-03 1.324569806456565857e-02
3.913991153240203857e-03 1.282989140599966049e-02
4.049741663038730621e-03 1.268022973090410233e-02
3.570602741092443466e-03 1.277694664895534515e-02
4.503630101680755615e-03 1.243840251117944717e-02
4.147480707615613937e-03 1.284925173968076706e-02
3.724697511643171310e-03 1.290063280612230301e-02
3.386272583156824112e-03 1.252718642354011536e-02
4.485513083636760712e-03 1.238997466862201691e-02
5.429845768958330154e-03 1.305819954723119736e-02
4.530041012912988663e-03 1.301307231187820435e-02
3.701978363096714020e-03 1.279971748590469360e-02
3.288230160251259804e-03 1.265908870846033096e-02
2.902497770264744759e-03 1.299771666526794434e-02
3.606701269745826721e-03 1.270472537726163864e-02
3.209105692803859711e-03 1.357598975300788879e-02
3.224653657525777817e-03 1.268144790083169937e-02
3.697639331221580505e-03 1.278189476579427719e-02
3.887447994202375412e-03 1.296647731214761734e-02
4.484184551984071732e-03 1.276409067213535309e-02
4.383594263345003128e-03 1.279410161077976227e-02
3.675180487334728241e-03 1.372308563441038132e-02
3.860085969790816307e-03 1.240449585020542145e-02
3.325439291074872017e-03 1.348217017948627472e-02
4.759043455123901367e-03 1.307711377739906311e-02
3.843692597001791000e-03 1.273094024509191513e-02
3.944305703043937683e-03 1.316313818097114563e-02
5.588437430560588837e-03 1.375826634466648102e-02
4.141170997172594070e-03 1.240574382245540619e-02
2.722353441640734673e-03 1.253840699791908264e-02
3.230913309380412102e-03 1.246673893183469772e-02
3.094665240496397018e-03 1.248623989522457123e-02
2.931904513388872147e-03 1.239254046231508255e-02
3.874621586874127388e-03 1.324112433940172195e-02
2.995723625645041466e-03 1.238074712455272675e-02
3.120134584605693817e-03 1.389229297637939453e-02
4.825846292078495026e-03 1.293797697871923447e-02
4.657508339732885361e-03 1.311839558184146881e-02
4.609210416674613953e-03 1.257137209177017212e-02
3.454374615103006363e-03 1.292417850345373154e-02
4.476698115468025208e-03 1.268504187464714050e-02
3.700488479807972908e-03 1.238724775612354279e-02
3.374942811205983162e-03 1.239085663110017776e-02
3.085851669311523438e-03 1.267851796001195908e-02
2.884137444198131561e-03 1.305184140801429749e-02
3.670087782666087151e-03 1.208645571023225784e-02
3.006892744451761246e-03 1.255476567894220352e-02
3.625529585406184196e-03 1.340531837195158005e-02
3.975060302764177322e-03 1.432946510612964630e-02
4.022597800940275192e-03 1.296906918287277222e-02
3.810308175161480904e-03 1.274631265550851822e-02
3.721210872754454613e-03 1.277697645127773285e-02
3.498011268675327301e-03 1.238009706139564514e-02
2.960373880341649055e-03 1.247847359627485275e-02
2.908788854256272316e-03 1.265057642012834549e-02
3.287589643150568008e-03 1.248092297464609146e-02
2.997389063239097595e-03 1.366285793483257294e-02
3.654941217973828316e-03 1.239694096148014069e-02
3.921569790691137314e-03 1.408574916422367096e-02
3.413488622754812241e-03 1.241819933056831360e-02
3.286896506324410439e-03 1.287788990885019302e-02
3.603355260565876961e-03 1.248562987893819809e-02
3.015935653820633888e-03 1.262815017253160477e-02
2.890081377699971199e-03 1.293602399528026581e-02
4.065326415002346039e-03 1.317419763654470444e-02
4.523462615907192230e-03 1.264680176973342896e-02
4.327275790274143219e-03 1.245468016713857651e-02
3.554862225428223610e-03 1.226488966494798660e-02
3.700093366205692291e-03 1.240533683449029922e-02
3.032471518963575363e-03 1.416876446455717087e-02
3.491327865049242973e-03 1.369720604270696640e-02
3.126501105725765228e-03 1.284391805529594421e-02
3.761876607313752174e-03 1.268063206225633621e-02
3.580430522561073303e-03 1.218105014413595200e-02
4.798111505806446075e-03 1.256365608423948288e-02
2.978948177769780159e-03 1.222184766083955765e-02
2.725970931351184845e-03 1.271384116262197495e-02
2.980791497975587845e-03 1.234822627156972885e-02
4.019947722554206848e-03 1.562378928065299988e-02
4.367789253592491150e-03 1.285876147449016571e-02
3.225662745535373688e-03 1.299287099391222000e-02
4.282295703887939453e-03 1.259662117809057236e-02
3.019432770088315010e-03 1.239318493753671646e-02
2.559582004323601723e-03 1.209740620106458664e-02
2.847983967512845993e-03 1.208938844501972198e-02
2.814600709825754166e-03 1.247524376958608627e-02
3.532107220962643623e-03 1.229091454297304153e-02
3.729806048795580864e-03 1.288091205060482025e-02
4.048567730933427811e-03 1.255347020924091339e-02
4.842152819037437439e-03 1.333418209105730057e-02
4.529077559709548950e-03 1.219635922461748123e-02
5.074660293757915497e-03 1.414659153670072556e-02
4.914268385618925095e-03 1.259140577167272568e-02
3.612826112657785416e-03 1.202645525336265564e-02
2.764672739431262016e-03 1.257786899805068970e-02
2.363885985687375069e-03 1.198164094239473343e-02
3.042757045477628708e-03 1.218087784945964813e-02
2.838818589225411415e-03 1.270299591124057770e-02
2.934178570285439491e-03 1.255453377962112427e-02
3.014110494405031204e-03 1.217383984476327896e-02
2.276022220030426979e-03 1.212923321872949600e-02
3.017485607415437698e-03 1.299989037215709686e-02
2.710883272811770439e-03 1.251596771180629730e-02
5.414458923041820526e-03 1.370554324239492416e-02
7.170010358095169067e-03 1.268582418560981750e-02
4.916493315249681473e-03 1.386059448122978210e-02
3.862610086798667908e-03 1.227898336946964264e-02
2.465672325342893600e-03 1.215830259025096893e-02
2.679588040336966515e-03 1.204496063292026520e-02
3.136316081508994102e-03 1.258824393153190613e-02
2.610617550089955330e-03 1.199822779744863510e-02
2.521928166970610619e-03 1.216377504169940948e-02
2.688182750716805458e-03 1.224678009748458862e-02
3.131967969238758087e-03 1.229116972535848618e-02
2.167335012927651405e-03 1.224168669432401657e-02
2.315801335498690605e-03 1.238111499696969986e-02
2.297008177265524864e-03 1.279415562748908997e-02
3.581522032618522644e-03 1.208378653973340988e-02
2.535506384447216988e-03 1.229585055261850357e-02
2.488949801772832870e-03 1.322005689144134521e-02
3.305961377918720245e-03 1.195133570581674576e-02
2.685738261789083481e-03 1.211450062692165375e-02
4.665390588343143463e-03 1.304561831057071686e-02
4.887139424681663513e-03 1.246635429561138153e-02
2.860065083950757980e-03 1.254744548350572586e-02
3.003546269610524178e-03 1.206394657492637634e-02
2.373764058575034142e-03 1.202791091054677963e-02
2.448206301778554916e-03 1.213215943425893784e-02
2.943663392215967178e-03 1.224808581173419952e-02
3.076370107010006905e-03 1.203137170523405075e-02
3.631413448601961136e-03 1.207178179174661636e-02
3.381387097761034966e-03 1.222640182822942734e-02
2.551691839471459389e-03 1.226878818124532700e-02
2.705851336941123009e-03 1.257324405014514923e-02
3.000372322276234627e-03 1.211137976497411728e-02
2.865396672859787941e-03 1.205915771424770355e-02
2.942923456430435181e-03 1.233879011124372482e-02
2.668754663318395615e-03 1.184763386845588684e-02
2.613109769299626350e-03 1.188145298510789871e-02
3.174023935571312904e-03 1.196820195764303207e-02
3.019749186933040619e-03 1.196185871958732605e-02
2.583405002951622009e-03 1.210509333759546280e-02
3.429893404245376587e-03 1.209845580160617828e-02
3.574643982574343681e-03 1.326725445687770844e-02
3.077665111050009727e-03 1.207634247839450836e-02
2.484384691342711449e-03 1.193975564092397690e-02
2.490317681804299355e-03 1.197451911866664886e-02
3.680610563606023788e-03 1.184571068733930588e-02
3.473634831607341766e-03 1.213893294334411621e-02
3.935039509087800980e-03 1.208923850208520889e-02
3.540479112416505814e-03 1.237163040786981583e-02
3.504994092509150505e-03 1.214731391519308090e-02
2.953297691419720650e-03 1.185595523566007614e-02
2.579186344519257545e-03 1.173243392258882523e-02
3.433363744989037514e-03 1.180761121213436127e-02
2.701667603105306625e-03 1.189722400158643723e-02
2.548470394685864449e-03 1.260708365589380264e-02
2.915874589234590530e-03 1.204733550548553467e-02
2.601967658847570419e-03 1.264974474906921387e-02
3.302464727312326431e-03 1.200140919536352158e-02
2.816523425281047821e-03 1.296288240700960159e-02
3.062016330659389496e-03 1.298742834478616714e-02
3.354675834998488426e-03 1.213852129876613617e-02
3.192182630300521851e-03 1.194923650473356247e-02
3.075561719015240669e-03 1.164318248629570007e-02
2.452214946970343590e-03 1.204488798975944519e-02
2.696292474865913391e-03 1.192115060985088348e-02
2.365978667512536049e-03 1.205048523843288422e-02
2.852975623682141304e-03 1.177512761205434799e-02
3.177191130816936493e-03 1.267578545957803726e-02
2.771381987258791924e-03 1.330298371613025665e-02
3.056184155866503716e-03 1.156150456517934799e-02
2.847929252311587334e-03 1.183310803025960922e-02
2.679638098925352097e-03 1.236014161258935928e-02
2.795839216560125351e-03 1.225791312754154205e-02
2.354736439883708954e-03 1.159773860126733780e-02
2.251558005809783936e-03 1.168738491833209991e-02
1.988185103982686996e-03 1.175749395042657852e-02
2.300885505974292755e-03 1.290149055421352386e-02
3.632263280451297760e-03 1.175737474113702774e-02
3.579429117962718010e-03 1.236455328762531281e-02
3.199104918166995049e-03 1.193616259843111038e-02
2.584314439445734024e-03 1.203301735222339630e-02
4.144066013395786285e-03 1.219934504479169846e-02
4.496396053582429886e-03 1.272360049188137054e-02
3.886534366756677628e-03 1.170127745717763901e-02
2.966302912682294846e-03 1.309017371386289597e-02
4.681230057030916214e-03 1.409181300550699234e-02
4.991115536540746689e-03 1.217613089829683304e-02
2.985760569572448730e-03 1.245364639908075333e-02
3.314164001494646072e-03 1.198347657918930054e-02
4.503644537180662155e-03 1.174234040081501007e-02
2.805738942697644234e-03 1.163453329354524612e-02
2.792271552607417107e-03 1.168832182884216309e-02
1.992273377254605293e-03 1.157438289374113083e-02
2.092764480039477348e-03 1.143394876271486282e-02
2.162419958040118217e-03 1.147355791181325912e-02
2.095174975693225861e-03 1.170329377055168152e-02
2.659027464687824249e-03 1.147442217916250229e-02
2.488635014742612839e-03 1.171598955988883972e-02
3.016507020220160484e-03 1.165091712027788162e-02
3.183251945301890373e-03 1.166969351470470428e-02
2.713697031140327454e-03 1.137972623109817505e-02
2.248155418783426285e-03 1.147376839071512222e-02
2.410496817901730537e-03 1.348156109452247620e-02
3.178019775077700615e-03 1.153262052685022354e-02
3.175543155521154404e-03 1.211907994002103806e-02
2.708665095269680023e-03 1.140185631811618805e-02
2.166740363463759422e-03 1.158977113664150238e-02
2.273654332384467125e-03 1.247478649020195007e-02
2.956741489470005035e-03 1.162799261510372162e-02
3.244572551921010017e-03 1.243349909782409668e-02
4.191933665424585342e-03 1.196241565048694611e-02
4.029992967844009399e-03 1.310914382338523865e-02
3.239302430301904678e-03 1.143410708755254745e-02
3.538661869242787361e-03 1.174164004623889923e-02
2.916089957579970360e-03 1.169020682573318481e-02
2.197755733504891396e-03 1.208810601383447647e-02
4.080203827470541000e-03 1.122867781668901443e-02
3.228308167308568954e-03 1.139411050826311111e-02
3.278681309893727303e-03 1.159555930644273758e-02
2.260489854961633682e-03 1.195076759904623032e-02
2.280098153278231621e-03 1.131002698093652725e-02
1.974933547899127007e-03 1.188918016850948334e-02
2.059025457128882408e-03 1.151683926582336426e-02
2.110770903527736664e-03 1.169659011065959930e-02
1.997612649574875832e-03 1.156679913401603699e-02
2.062829444184899330e-03 1.142037194222211838e-02
2.309027593582868576e-03 1.160283666104078293e-02
2.587504684925079346e-03 1.158247329294681549e-02
3.419653978198766708e-03 1.163544692099094391e-02
3.062815172597765923e-03 1.187048945575952530e-02
3.632633015513420105e-03 1.199177838861942291e-02
3.490237984806299210e-03 1.156183797866106033e-02
2.636129502207040787e-03 1.176370587199926376e-02
2.384498482570052147e-03 1.166805252432823181e-02
2.869981806725263596e-03 1.196557655930519104e-02
2.585141453891992569e-03 1.145828422158956528e-02
3.506036009639501572e-03 1.177142094820737839e-02
3.017268143594264984e-03 1.161145139485597610e-02
2.521141665056347847e-03 1.134361419826745987e-02
2.485703211277723312e-03 1.238475553691387177e-02
3.428463591262698174e-03 1.182572636753320694e-02
2.295448677614331245e-03 1.184734050184488297e-02
2.533805556595325470e-03 1.130916923284530640e-02
2.879002131521701813e-03 1.148647535592317581e-02
3.149878233671188354e-03 1.156918331980705261e-02
2.722776960581541061e-03 1.172234863042831421e-02
3.403082722797989845e-03 1.168111339211463928e-02
3.811498172581195831e-03 1.174893975257873535e-02
3.090169513598084450e-03 1.162503939121961594e-02
2.632787683978676796e-03 1.138780172914266586e-02
2.520252019166946411e-03 1.125155761837959290e-02
2.365353284403681755e-03 1.167036965489387512e-02
2.332616597414016724e-03 1.165817677974700928e-02
2.680463716387748718e-03 1.175945997238159180e-02
2.388989785686135292e-03 1.145716477185487747e-02
2.437669318169355392e-03 1.218116004019975662e-02
2.581312321126461029e-03 1.152358204126358032e-02
2.437130082398653030e-03 1.139324065297842026e-02
2.342651365324854851e-03 1.202153973281383514e-02
2.554696053266525269e-03 1.182385906577110291e-02
4.003255628049373627e-03 1.261049136519432068e-02
6.283715832978487015e-03 1.237538829445838928e-02
3.697902429848909378e-03 1.135892886668443680e-02
3.326361533254384995e-03 1.111066155135631561e-02
3.136981045827269554e-03 1.147799007594585419e-02
2.207800745964050293e-03 1.118010934442281723e-02
1.914194785058498383e-03 1.253539603203535080e-02
3.360868664458394051e-03 1.139373425394296646e-02
2.058369107544422150e-03 1.107696350663900375e-02
2.732039894908666611e-03 1.137314643710851669e-02
2.431961242109537125e-03 1.122207473963499069e-02
1.861978671513497829e-03 1.127128954976797104e-02
2.296562539413571358e-03 1.145761832594871521e-02
2.156909788027405739e-03 1.142059918493032455e-02
2.191702835261821747e-03 1.141437329351902008e-02
1.944838673807680607e-03 1.335924956947565079e-02
5.217016674578189850e-03 1.239593513309955597e-02
4.131952300667762756e-03 1.303370203822851181e-02
3.080651164054870605e-03 1.114511676132678986e-02
2.197654917836189270e-03 1.132370717823505402e-02
2.057578880339860916e-03 1.112885680049657822e-02
2.648356370627880096e-03 1.136408001184463501e-02
3.082306822761893272e-03 1.139554660767316818e-02
3.291172208264470100e-03 1.236666180193424225e-02
3.247167449444532394e-03 1.110969390720129013e-02
2.386545063927769661e-03 1.158239692449569702e-02
2.289381343871355057e-03 1.124756783246994019e-02
2.509017242118716240e-03 1.116318535059690475e-02
1.998859923332929611e-03 1.125747151672840118e-02
1.783469691872596741e-03 1.099952869117259979e-02
1.836861134506762028e-03 1.143012568354606628e-02
2.160832285881042480e-03 1.112292706966400146e-02
1.711738761514425278e-03 1.117965858429670334e-02
2.265854040160775185e-03 1.160272955894470215e-02
2.644890686497092247e-03 1.126486901193857193e-02
2.197488676756620407e-03 1.119742821902036667e-02
1.979611115530133247e-03 1.120549626648426056e-02
2.860408276319503784e-03 1.274960860610008240e-02
3.548347856849431992e-03 1.139704696834087372e-02
2.956588054075837135e-03 1.212150696665048599e-02
2.444867976009845734e-03 1.158255618065595627e-02
3.092837287113070488e-03 1.137147005647420883e-02
3.651171457022428513e-03 1.105253584682941437e-02
2.497392240911722183e-03 1.110027451068162918e-02
3.223826643079519272e-03 1.248761638998985291e-02
3.061926690861582756e-03 1.157244481146335602e-02
2.216443419456481934e-03 1.085285563021898270e-02
2.022690605372190475e-03 1.129224058240652084e-02
2.442653058096766472e-03 1.103826705366373062e-02
3.188425442203879356e-03 1.180181093513965607e-02
2.892823424190282822e-03 1.158744934946298599e-02
2.914033830165863037e-03 1.221300102770328522e-02
5.698073189705610275e-03 1.214704662561416626e-02
4.827209282666444778e-03 1.098207663744688034e-02
2.351813949644565582e-03 1.139943022280931473e-02
2.390719251707196236e-03 1.124536339193582535e-02
2.484228694811463356e-03 1.090526208281517029e-02
1.965639647096395493e-03 1.100261788815259933e-02
1.638152170926332474e-03 1.147955656051635742e-02
1.919529633596539497e-03 1.087952032685279846e-02
1.558779040351510048e-03 1.093552354723215103e-02
1.568541279993951321e-03 1.135252416133880615e-02
1.903422875329852104e-03 1.102947164326906204e-02
1.740625943057239056e-03 1.106466632336378098e-02
2.064424334093928337e-03 1.101326756179332733e-02
1.834151567891240120e-03 1.195111498236656189e-02
2.377480035647749901e-03 1.148659735918045044e-02
2.066513057798147202e-03 1.119912602007389069e-02
1.998897409066557884e-03 1.106794364750385284e-02
1.879253191873431206e-03 1.096889935433864594e-02
1.726598828099668026e-03 1.098668947815895081e-02
3.023630939424037933e-03 1.095019094645977020e-02
2.546578645706176758e-03 1.150084938853979111e-02
2.023942535743117332e-03 1.116589363664388657e-02
2.056641038507223129e-03 1.127818319946527481e-02
1.901164650917053223e-03 1.118877623230218887e-02
3.218015888705849648e-03 1.161393336951732635e-02
4.884414840489625931e-03 1.197092514485120773e-02
2.978476695716381073e-03 1.092069782316684723e-02
2.623882843181490898e-03 1.180524099618196487e-02
4.389217123389244080e-03 1.119116879999637604e-02
3.758273320272564888e-03 1.152417529374361038e-02
4.521933384239673615e-03 1.142990030348300934e-02
3.858787706121802330e-03 1.195451803505420685e-02
5.352974403649568558e-03 1.183881703764200211e-02
3.897417802363634109e-03 1.101709250360727310e-02
2.556703053414821625e-03 1.163819152861833572e-02
2.012775512412190437e-03 1.080507412552833557e-02
1.566981314681470394e-03 1.085075922310352325e-02
1.871006679721176624e-03 1.095037348568439484e-02
2.138505922630429268e-03 1.088312175124883652e-02
2.428440842777490616e-03 1.120176725089550018e-02
1.699588494375348091e-03 1.079278066754341125e-02
1.507007633335888386e-03 1.087930332869291306e-02
1.556569826789200306e-03 1.072377339005470276e-02
1.482703839428722858e-03 1.092623360455036163e-02
1.764357322826981544e-03 1.144693698734045029e-02
1.969530479982495308e-03 1.137499697506427765e-02
2.051344141364097595e-03 1.088558044284582138e-02
1.843754551373422146e-03 1.094545796513557434e-02
2.645768458023667336e-03 1.091072708368301392e-02
2.570552052929997444e-03 1.097679790109395981e-02
2.448384882882237434e-03 1.079635974019765854e-02
1.925605698488652706e-03 1.082530152052640915e-02
1.883591176010668278e-03 1.154063828289508820e-02
3.618755144998431206e-03 1.144929602742195129e-02
2.022747416049242020e-03 1.073944848030805588e-02
1.893652835860848427e-03 1.073986757546663284e-02
1.740900916047394276e-03 1.081190351396799088e-02
1.614706940017640591e-03 1.083001308143138885e-02
3.004848491400480270e-03 1.070131734013557434e-02
2.405095146968960762e-03 1.091606263071298599e-02
2.408304251730442047e-03 1.109624002128839493e-02
1.911166938953101635e-03 1.079162955284118652e-02
2.164034871384501457e-03 1.112889964133501053e-02
2.154616406187415123e-03 1.072844397276639938e-02
1.965247560292482376e-03 1.084194332361221313e-02
1.784952124580740929e-03 1.069822721183300018e-02
2.553483471274375916e-03 1.139250956475734711e-02
3.465990535914897919e-03 1.083079539239406586e-02
3.041639924049377441e-03 1.105468533933162689e-02
2.690524794161319733e-03 1.096770446747541428e-02
2.448485232889652252e-03 1.096432376652956009e-02
2.511253114789724350e-03 1.105744484812021255e-02
2.139494521543383598e-03 1.141672115772962570e-02
2.860016189515590668e-03 1.122137717902660370e-02
3.416949650272727013e-03 1.291727833449840546e-02
3.458501538261771202e-03 1.089936029165983200e-02
2.129779895767569542e-03 1.187409926205873489e-02
3.143025329336524010e-03 1.169821061193943024e-02
3.096224274486303329e-03 1.093420013785362244e-02
3.880280535668134689e-03 1.114842854440212250e-02
3.236209275200963020e-03 1.096746698021888733e-02
3.252592636272311211e-03 1.085665356367826462e-02
3.033469663932919502e-03 1.108225248754024506e-02
2.276408253237605095e-03 1.066159643232822418e-02
2.191575011238455772e-03 1.090585067868232727e-02
2.035638550296425819e-03 1.064761076122522354e-02
1.713646110147237778e-03 1.085133757442235947e-02
2.403803635388612747e-03 1.062412653118371964e-02
2.637618454173207283e-03 1.146889943629503250e-02
2.331396099179983139e-03 1.065250858664512634e-02
1.692915800958871841e-03 1.074314210563898087e-02
1.649988233111798763e-03 1.070252526551485062e-02
1.726198242977261543e-03 1.052650250494480133e-02
2.296791411936283112e-03 1.109159179031848907e-02
3.334579290822148323e-03 1.070806384086608887e-02
2.822725567966699600e-03 1.050093490630388260e-02
3.588630817830562592e-03 1.214042771607637405e-02
2.670050598680973053e-03 1.090054120868444443e-02
1.900086994282901287e-03 1.128361560404300690e-02
2.132851863279938698e-03 1.065233349800109863e-02
1.961001195013523102e-03 1.130351796746253967e-02
2.420748583972454071e-03 1.083099935203790665e-02
2.237408421933650970e-03 1.047368813306093216e-02
1.627182587981224060e-03 1.065217610448598862e-02
1.702452311292290688e-03 1.056820806115865707e-02
1.772923977114260197e-03 1.135431230068206787e-02
2.699570264667272568e-03 1.091656275093555450e-02
3.517970209941267967e-03 1.288121100515127182e-02
4.436955787241458893e-03 1.143989711999893188e-02
3.310375381261110306e-03 1.081753149628639221e-02
3.402200294658541679e-03 1.078817155212163925e-02
1.989450305700302124e-03 1.083382312208414078e-02
2.155661117285490036e-03 1.119066681712865829e-02
2.527936594560742378e-03 1.101335790008306503e-02
2.478386275470256805e-03 1.104235649108886719e-02
1.850964850746095181e-03 1.062558405101299286e-02
1.916816807352006435e-03 1.067999470978975296e-02
1.903643482364714146e-03 1.072679832577705383e-02
2.105727791786193848e-03 1.082200463861227036e-02
1.701494096778333187e-03 1.175270229578018188e-02
3.309617284685373306e-03 1.096777524799108505e-02
1.860449556261301041e-03 1.120259333401918411e-02
3.750680945813655853e-03 1.177991740405559540e-02
3.796373028308153152e-03 1.078720577061176300e-02
2.323807915672659874e-03 1.072493195533752441e-02
2.058990998193621635e-03 1.118756923824548721e-02
2.310255542397499084e-03 1.048968080431222916e-02
2.362562809139490128e-03 1.063281018286943436e-02
1.886745449155569077e-03 1.044785697013139725e-02
1.945682452060282230e-03 1.055438723415136337e-02
1.608067075721919537e-03 1.048801653087139130e-02
1.841082121245563030e-03 1.069664955139160156e-02
1.893378444947302341e-03 1.054297480732202530e-02
1.554846181534230709e-03 1.066632941365242004e-02
1.832563430070877075e-03 1.049706712365150452e-02
2.292828867211937904e-03 1.120663713663816452e-02
2.596961567178368568e-03 1.069608703255653381e-02
1.823560218326747417e-03 1.081651821732521057e-02
2.258070977404713631e-03 1.082263700664043427e-02
2.436976647004485130e-03 1.049402914941310883e-02
4.054282791912555695e-03 1.071556657552719116e-02
3.805912798270583153e-03 1.069907844066619873e-02
3.504795720800757408e-03 1.049200724810361862e-02
2.181350486353039742e-03 1.073805335909128189e-02
1.884120167233049870e-03 1.052110642194747925e-02
1.777068013325333595e-03 1.048605423420667648e-02
1.701590255834162235e-03 1.075047813355922699e-02
1.773552037775516510e-03 1.046164054423570633e-02
1.723310095258057117e-03 1.100154686719179153e-02
4.428095184266567230e-03 1.098620053380727768e-02
3.013806650415062904e-03 1.045977417379617691e-02
3.161038970574736595e-03 1.050060335546731949e-02
2.192373853176832199e-03 1.059427019208669662e-02
3.393914084881544113e-03 1.055573113262653351e-02
2.260654699057340622e-03 1.065990328788757324e-02
2.463462762534618378e-03 1.045550312846899033e-02
2.021706197410821915e-03 1.030745077878236771e-02
1.607329584658145905e-03 1.047945767641067505e-02
2.086870372295379639e-03 1.134716626256704330e-02
2.643815241754055023e-03 1.062636543065309525e-02
2.272326033562421799e-03 1.073057390749454498e-02
3.877582261338829994e-03 1.121931429952383041e-02
2.876198384910821915e-03 1.110823173075914383e-02
2.264229580760002136e-03 1.041603833436965942e-02
2.549050608649849892e-03 1.098468899726867676e-02
3.011160762980580330e-03 1.067377999424934387e-02
1.857293071225285530e-03 1.050162687897682190e-02
1.683109090663492680e-03 1.039797253906726837e-02
1.727334223687648773e-03 1.027990225702524185e-02
2.015307312831282616e-03 1.075969263911247253e-02
3.817355958744883537e-03 1.049698330461978912e-02
2.047832123935222626e-03 1.052440982311964035e-02
1.640791771933436394e-03 1.044450327754020691e-02
1.737083308398723602e-03 1.027463003993034363e-02
1.468186965212225914e-03 1.060555502772331238e-02
1.467861467972397804e-03 1.033383794128894806e-02
1.678421045653522015e-03 1.159319560974836349e-02
2.538646338507533073e-03 1.040091458708047867e-02
1.743082073517143726e-03 1.057749055325984955e-02
2.518471330404281616e-03 1.043381728231906891e-02
2.573465462774038315e-03 1.136964466422796249e-02
2.618335187435150146e-03 1.044204179197549820e-02
2.236883388832211494e-03 1.058800797909498215e-02
2.590979915112257004e-03 1.033520232886075974e-02
1.864273217506706715e-03 1.051504164934158325e-02
2.172924811020493507e-03 1.039908174425363541e-02
1.830196706578135490e-03 1.095390785485506058e-02
1.558963791467249393e-03 1.065088622272014618e-02
2.388864289969205856e-03 1.198204047977924347e-02
4.029996227473020554e-03 1.074458658695220947e-02
2.958387136459350586e-03 1.089495047926902771e-02
2.899907063692808151e-03 1.083129458129405975e-02
2.819471294060349464e-03 1.077004428952932358e-02
3.230656730011105537e-03 1.080311276018619537e-02
2.531754784286022186e-03 1.096059195697307587e-02
2.132751978933811188e-03 1.021662447601556778e-02
2.059483202174305916e-03 1.056501735001802444e-02
1.968216616660356522e-03 1.073988433927297592e-02
2.432506764307618141e-03 1.075933780521154404e-02
2.338872756808996201e-03 1.075393334031105042e-02
2.030805451795458794e-03 1.038883160799741745e-02
1.693589845672249794e-03 1.042120531201362610e-02
2.030917908996343613e-03 1.165473461151123047e-02
2.139269839972257614e-03 1.042102277278900146e-02
2.392212860286235809e-03 1.057930383831262589e-02
1.964904600754380226e-03 1.033315155655145645e-02
1.671621226705610752e-03 1.027880050241947174e-02
1.787947257980704308e-03 1.049001701176166534e-02
2.187477890402078629e-03 1.022078655660152435e-02
2.307489281520247459e-03 1.047536171972751617e-02
1.794764306396245956e-03 1.065331976860761642e-02
1.429461175575852394e-03 1.041388418525457382e-02
1.594835775904357433e-03 1.025472488254308701e-02
2.068475121632218361e-03 1.037272159010171890e-02
2.723176032304763794e-03 1.069393288344144821e-02
3.039722330868244171e-03 1.055929530411958694e-02
2.350802300497889519e-03 1.085089799016714096e-02
2.835056278854608536e-03 1.022820081561803818e-02
1.944887218996882439e-03 1.029096823185682297e-02
2.130519133061170578e-03 1.025883853435516357e-02
1.613023108802735806e-03 1.044111512601375580e-02
2.884293207898736000e-03 1.093588024377822876e-02
4.411425907164812088e-03 1.028820313513278961e-02
4.274279810488224030e-03 1.195847708731889725e-02
2.881406806409358978e-03 1.079930830746889114e-02
2.492333296686410904e-03 1.146399229764938354e-02
3.326283069327473640e-03 1.192031893879175186e-02
3.006463870406150818e-03 1.031271275132894516e-02
2.043331973254680634e-03 1.017423067241907120e-02
1.523570157587528229e-03 1.025372184813022614e-02
1.577208517119288445e-03 1.018964778631925583e-02
1.627056859433650970e-03 1.013057120144367218e-02
1.755453529767692089e-03 1.018933020532131195e-02
2.212364459410309792e-03 1.056130230426788330e-02
1.699121319688856602e-03 1.043568365275859833e-02
3.217495977878570557e-03 1.188776362687349319e-02
3.145142225548624992e-03 1.030886452645063400e-02
2.427286235615611076e-03 1.036373339593410492e-02
1.736044650897383690e-03 1.024899818003177643e-02
1.696154242381453514e-03 1.036988291889429092e-02
1.623294781893491745e-03 1.014090608805418015e-02
1.701103756204247475e-03 1.026490982621908188e-02
2.010069089010357857e-03 1.038924977183341980e-02
1.763718086294829845e-03 1.018103770911693573e-02
1.336332177743315697e-03 1.045436505228281021e-02
1.680187066085636616e-03 1.014062669128179550e-02
1.660057809203863144e-03 1.012091524899005890e-02
2.459130948409438133e-03 1.092818286269903183e-02
2.826972864568233490e-03 1.041351165622472763e-02
2.198857720941305161e-03 1.034711673855781555e-02
1.671903417445719242e-03 1.031289063394069672e-02
2.342107472941279411e-03 1.100761815905570984e-02
4.093229770660400391e-03 1.102056168019771576e-02
4.524934571236371994e-03 1.142685767263174057e-02
3.048862563446164131e-03 1.007304899394512177e-02
1.963012851774692535e-03 1.015416346490383148e-02
1.668765093199908733e-03 1.050239615142345428e-02
1.742801629006862640e-03 1.007600873708724976e-02
1.567407161928713322e-03 1.028990559279918671e-02
1.346902339719235897e-03 1.036919001489877701e-02
1.331855426542460918e-03 1.029169000685214996e-02
1.328755635768175125e-03 1.008866634219884872e-02
1.409874996170401573e-03 1.022004615515470505e-02
1.767672249116003513e-03 1.018330547958612442e-02
1.983133144676685333e-03 1.045281160622835159e-02
1.731858123093843460e-03 1.032718457281589508e-02
2.240548608824610710e-03 1.071359403431415558e-02
2.933901734650135040e-03 1.024296972900629044e-02
2.830160316079854965e-03 1.047122012823820114e-02
4.023956600576639175e-03 1.085648406296968460e-02
3.973427228629589081e-03 1.050351001322269440e-02
2.736441092565655708e-03 1.086865738034248352e-02
2.467716811224818230e-03 1.145150978118181229e-02
2.858535153791308403e-03 1.052873302251100540e-02
2.424711361527442932e-03 1.058363914489746094e-02
2.512630540877580643e-03 1.014617551118135452e-02
1.661508344113826752e-03 1.057305652648210526e-02
2.432905137538909912e-03 9.925754740834236145e-03
1.694590435363352299e-03 1.033585239201784134e-02
1.507428823970258236e-03 9.966764599084854126e-03
1.943742856383323669e-03 1.063215173780918121e-02
2.027830807492136955e-03 1.093630678951740265e-02
1.978381071239709854e-03 1.045485772192478180e-02
2.894564298912882805e-03 1.036333572119474411e-02
1.582083292305469513e-03 1.058353949338197708e-02
2.385538071393966675e-03 1.010533422231674194e-02
1.527876593172550201e-03 1.036474108695983887e-02
1.464858883991837502e-03 1.117489673197269440e-02
1.393401180393993855e-03 1.035416685044765472e-02
1.582309487275779247e-03 1.037947181612253189e-02
1.764418906532227993e-03 1.050450652837753296e-02
2.887742361053824425e-03 1.122862473130226135e-02
3.371194936335086823e-03 1.003210246562957764e-02
2.344780135899782181e-03 9.983989410102367401e-03
2.052328549325466156e-03 1.115417201071977615e-02
2.658355981111526489e-03 1.016291975975036621e-02
2.000243403017520905e-03 1.011042576283216476e-02
1.497471472248435020e-03 1.020069792866706848e-02
1.220474834553897381e-03 9.999597445130348206e-03
1.997451065108180046e-03 1.021921355277299881e-02
2.691954374313354492e-03 1.023412495851516724e-02
2.168556442484259605e-03 1.018247287720441818e-02
2.311958232894539833e-03 1.012381073087453842e-02
1.813187031075358391e-03 1.013375632464885712e-02
1.670857309363782406e-03 1.000424660742282867e-02
1.439142622984945774e-03 1.030190661549568176e-02
2.230888465419411659e-03 1.164356712251901627e-02
3.022602759301662445e-03 1.095342449843883514e-02
2.973042195662856102e-03 1.021369732916355133e-02
2.357858698815107346e-03 1.133291609585285187e-02
3.057538997381925583e-03 1.048416644334793091e-02
2.652152674272656441e-03 1.018370036035776138e-02
2.061727223917841911e-03 1.077068969607353210e-02
3.555460833013057709e-03 1.106231845915317535e-02
3.459833562374114990e-03 1.026487629860639572e-02
2.176835667341947556e-03 9.936538524925708771e-03
2.032586373388767242e-03 1.006088778376579285e-02
2.099381992593407631e-03 1.073357835412025452e-02
2.210479695349931717e-03 1.017755270004272461e-02
1.874714507721364498e-03 1.063150819391012192e-02
1.612985855899751186e-03 1.033012196421623230e-02
2.128126798197627068e-03 1.009486056864261627e-02
1.953779952600598335e-03 1.001887675374746323e-02
1.308631384745240211e-03 1.013637613505125046e-02
1.700270688161253929e-03 1.087050978094339371e-02
2.191314473748207092e-03 9.949590079486370087e-03
2.196260262280702591e-03 1.009656582027673721e-02
1.490889000706374645e-03 1.013372931629419327e-02
2.405321691185235977e-03 1.020794827491044998e-02
1.556781586259603500e-03 1.006808597594499588e-02
1.454693265259265900e-03 9.991127066314220428e-03
1.429102849215269089e-03 1.004943531006574631e-02
1.606418285518884659e-03 1.073205191642045975e-02
2.344537293538451195e-03 1.111936755478382111e-02
4.958580713719129562e-03 1.043652556836605072e-02
5.386715289205312729e-03 1.164273452013731003e-02
3.230390604585409164e-03 1.027198601514101028e-02
2.370019210502505302e-03 9.982075542211532593e-03
2.414678223431110382e-03 1.026489399373531342e-02
1.808585249818861485e-03 9.906831197440624237e-03
1.512111746706068516e-03 9.939110837876796722e-03
1.297681708820164204e-03 9.799877181649208069e-03
1.334603060968220234e-03 9.901556186378002167e-03
1.712118973955512047e-03 9.954845532774925232e-03
1.907298457808792591e-03 1.049145683646202087e-02
1.510347356088459492e-03 1.005131751298904419e-02
1.265897648409008980e-03 1.006163470447063446e-02
1.377760199829936028e-03 9.923243895173072815e-03
1.337350928224623203e-03 9.909086860716342926e-03
1.376767992042005062e-03 1.027167681604623795e-02
2.047518733888864517e-03 1.015655975788831711e-02
2.002076245844364166e-03 9.757795371115207672e-03
1.563497586175799370e-03 1.005537342280149460e-02
1.483312807977199554e-03 9.945311583578586578e-03
1.287410967051982880e-03 1.028095092624425888e-02
1.534892013296484947e-03 1.020903419703245163e-02
2.030016854405403137e-03 1.025010459125041962e-02
2.113471040502190590e-03 1.036598440259695053e-02
2.464006422087550163e-03 1.008786540478467941e-02
3.095994237810373306e-03 1.052077673375606537e-02
2.894978038966655731e-03 9.948075748980045319e-03
2.373734256252646446e-03 9.975686669349670410e-03
2.112691290676593781e-03 9.957183152437210083e-03
1.533536938950419426e-03 1.012779120355844498e-02
1.552936853840947151e-03 1.018952578306198120e-02
3.089782549068331718e-03 1.079535204917192459e-02
2.469556406140327454e-03 1.065356284379959106e-02
2.754969056695699692e-03 1.011989265680313110e-02
2.607726259157061577e-03 1.067450176924467087e-02
1.942699775099754333e-03 9.952390566468238831e-03
1.806820160709321499e-03 1.066130958497524261e-02
1.755567616783082485e-03 1.010345295071601868e-02
1.389264361932873726e-03 1.001481246203184128e-02
2.554183593019843102e-03 1.160047017037868500e-02
2.177445916458964348e-03 1.030356530100107193e-02
1.555808586999773979e-03 1.001808140426874161e-02
1.736709033139050007e-03 9.938129223883152008e-03
1.274258713237941265e-03 1.011633872985839844e-02
1.513193827122449875e-03 1.041108276695013046e-02
2.693663584068417549e-03 1.037064567208290100e-02
1.837486517615616322e-03 1.017364952713251114e-02
1.671975594945251942e-03 1.016822084784507751e-02
1.527040265500545502e-03 9.827797301113605499e-03
1.470268354751169682e-03 1.056097168475389481e-02
1.914482098072767258e-03 1.006242260336875916e-02
2.051139948889613152e-03 1.085982844233512878e-02
2.800819696858525276e-03 1.014223042875528336e-02
2.756602363660931587e-03 1.031213905662298203e-02
2.122547710314393044e-03 1.005298178642988205e-02
1.886196434497833252e-03 1.071529183536767960e-02
3.827692475169897079e-03 1.044216845184564590e-02
3.613875014707446098e-03 1.034508086740970612e-02
2.677454613149166107e-03 9.898880496621131897e-03
2.153056673705577850e-03 9.920913726091384888e-03
1.870088861323893070e-03 9.804180823266506195e-03
1.697644009254872799e-03 1.045922935009002686e-02
1.827344647608697414e-03 9.864950552582740784e-03
1.518221339210867882e-03 9.818132966756820679e-03
2.237763721495866776e-03 9.995173662900924683e-03
1.689347089268267155e-03 9.798779152333736420e-03
2.463130978867411613e-03 1.015127915889024734e-02
2.260089386254549026e-03 1.063581928610801697e-02
2.243893453851342201e-03 9.943536482751369476e-03
1.529619563370943069e-03 1.012940704822540283e-02
2.184864133596420288e-03 9.874789044260978699e-03
2.062991727143526077e-03 1.015090662986040115e-02
2.114850562065839767e-03 9.912515059113502502e-03
1.583944540470838547e-03 1.035545580089092255e-02
1.942720147781074047e-03 9.715683758258819580e-03
1.347515732049942017e-03 9.869024157524108887e-03
1.577723538503050804e-03 1.001453772187232971e-02
1.200101687572896481e-03 9.893719106912612915e-03
1.233829767443239689e-03 9.868472814559936523e-03
2.553310478106141090e-03 1.011826004832983017e-02
5.012095440179109573e-03 1.149386540055274963e-02
6.455487105995416641e-03 9.867569431662559509e-03
5.137200001627206802e-03 1.111762877553701401e-02
3.887782571837306023e-03 1.015910878777503967e-02
2.032719785347580910e-03 9.986910969018936157e-03
1.536765252240002155e-03 9.746876545250415802e-03
1.492262119427323341e-03 9.806585498154163361e-03
1.285806065425276756e-03 9.936720132827758789e-03
1.269798842258751392e-03 9.933211840689182281e-03
1.300138304941356182e-03 9.823909960687160492e-03
1.208427129313349724e-03 9.730305522680282593e-03
1.331393024884164333e-03 9.889081120491027832e-03
1.099596614949405193e-03 9.801370091736316681e-03
1.276724622584879398e-03 9.793300181627273560e-03
2.514347666874527931e-03 1.096946373581886292e-02
2.919022226706147194e-03 1.028786227107048035e-02
1.876358408480882645e-03 9.812233038246631622e-03
1.994720892980694771e-03 9.664126671850681305e-03
1.618159469217061996e-03 9.835285134613513947e-03
1.812110771425068378e-03 9.782061912119388580e-03
1.560179749503731728e-03 1.006006449460983276e-02
1.615137793123722076e-03 9.624229744076728821e-03
1.281964941881597042e-03 9.907438419759273529e-03
1.214082469232380390e-03 9.926252998411655426e-03
1.059494796209037304e-03 9.744183160364627838e-03
1.254529575817286968e-03 9.670417755842208862e-03
1.217630924656987190e-03 9.790772572159767151e-03
1.091216807253658772e-03 9.700648486614227295e-03
1.546021201647818089e-03 9.991105645895004272e-03
1.533597940579056740e-03 1.012083888053894043e-02
1.492336625233292580e-03 1.000816840678453445e-02
1.560435746796429157e-03 9.939678013324737549e-03
1.469026086851954460e-03 9.905954822897911072e-03
1.577542978338897228e-03 9.971483610570430756e-03
1.680905581451952457e-03 9.948062710464000702e-03
1.838148222304880619e-03 1.178968790918588638e-02
5.556012969464063644e-03 1.133309770375490189e-02
3.938433248549699783e-03 1.175237260758876801e-02
2.664077794179320335e-03 1.041206531226634979e-02
2.049205126240849495e-03 9.955442510545253754e-03
1.792752300389111042e-03 9.673596359789371490e-03
1.681261579506099224e-03 9.941106662154197693e-03
1.214865827932953835e-03 9.811951778829097748e-03
1.202590647153556347e-03 9.650945663452148438e-03
1.035838737152516842e-03 9.620935656130313873e-03
1.013585482724010944e-03 9.791037999093532562e-03
1.212825649417936802e-03 9.911839850246906281e-03
1.148114446550607681e-03 9.698730893433094025e-03
1.273998059332370758e-03 1.014215778559446335e-02
2.231316873803734779e-03 9.913846850395202637e-03
2.171586500480771065e-03 1.121634803712368011e-02
2.412998350337147713e-03 9.993597865104675293e-03
2.486292505636811256e-03 1.058280281722545624e-02
2.477345988154411316e-03 9.960521943867206573e-03
1.771385781466960907e-03 1.032821461558341980e-02
2.134882844984531403e-03 9.892821311950683594e-03
1.615278073586523533e-03 9.794739075005054474e-03
1.549873035401105881e-03 9.885909035801887512e-03
1.637563109397888184e-03 1.015209592878818512e-02
1.557840732857584953e-03 9.966376237571239471e-03
1.108411583118140697e-03 1.056396495550870895e-02
2.674590796232223511e-03 1.006302516907453537e-02
3.627950558438897133e-03 1.006354205310344696e-02
2.834377111867070198e-03 1.109541300684213638e-02
4.440369550138711929e-03 1.096435450017452240e-02
3.625524230301380157e-03 9.876069612801074982e-03
1.879708608612418175e-03 9.862571954727172852e-03
1.391663565300405025e-03 1.008255500346422195e-02
1.773794065229594707e-03 9.723448194563388824e-03
1.597982249222695827e-03 9.719825349748134613e-03
1.948107965290546417e-03 9.747563861310482025e-03
1.407747738994657993e-03 9.787160903215408325e-03
1.416953396983444691e-03 9.926046244800090790e-03
1.287292456254363060e-03 9.792388416826725006e-03
1.059479895047843456e-03 1.006445288658142090e-02
1.232946291565895081e-03 9.654861874878406525e-03
1.873696455731987953e-03 9.865238331258296967e-03
1.523470273241400719e-03 9.686412289738655090e-03
2.240778645500540733e-03 9.849707596004009247e-03
1.462254789657890797e-03 9.965663775801658630e-03
1.342337811365723610e-03 9.724618867039680481e-03
1.456291531212627888e-03 9.835278615355491638e-03
1.394320628605782986e-03 9.680954739451408386e-03
1.757110119797289371e-03 1.000717841088771820e-02
2.511470345780253410e-03 1.026537735015153885e-02
2.090330468490719795e-03 1.016807835549116135e-02
2.697500865906476974e-03 1.042481139302253723e-02
3.331073094159364700e-03 1.050332002341747284e-02
5.000968929380178452e-03 1.109777018427848816e-02
3.390558529645204544e-03 9.902674704790115356e-03
1.789854140952229500e-03 1.009804010391235352e-02
2.018477302044630051e-03 9.757385589182376862e-03
1.333111082203686237e-03 9.613085538148880005e-03
1.343975658528506756e-03 9.735550731420516968e-03
1.293711946345865726e-03 9.903999976813793182e-03
1.679032226093113422e-03 9.746779687702655792e-03
1.115292427130043507e-03 9.658678434789180756e-03
1.507143373601138592e-03 9.946754202246665955e-03
1.290887012146413326e-03 9.776301681995391846e-03
1.028005499392747879e-03 9.675486944615840912e-03
1.338516944088041782e-03 9.834259748458862305e-03
1.129677402786910534e-03 9.755955077707767487e-03
1.747886417433619499e-03 9.843829087913036346e-03
1.991491066291928291e-03 9.923158213496208191e-03
1.605607336387038231e-03 9.942146949470043182e-03
2.099688630551099777e-03 9.862533770501613617e-03
1.774050761014223099e-03 1.000228431075811386e-02
1.755506265908479691e-03 9.509451687335968018e-03
1.644378993660211563e-03 9.831205941736698151e-03
1.777647645212709904e-03 1.010766346007585526e-02
2.422431949526071548e-03 1.005105394870042801e-02
2.011800417676568031e-03 9.953878819942474365e-03
1.718525425530970097e-03 9.997170418500900269e-03
2.925755456089973450e-03 9.700826369225978851e-03
3.602070035412907600e-03 1.242870930582284927e-02
3.156937193125486374e-03 9.917821735143661499e-03
2.217702101916074753e-03 9.868342429399490356e-03
1.944572082720696926e-03 9.856660850346088409e-03
1.881152624264359474e-03 9.699982590973377228e-03
1.383393537253141403e-03 9.674580767750740051e-03
1.452710363082587719e-03 9.785812348127365112e-03
1.731457188725471497e-03 9.674015454947948456e-03
2.337926533073186874e-03 9.936038404703140259e-03
1.631671795621514320e-03 9.580146521329879761e-03
1.305901561863720417e-03 9.792986325919628143e-03
1.894634449854493141e-03 9.778879582881927490e-03
2.157550537958741188e-03 9.921153075993061066e-03
2.045769942924380302e-03 9.841515682637691498e-03
1.778696547262370586e-03 9.792443364858627319e-03
1.457694335840642452e-03 1.008571311831474304e-02
2.094508847221732140e-03 9.881651960313320160e-03
1.726288814097642899e-03 9.793370030820369720e-03
1.685769879259169102e-03 9.804540313780307770e-03
2.221613656729459763e-03 9.773789905011653900e-03
1.900286995805799961e-03 9.709153324365615845e-03
2.844646573066711426e-03 1.092386338859796524e-02
3.676123451441526413e-03 1.198673900216817856e-02
4.398881457746028900e-03 1.072663813829421997e-02
3.495661774650216103e-03 9.667060337960720062e-03
3.079093992710113525e-03 9.466913528740406036e-03
2.119979821145534515e-03 9.548380970954895020e-03
1.960241701453924179e-03 9.560002014040946960e-03
2.702148398384451866e-03 9.850276634097099304e-03
3.167256945744156837e-03 1.148420106619596481e-02
3.487613052129745483e-03 1.078750938177108765e-02
2.125848317518830299e-03 9.833091869950294495e-03
1.276974449865520000e-03 9.767355397343635559e-03
1.242920057848095894e-03 9.542607702314853668e-03
1.348879770375788212e-03 9.556119330227375031e-03
1.318846363574266434e-03 1.000947225838899612e-02
1.441491534933447838e-03 9.482814930379390717e-03
1.040338189341127872e-03 9.793465025722980499e-03
1.995610538870096207e-03 1.017601322382688522e-02
1.783705898560583591e-03 9.523605927824974060e-03
1.439640065655112267e-03 9.687149897217750549e-03
1.478341640904545784e-03 9.754221886396408081e-03
1.794783980585634708e-03 9.600780904293060303e-03
1.413624384440481663e-03 9.645425714552402496e-03
1.817791489884257317e-03 9.747367352247238159e-03
1.371921622194349766e-03 9.624072350561618805e-03
1.399623113684356213e-03 9.536230005323886871e-03
1.616145600564777851e-03 9.923629462718963623e-03
2.879783511161804199e-03 9.867873974144458771e-03
2.188989194110035896e-03 1.014447119086980820e-02
2.975432667881250381e-03 9.758583270013332367e-03
2.257553162053227425e-03 9.850431233644485474e-03
1.616431633010506630e-03 9.843095205724239349e-03
1.437786500900983810e-03 9.496000595390796661e-03
1.625090604647994041e-03 9.613046422600746155e-03
1.837519928812980652e-03 9.509555064141750336e-03
1.828617067076265812e-03 9.616580791771411896e-03
1.227993168868124485e-03 9.471060708165168762e-03
1.544289290904998779e-03 1.029706187546253204e-02
2.589957322925329208e-03 9.779521264135837555e-03
2.313478616997599602e-03 9.584942832589149475e-03
1.950329169631004333e-03 9.764816612005233765e-03
1.678675995208323002e-03 9.926796890795230865e-03
1.709066680632531643e-03 9.446223266422748566e-03
2.116570249199867249e-03 9.756821207702159882e-03
2.338764490559697151e-03 9.544147178530693054e-03
1.946741365827620029e-03 9.501538239419460297e-03
1.664922572672367096e-03 9.586636908352375031e-03
1.442717504687607288e-03 9.744741953909397125e-03
2.440629294142127037e-03 1.194203086197376251e-02
3.978216089308261871e-03 1.010126806795597076e-02
2.936267293989658356e-03 9.714034385979175568e-03
2.260586479678750038e-03 9.690293110907077789e-03
1.782730803824961185e-03 1.020079571753740311e-02
2.718535019084811211e-03 9.736221283674240112e-03
2.811831654980778694e-03 9.698472917079925537e-03
2.229895209893584251e-03 9.767916053533554077e-03
1.473726239055395126e-03 1.005079876631498337e-02
1.406397204846143723e-03 1.001061126589775085e-02
1.745050540193915367e-03 9.706214070320129395e-03
1.522910548374056816e-03 9.467542171478271484e-03
1.243208069354295731e-03 9.576216340065002441e-03
1.322342664934694767e-03 9.556103497743606567e-03
1.070282305590808392e-03 9.767369367182254791e-03
1.424315152689814568e-03 1.008569542318582535e-02
2.846942516043782234e-03 9.527105838060379028e-03
2.526776632294058800e-03 9.797940962016582489e-03
2.682176418602466583e-03 9.480754844844341278e-03
2.050098963081836700e-03 9.718393906950950623e-03
1.681266701780259609e-03 9.744691662490367889e-03
2.612903248518705368e-03 9.870910085737705231e-03
1.464174827560782433e-03 9.642701596021652222e-03
1.245184917934238911e-03 9.394213557243347168e-03
1.286697573959827423e-03 9.450384415686130524e-03
2.384084044024348259e-03 9.975927881896495819e-03
1.890923944301903248e-03 1.002991851419210434e-02
1.220182981342077255e-03 9.733453392982482910e-03
1.193112810142338276e-03 1.038884185254573822e-02
2.630636794492602348e-03 9.736189618706703186e-03
2.171209314838051796e-03 9.896624833345413208e-03
2.141957869753241539e-03 9.790565818548202515e-03
1.873371773399412632e-03 9.540509432554244995e-03
2.559375250712037086e-03 9.873533621430397034e-03
2.167060505598783493e-03 9.543312713503837585e-03
1.962251029908657074e-03 9.372421540319919586e-03
1.632314175367355347e-03 9.537464939057826996e-03
1.665696850977838039e-03 9.517641738057136536e-03
2.015003934502601624e-03 9.780989959836006165e-03
1.619262970052659512e-03 9.520921856164932251e-03
1.675189705565571785e-03 9.588984772562980652e-03
1.529249828308820724e-03 9.412307292222976685e-03
3.243923420086503029e-03 9.848727844655513763e-03
2.750532003119587898e-03 9.541896171867847443e-03
1.794966403394937515e-03 9.679228067398071289e-03
2.198886824771761894e-03 1.017994526773691177e-02
2.111825859174132347e-03 9.759723208844661713e-03
1.525091007351875305e-03 9.542949497699737549e-03
1.349552418105304241e-03 9.480156935751438141e-03
1.524584135040640831e-03 9.522099047899246216e-03
1.359644462354481220e-03 9.681912139058113098e-03
1.746559515595436096e-03 9.485119022428989410e-03
1.397172687575221062e-03 9.478569030761718750e-03
1.283742138184607029e-03 9.645999409258365631e-03
2.203175099566578865e-03 1.042989455163478851e-02
2.745552454143762589e-03 9.689201600849628448e-03
2.733573317527770996e-03 1.046584639698266983e-02
2.991512184962630272e-03 1.000681240111589432e-02
2.392075257375836372e-03 1.028382498770952225e-02
1.761208171956241131e-03 9.592377580702304840e-03
1.419662497937679291e-03 9.838167577981948853e-03
1.355904736556112766e-03 9.701211936771869659e-03
1.051756786182522774e-03 9.632951579988002777e-03
1.518957316875457764e-03 9.655687026679515839e-03
1.379034016281366348e-03 9.576496668159961700e-03
1.508825225755572319e-03 9.692125022411346436e-03
1.672304235398769379e-03 9.376007132232189178e-03
1.980145229026675224e-03 9.793980978429317474e-03
2.202186267822980881e-03 9.788060560822486877e-03
2.494388725608587265e-03 9.715277701616287231e-03
1.991807715967297554e-03 9.427517652511596680e-03
1.969835022464394569e-03 9.393998421728610992e-03
1.858038362115621567e-03 9.518018923699855804e-03
1.714039361104369164e-03 9.650680236518383026e-03
1.828128355555236340e-03 9.894687682390213013e-03
2.017932711169123650e-03 9.744370356202125549e-03
1.619219896383583546e-03 9.604266844689846039e-03
1.777329831384122372e-03 9.722471237182617188e-03
2.096465090289711952e-03 9.878796525299549103e-03
2.068910282105207443e-03 9.520777501165866852e-03
2.088595647364854813e-03 1.017579436302185059e-02
2.315632533282041550e-03 9.689051657915115356e-03
1.922740601003170013e-03 9.599000215530395508e-03
1.979253953322768211e-03 9.568058885633945465e-03
1.742871594615280628e-03 9.469941258430480957e-03
1.245826366357505322e-03 9.565729647874832153e-03
1.110623474232852459e-03 9.522262029349803925e-03
1.354742562398314476e-03 1.022632885724306107e-02
2.458829898387193680e-03 9.627038612961769104e-03
2.506635384634137154e-03 9.828922338783740997e-03
2.293859608471393585e-03 9.864051826298236847e-03
1.780964434146881104e-03 9.473786689341068268e-03
1.938160741701722145e-03 1.204516924917697906e-02
2.878720872104167938e-03 9.697887115180492401e-03
1.624309225007891655e-03 9.723573923110961914e-03
1.287622726522386074e-03 9.454970248043537140e-03
1.444674795493483543e-03 9.591070935130119324e-03
1.227773260325193405e-03 9.795061312615871429e-03
1.307278638705611229e-03 9.373409673571586609e-03
2.023773733526468277e-03 9.912928566336631775e-03
2.613555639982223511e-03 9.288397617638111115e-03
2.052551368251442909e-03 9.486465714871883392e-03
1.480317208915948868e-03 9.442812763154506683e-03
1.406428520567715168e-03 9.391177445650100708e-03
1.356085413135588169e-03 9.559484198689460754e-03
1.888304599560797215e-03 9.386830031871795654e-03
1.490647904574871063e-03 9.341183118522167206e-03
2.119558630511164665e-03 9.404681622982025146e-03
1.653325743973255157e-03 1.154153048992156982e-02
3.756988560780882835e-03 1.017957087606191635e-02
2.244017086923122406e-03 9.525028057396411896e-03
1.704759080894291401e-03 9.849077090620994568e-03
1.555409864522516727e-03 9.678962640464305878e-03
2.002819674089550972e-03 9.612002409994602203e-03
1.389413955621421337e-03 9.829536080360412598e-03
3.061657305806875229e-03 1.095752697438001633e-02
3.392393235117197037e-03 9.751495905220508575e-03
2.711403183639049530e-03 9.676951915025711060e-03
2.266019582748413086e-03 9.766198694705963135e-03
2.029316499829292297e-03 9.707038290798664093e-03
1.766308210790157318e-03 9.258884936571121216e-03
1.625818316824734211e-03 9.641291573643684387e-03
2.389738801866769791e-03 9.395980276167392731e-03
1.597139984369277954e-03 9.456256404519081116e-03
1.034252229146659374e-03 9.352833032608032227e-03
1.044506090693175793e-03 9.322291240096092224e-03
1.080601592548191547e-03 9.451582096517086029e-03
9.774817153811454773e-04 9.518181905150413513e-03
1.143194385804235935e-03 9.637098759412765503e-03
1.453717821277678013e-03 9.453483857214450836e-03
1.529127825051546097e-03 9.574919939041137695e-03
1.875392743386328220e-03 9.709121659398078918e-03
2.574028912931680679e-03 9.862860664725303650e-03
2.717993920668959618e-03 9.547885507345199585e-03
2.031663432717323303e-03 9.788208641111850739e-03
1.992443809285759926e-03 9.458368644118309021e-03
2.029304159805178642e-03 9.447270072996616364e-03
2.187356818467378616e-03 9.485330432653427124e-03
2.271485514938831329e-03 9.599594399333000183e-03
1.659081317484378815e-03 9.364548139274120331e-03
1.877446542493999004e-03 9.434302337467670441e-03
2.133744535967707634e-03 9.352632798254489899e-03
2.180465962737798691e-03 9.771286509931087494e-03
2.672484843060374260e-03 9.660176001489162445e-03
1.884942292235791683e-03 9.350698441267013550e-03
1.350861275568604469e-03 9.675644338130950928e-03
1.440753345377743244e-03 9.811797179281711578e-03
2.071886556223034859e-03 9.387642145156860352e-03
1.721418928354978561e-03 9.621365927159786224e-03
1.768443733453750610e-03 1.029446627944707870e-02
3.593522589653730392e-03 9.495059959590435028e-03
2.599149011075496674e-03 9.650855325162410736e-03
1.779451384209096432e-03 9.865573607385158539e-03
1.742669381201267242e-03 9.324596263468265533e-03
1.615135581232607365e-03 9.366736747324466705e-03
1.484982087276875973e-03 9.695262648165225983e-03
1.616840949282050133e-03 9.772722609341144562e-03
1.280143624171614647e-03 9.374165907502174377e-03
1.861060503870248795e-03 9.424816817045211792e-03
1.563465455546975136e-03 9.930070489645004272e-03
1.843740697950124741e-03 9.416338056325912476e-03
1.579797244630753994e-03 9.562390856444835663e-03
1.251392764970660210e-03 9.393407031893730164e-03
1.252691727131605148e-03 9.309765882790088654e-03
1.072578597813844681e-03 9.331340901553630829e-03
1.084475195966660976e-03 9.416861459612846375e-03
1.920570619404315948e-03 9.396484121680259705e-03
1.570842461660504341e-03 9.735229425132274628e-03
1.451873918995261192e-03 9.350245818495750427e-03
1.737751998007297516e-03 9.432377293705940247e-03
1.668372191488742828e-03 9.604562073945999146e-03
2.202442614361643791e-03 9.495347738265991211e-03
3.114213468506932259e-03 9.813288226723670959e-03
2.047889865934848785e-03 9.477470070123672485e-03
2.704554703086614609e-03 9.470919147133827209e-03
1.965553266927599907e-03 9.515843354165554047e-03
1.566247781738638878e-03 9.563934057950973511e-03
1.621604664251208305e-03 9.346449747681617737e-03
1.225966261699795723e-03 9.421150200068950653e-03
9.480444132350385189e-04 9.529032744467258453e-03
1.359316403977572918e-03 9.467373602092266083e-03
1.037903828546404839e-03 9.281427599489688873e-03
1.143937814049422741e-03 9.353802539408206940e-03
9.230844443663954735e-04 9.473789483308792114e-03
9.711792808957397938e-04 9.394151158630847931e-03
1.117025734856724739e-03 9.933468885719776154e-03
2.370607806369662285e-03 9.657447226345539093e-03
2.649455331265926361e-03 9.493313729763031006e-03
2.013877267017960548e-03 9.608663618564605713e-03
2.042800886556506157e-03 9.588544256985187531e-03
3.857844276353716850e-03 9.717396460473537445e-03
3.773222211748361588e-03 1.019897125661373138e-02
2.462392207235097885e-03 9.608256630599498749e-03
1.872786669991910458e-03 9.289765730500221252e-03
1.622112118639051914e-03 9.277299046516418457e-03
2.066770801320672035e-03 9.901141747832298279e-03
2.214139793068170547e-03 9.743829257786273956e-03
1.446199836209416389e-03 9.449628181755542755e-03
1.403712434694170952e-03 9.355740621685981750e-03
1.074885600246489048e-03 9.476589970290660858e-03
1.264459919184446335e-03 9.272173978388309479e-03
9.709768928587436676e-04 9.280295111238956451e-03
1.267463201656937599e-03 9.380549192428588867e-03
9.689379949122667313e-04 9.245472028851509094e-03
9.536559227854013443e-04 9.603844024240970612e-03
1.093568047508597374e-03 9.356187656521797180e-03
1.198748475871980190e-03 9.426857344806194305e-03
1.173193450085818768e-03 9.530751034617424011e-03
1.312698470428586006e-03 9.358090348541736603e-03
1.608771039173007011e-03 9.360446594655513763e-03
1.736323698423802853e-03 9.225744754076004028e-03
1.356401713564991951e-03 9.486818686127662659e-03
1.913486979901790619e-03 9.427536278963088989e-03
1.874811248853802681e-03 9.816284291446208954e-03
2.209690399467945099e-03 9.585808031260967255e-03
2.977903932332992554e-03 1.018463727086782455e-02
2.856862032786011696e-03 1.003107801079750061e-02
2.656690310686826706e-03 9.539058431982994080e-03
3.428611671552062035e-03 9.514101780951023102e-03
2.331341383978724480e-03 9.394106455147266388e-03
1.720967818982899189e-03 9.283442050218582153e-03
1.859654556028544903e-03 9.290743619203567505e-03
1.887473743408918381e-03 9.521975181996822357e-03
1.781358849257230759e-03 9.228915907442569733e-03
1.231847330927848816e-03 9.214372374117374420e-03
1.109577948227524757e-03 9.410918690264225006e-03
1.090207602828741074e-03 9.294257499277591705e-03
9.169501136057078838e-04 9.341030381619930267e-03
9.838761761784553528e-04 9.412441402673721313e-03
1.098143518902361393e-03 9.272285737097263336e-03
1.470717950724065304e-03 9.351700544357299805e-03
1.726481597870588303e-03 9.765211492776870728e-03
1.852813875302672386e-03 9.794301353394985199e-03
1.517605618573725224e-03 9.642846882343292236e-03
2.052262891083955765e-03 9.327685460448265076e-03
2.156683243811130524e-03 9.297563694417476654e-03
1.986334566026926041e-03 9.240350686013698578e-03
1.553731388412415981e-03 9.252403862774372101e-03
1.622845418751239777e-03 9.210572578012943268e-03
1.583560951985418797e-03 9.487946517765522003e-03
2.607217989861965179e-03 9.371708147227764130e-03
3.597499569877982140e-03 9.306157939136028290e-03
2.539233537390828133e-03 1.000171154737472534e-02
2.838548738509416580e-03 9.822300635278224945e-03
2.755552064627408981e-03 9.559419006109237671e-03
2.032246673479676247e-03 1.039564330130815506e-02
2.363851992413401604e-03 9.910169057548046112e-03
1.590308034792542458e-03 9.363646619021892548e-03
1.872661290690302849e-03 9.284872561693191528e-03
1.725820126011967659e-03 9.287978522479534149e-03
1.334625529125332832e-03 9.193031117320060730e-03
1.241775695234537125e-03 9.558784775435924530e-03
1.188365393318235874e-03 9.252383373677730560e-03
9.665642865002155304e-04 9.239152073860168457e-03
8.606784394942224026e-04 9.201617911458015442e-03
9.152537095360457897e-04 9.170549921691417694e-03
1.372819882817566395e-03 9.247369132936000824e-03
2.525123069062829018e-03 9.273326955735683441e-03
1.747228438034653664e-03 9.519230574369430542e-03
1.609389204531908035e-03 9.546495974063873291e-03
2.164159901440143585e-03 9.337466210126876831e-03
1.508658169768750668e-03 9.388200938701629639e-03
1.112309983000159264e-03 9.717147797346115112e-03
1.580015406943857670e-03 9.276198223233222961e-03
2.288535237312316895e-03 9.291497990489006042e-03
1.520367222838103771e-03 9.248729795217514038e-03
1.177035737782716751e-03 9.648486971855163574e-03
1.847625593654811382e-03 1.028443966060876846e-02
3.769732313230633736e-03 9.490606375038623810e-03
2.071350347250699997e-03 9.223241358995437622e-03
1.595798414200544357e-03 9.277963079512119293e-03
1.738660037517547607e-03 9.222304448485374451e-03
1.313943997956812382e-03 9.249348193407058716e-03
1.136543694883584976e-03 9.282401762902736664e-03
1.172344316728413105e-03 9.962211363017559052e-03
1.549559994600713253e-03 9.489178657531738281e-03
1.702757552266120911e-03 9.779131039977073669e-03
2.377710072323679924e-03 9.266823530197143555e-03
2.088534645736217499e-03 9.907558560371398926e-03
3.317370312288403511e-03 9.341520257294178009e-03
2.182301133871078491e-03 9.562816470861434937e-03
2.968187909573316574e-03 9.334890171885490417e-03
2.287861658260226250e-03 9.557852521538734436e-03
2.641369355842471123e-03 9.401946328580379486e-03
1.598096918314695358e-03 9.221731685101985931e-03
1.445096917450428009e-03 9.218731895089149475e-03
1.355397864244878292e-03 9.083051234483718872e-03
1.549432752653956413e-03 9.143072180449962616e-03
1.354868174530565739e-03 9.245864115655422211e-03
1.221262151375412941e-03 9.376339614391326904e-03
1.069377991370856762e-03 9.133734740316867828e-03
1.616134191863238811e-03 9.104415774345397949e-03
1.434409292414784431e-03 9.286012500524520874e-03
9.384737350046634674e-04 9.301607497036457062e-03
9.375194786116480827e-04 9.640292264521121979e-03
1.666240394115447998e-03 9.220162406563758850e-03
1.190574956126511097e-03 9.236642159521579742e-03
1.109434757381677628e-03 9.387750178575515747e-03
1.958250766620039940e-03 9.836998768150806427e-03
2.195258857682347298e-03 9.431119076907634735e-03
1.601874944753944874e-03 9.357321076095104218e-03
1.598516362719237804e-03 9.172117337584495544e-03
1.540011959150433540e-03 9.285044856369495392e-03
2.504573669284582138e-03 1.031934190541505814e-02
3.128197044134140015e-03 9.559610858559608459e-03
2.660189289599657059e-03 9.455575607717037201e-03
1.901222160086035728e-03 9.303495287895202637e-03
1.631812308914959431e-03 9.498310275375843048e-03
1.273947418667376041e-03 9.174898266792297363e-03
9.848938789218664169e-04 9.278392419219017029e-03
1.582187600433826447e-03 9.639179334044456482e-03
2.002174966037273407e-03 9.404775686562061310e-03
1.400315901264548302e-03 9.468463249504566193e-03
1.521656056866049767e-03 9.303751401603221893e-03
1.527448766864836216e-03 9.311213158071041107e-03
1.245287130586802959e-03 9.305333718657493591e-03
1.250414294190704823e-03 9.256603196263313293e-03
1.202480983920395374e-03 9.185804985463619232e-03
1.096138730645179749e-03 9.801074862480163574e-03
1.902552437968552113e-03 9.401264600455760956e-03
2.756457310169935226e-03 9.366448968648910522e-03
2.346870256587862968e-03 9.161272086203098297e-03
2.101175719872117043e-03 9.392703883349895477e-03
2.159351250156760216e-03 9.431537240743637085e-03
1.688504475168883801e-03 9.223327971994876862e-03
1.275096554309129715e-03 9.156198240816593170e-03
2.215121174231171608e-03 9.668696671724319458e-03
1.791438553482294083e-03 9.343446232378482819e-03
1.904428820125758648e-03 9.323286823928356171e-03
1.383888884447515011e-03 9.133471176028251648e-03
1.126084476709365845e-03 9.047341533005237579e-03
1.198319136165082455e-03 9.219881147146224976e-03
1.740285078994929790e-03 9.201219305396080017e-03
2.044324995949864388e-03 9.366116486489772797e-03
1.783832907676696777e-03 9.718061424791812897e-03
1.526702195405960083e-03 9.295596741139888763e-03
1.324399374425411224e-03 9.246294386684894562e-03
1.401331857778131962e-03 9.395039640367031097e-03
1.339560258202254772e-03 9.150572121143341064e-03
3.667288692668080330e-03 1.105673145502805710e-02
3.633512649685144424e-03 9.426113218069076538e-03
3.336404915899038315e-03 9.076026268303394318e-03
2.018294297158718109e-03 1.000156998634338379e-02
2.174498047679662704e-03 9.203395806252956390e-03
1.457527279853820801e-03 9.861799888312816620e-03
1.837845542468130589e-03 9.186603128910064697e-03
1.710090320557355881e-03 9.172867052257061005e-03
1.382239046506583691e-03 9.107287973165512085e-03
1.116541563533246517e-03 9.146722964942455292e-03
1.402633148245513439e-03 9.215471334755420685e-03
2.477518981322646141e-03 9.294108487665653229e-03
1.657668035477399826e-03 9.344803169369697571e-03
1.793418312445282936e-03 9.252262301743030548e-03
1.347349374555051327e-03 9.264298714697360992e-03
1.158128492534160614e-03 9.434410370886325836e-03
1.122423098422586918e-03 9.285870939493179321e-03
1.063911360688507557e-03 9.455439634621143341e-03
1.493395306169986725e-03 9.243495762348175049e-03
1.103044836781919003e-03 9.174944832921028137e-03
1.137738348916172981e-03 9.279842488467693329e-03
1.378484768792986870e-03 9.298343211412429810e-03
1.606549485586583614e-03 1.004520524293184280e-02
2.472148044034838676e-03 9.349259547889232635e-03
2.587595488876104355e-03 9.241736494004726410e-03
2.368592424318194389e-03 9.735573083162307739e-03
1.601553754881024361e-03 9.179670363664627075e-03
1.672035083174705505e-03 9.287336841225624084e-03
1.263599959202110767e-03 9.210901334881782532e-03
2.285640453919768333e-03 9.783146902918815613e-03
3.216869663447141647e-03 9.090583771467208862e-03
2.647712593898177147e-03 9.243858046829700470e-03
1.987469149753451347e-03 9.174297563731670380e-03
2.046267734840512276e-03 9.364607743918895721e-03
1.384191098622977734e-03 9.184330701828002930e-03
1.241924590431153774e-03 9.440001100301742554e-03
1.149114337749779224e-03 9.252951480448246002e-03
1.228517037816345692e-03 9.237601421773433685e-03
1.304614706896245480e-03 9.129386395215988159e-03
1.045762328431010246e-03 9.107869118452072144e-03
9.401927236467599869e-04 9.222651831805706024e-03
1.044397940859198570e-03 9.253676049411296844e-03
1.161624095402657986e-03 9.325520135462284088e-03
9.691182058304548264e-04 9.528678841888904572e-03
1.445447443984448910e-03 9.164983406662940979e-03
1.639180467464029789e-03 9.450823068618774414e-03
2.637726021930575371e-03 9.174877777695655823e-03
2.101466991007328033e-03 9.230751544237136841e-03
1.828403910622000694e-03 9.087106212973594666e-03
1.582000870257616043e-03 9.202850982546806335e-03
1.108016236685216427e-03 9.177073836326599121e-03
1.032897620461881161e-03 9.356525726616382599e-03
1.259500277228653431e-03 9.243868291378021240e-03
1.380870584398508072e-03 9.546824730932712555e-03
1.958016771823167801e-03 1.012932788580656052e-02
3.033695509657263756e-03 9.477002546191215515e-03
2.152782864868640900e-03 9.397048503160476685e-03
2.246540505439043045e-03 9.789264760911464691e-03
1.752241514623165131e-03 9.187749586999416351e-03
1.905369805172085762e-03 9.108298458158969879e-03
1.409055432304739952e-03 9.331675246357917786e-03
1.299170660786330700e-03 9.628880769014358521e-03
1.832250971347093582e-03 9.325927123427391052e-03
1.851264503784477711e-03 9.278904646635055542e-03
1.051236642524600029e-03 9.145519696176052094e-03
8.777381153777241707e-04 9.161957539618015289e-03
1.018853741697967052e-03 9.205673821270465851e-03
1.192843192256987095e-03 9.234588593244552612e-03
1.366980257444083691e-03 9.273306466639041901e-03
1.503967680037021637e-03 8.942568674683570862e-03
1.356170861981809139e-03 9.306878782808780670e-03
1.509536174125969410e-03 9.617912583053112030e-03
2.607719507068395615e-03 1.169319730252027512e-02
3.714457619935274124e-03 9.122207760810852051e-03
2.219536108896136284e-03 9.273315779864788055e-03
1.520307851023972034e-03 9.362781420350074768e-03
1.313251559622585773e-03 9.183109737932682037e-03
1.218054443597793579e-03 9.175482206046581268e-03
1.296581700444221497e-03 9.424088522791862488e-03
2.051964867860078812e-03 9.439800865948200226e-03
1.823715050704777241e-03 1.002973038703203201e-02
3.425420494750142097e-03 9.859792888164520264e-03
2.386930398643016815e-03 9.880727156996726990e-03
1.800931524485349655e-03 8.944281376898288727e-03
1.140050706453621387e-03 9.119107387959957123e-03
1.046570483595132828e-03 9.408042766153812408e-03
1.256932504475116730e-03 9.186539798974990845e-03
1.428231946192681789e-03 9.191637858748435974e-03
1.080518821254372597e-03 9.280621074140071869e-03
1.319044036790728569e-03 9.073616936802864075e-03
1.272966735996305943e-03 9.281815961003303528e-03
1.566524500958621502e-03 9.036088362336158752e-03
1.017216243781149387e-03 9.038700722157955170e-03
8.663102635182440281e-04 9.334857575595378876e-03
1.462395070120692253e-03 9.363678283989429474e-03
2.005022717639803886e-03 9.444975294172763824e-03
1.761710736900568008e-03 9.246588684618473053e-03
1.158471335656940937e-03 9.333224035799503326e-03
1.297755050472915173e-03 9.179098531603813171e-03
3.618622431531548500e-03 9.494478814303874969e-03
3.256677649915218353e-03 1.030489895492792130e-02
2.729757223278284073e-03 9.070067666471004486e-03
1.610361505299806595e-03 9.099875576794147491e-03
1.319412491284310818e-03 9.167864918708801270e-03
1.504276180639863014e-03 9.297571144998073578e-03
1.672829501330852509e-03 9.405978955328464508e-03
1.669606775976717472e-03 9.144811891019344330e-03
1.450657262466847897e-03 9.307175874710083008e-03
1.026875455863773823e-03 9.040265344083309174e-03
9.473090176470577717e-04 9.044274687767028809e-03
9.531766409054398537e-04 9.246320463716983795e-03
8.603303576819598675e-04 9.176294319331645966e-03
8.651891257613897324e-04 9.431791491806507111e-03
1.386295887641608715e-03 9.108779951930046082e-03
1.339763170108199120e-03 9.478766471147537231e-03
1.979677705094218254e-03 9.607021696865558624e-03
3.021393669769167900e-03 9.901472367346286774e-03
3.490969538688659668e-03 1.038163434714078903e-02
2.072403440251946449e-03 9.037666954100131989e-03
1.304150093346834183e-03 9.070447646081447601e-03
1.153729506768286228e-03 9.650209918618202209e-03
2.166067017242312431e-03 9.580836631357669830e-03
2.315889811143279076e-03 9.297622367739677429e-03
2.301472006365656853e-03 9.598072618246078491e-03
1.425148686394095421e-03 9.188270196318626404e-03
1.038065180182456970e-03 9.279537945985794067e-03
1.133417943492531776e-03 9.076737798750400543e-03
1.281987526454031467e-03 9.413725696504116058e-03
1.337162568233907223e-03 9.036934934556484222e-03
1.108450582250952721e-03 8.990785107016563416e-03
2.204907359555363655e-03 9.313644841313362122e-03
1.383169903419911861e-03 9.455718100070953369e-03
1.534785144031047821e-03 9.244316257536411285e-03
1.879329211078584194e-03 9.419558569788932800e-03
1.495080534368753433e-03 9.135211817920207977e-03
1.162521424703299999e-03 9.108746424317359924e-03
1.000131713226437569e-03 9.069076739251613617e-03
1.267241546884179115e-03 9.147213771939277649e-03
1.863271812908351421e-03 9.041640907526016235e-03
2.636073390021920204e-03 9.348935447633266449e-03
3.570618340745568275e-03 9.493847377598285675e-03
2.787666860967874527e-03 9.608710184693336487e-03
2.475901739671826363e-03 9.088880382478237152e-03
1.347160898149013519e-03 9.076873771846294403e-03
1.206939923577010632e-03 9.515521116554737091e-03
1.632502651773393154e-03 9.048143401741981506e-03
1.600998337380588055e-03 9.519720450043678284e-03
1.410932629369199276e-03 9.268402121961116791e-03
9.410610073246061802e-04 8.991048671305179596e-03
1.032273750752210617e-03 9.104143828153610229e-03
1.090756151825189590e-03 8.970057591795921326e-03
1.146296504884958267e-03 9.112041443586349487e-03
1.399302622303366661e-03 9.171444922685623169e-03
1.033153850585222244e-03 8.986578322947025299e-03
1.714209211058914661e-03 9.359725750982761383e-03
1.506561413407325745e-03 9.227773174643516541e-03
1.246955827809870243e-03 9.161587804555892944e-03
1.079032197594642639e-03 9.094376116991043091e-03
1.185730099678039551e-03 9.032832458615303040e-03
1.680153654888272285e-03 9.224077686667442322e-03
2.081922721117734909e-03 1.041283272206783295e-02
2.623392269015312195e-03 9.356886148452758789e-03
2.643424784764647484e-03 9.592492133378982544e-03
1.838144264183938503e-03 9.074131958186626434e-03
2.018384635448455811e-03 9.155605919659137726e-03
1.890001003630459309e-03 9.277439676225185394e-03
1.531475340016186237e-03 9.081664495170116425e-03
1.046864083036780357e-03 9.158098138868808746e-03
1.140695298090577126e-03 9.091390296816825867e-03
2.064064145088195801e-03 8.968028239905834198e-03
