7.874221801757812500e-01 7.894540429115295410e-01
8.038603067398071289e-01 8.034564852714538574e-01
8.362769484519958496e-01 8.323820233345031738e-01
9.149100780487060547e-01 9.159788489341735840e-01
8.648381829261779785e-01 8.631926774978637695e-01
8.213203549385070801e-01 8.192378878593444824e-01
9.011721611022949219e-01 9.015309214591979980e-01
8.733462095260620117e-01 8.760196566581726074e-01
8.658853173255920410e-01 8.686105608940124512e-01
9.028522372245788574e-01 9.050665497779846191e-01
8.783554434776306152e-01 8.817315697669982910e-01
8.851885795593261719e-01 8.843225836753845215e-01
9.485756158828735352e-01 9.508019685745239258e-01
7.722232937812805176e-01 7.713840007781982422e-01
7.720122933387756348e-01 7.718682289123535156e-01
9.377219080924987793e-01 9.402340650558471680e-01
7.638230323791503906e-01 7.631144523620605469e-01
9.082502126693725586e-01 9.091531038284301758e-01
9.117233157157897949e-01 9.121660590171813965e-01
7.923221588134765625e-01 7.909942269325256348e-01
8.595509529113769531e-01 8.591368794441223145e-01
7.858463525772094727e-01 7.821102142333984375e-01
8.319408297538757324e-01 8.337232470512390137e-01
8.899005651473999023e-01 8.902406692504882812e-01
8.871292471885681152e-01 8.880439400672912598e-01
8.075953125953674316e-01 8.088995814323425293e-01
7.274984121322631836e-01 7.264947295188903809e-01
8.373067378997802734e-01 8.403515219688415527e-01
8.064293861389160156e-01 8.070099949836730957e-01
8.372889757156372070e-01 8.365541100502014160e-01
7.650579214096069336e-01 7.627810239791870117e-01
8.912057280540466309e-01 8.943577408790588379e-01
7.237312197685241699e-01 7.250674366950988770e-01
9.372740387916564941e-01 9.380223751068115234e-01
8.225460052490234375e-01 8.187575936317443848e-01
7.691379189491271973e-01 7.739802598953247070e-01
8.864408731460571289e-01 8.858984112739562988e-01
8.730803728103637695e-01 8.745561838150024414e-01
8.232157230377197266e-01 8.226742148399353027e-01
7.239395380020141602e-01 7.233647704124450684e-01
8.282444477081298828e-01 8.299002051353454590e-01
9.509170055389404297e-01 9.515678882598876953e-01
8.332002162933349609e-01 8.351497650146484375e-01
8.305441737174987793e-01 8.318776488304138184e-01
8.986856937408447266e-01 8.992802500724792480e-01
7.647823095321655273e-01 7.657750248908996582e-01
8.702259063720703125e-01 8.717326521873474121e-01
8.851312398910522461e-01 8.819075226783752441e-01
9.006547927856445312e-01 9.012516140937805176e-01
9.328922033309936523e-01 9.338545203208923340e-01
7.794114351272583008e-01 7.803565859794616699e-01
8.521431684494018555e-01 8.507453799247741699e-01
7.584470510482788086e-01 7.577100396156311035e-01
7.637447118759155273e-01 7.642416357994079590e-01
7.231858968734741211e-01 7.253714203834533691e-01
8.860644102096557617e-01 8.918939232826232910e-01
8.983753323554992676e-01 8.996258974075317383e-01
9.547148942947387695e-01 9.574012160301208496e-01
8.791011571884155273e-01 8.792539238929748535e-01
9.046196341514587402e-01 9.072369933128356934e-01
8.657904863357543945e-01 8.644350171089172363e-01
8.993721604347229004e-01 9.030800461769104004e-01
7.978091835975646973e-01 8.022421002388000488e-01
8.870266675949096680e-01 8.865602612495422363e-01
9.029963016510009766e-01 9.053027033805847168e-01
8.621157407760620117e-01 8.622192144393920898e-01
7.251617908477783203e-01 7.251564264297485352e-01
8.557159900665283203e-01 8.551353812217712402e-01
8.919511437416076660e-01 8.958796262741088867e-01
7.230471968650817871e-01 7.269319891929626465e-01
8.978060483932495117e-01 8.987941145896911621e-01
7.838295698165893555e-01 7.824935913085937500e-01
8.171014189720153809e-01 8.182731866836547852e-01
8.457212448120117188e-01 8.425541520118713379e-01
7.973497509956359863e-01 7.993947863578796387e-01
7.726597189903259277e-01 7.762101292610168457e-01
7.617855072021484375e-01 7.635964751243591309e-01
8.880752325057983398e-01 8.872994780540466309e-01
8.997131586074829102e-01 9.009490609169006348e-01
8.757631778717041016e-01 8.792169690132141113e-01
8.366576433181762695e-01 8.375222682952880859e-01
8.981818556785583496e-01 8.987464904785156250e-01
9.747902750968933105e-01 9.799993634223937988e-01
8.501901030540466309e-01 8.518331646919250488e-01
7.925803065299987793e-01 7.950736880302429199e-01
7.641773223876953125e-01 7.602985501289367676e-01
9.169622659683227539e-01 9.182681441307067871e-01
8.386997580528259277e-01 8.413521647453308105e-01
7.734268903732299805e-01 7.704914212226867676e-01
8.996686935424804688e-01 9.035189151763916016e-01
7.890748977661132812e-01 7.920851111412048340e-01
7.829046845436096191e-01 7.849403023719787598e-01
9.288508892059326172e-01 9.300471544265747070e-01
7.903798222541809082e-01 7.888530492782592773e-01
7.591664791107177734e-01 7.608909010887145996e-01
7.559214234352111816e-01 7.576545476913452148e-01
8.469083905220031738e-01 8.461532592773437500e-01
7.695685029029846191e-01 7.745460867881774902e-01
8.978517055511474609e-01 8.958155512809753418e-01
7.544615268707275391e-01 7.580516338348388672e-01
9.100331068038940430e-01 9.100988507270812988e-01
7.240513563156127930e-01 7.253920435905456543e-01
7.741732001304626465e-01 7.714927792549133301e-01
8.739901781082153320e-01 8.760065436363220215e-01
8.514280319213867188e-01 8.587033152580261230e-01
8.356648683547973633e-01 8.358449935913085938e-01
9.312139153480529785e-01 9.309067130088806152e-01
8.374594449996948242e-01 8.392400145530700684e-01
9.043297171592712402e-01 9.061040282249450684e-01
7.222450971603393555e-01 7.245072722434997559e-01
7.904771566390991211e-01 7.922329306602478027e-01
8.220664262771606445e-01 8.255224823951721191e-01
8.461815714836120605e-01 8.482663035392761230e-01
9.102419018745422363e-01 9.111256599426269531e-01
8.868222236633300781e-01 8.876255750656127930e-01
8.218263387680053711e-01 8.235480189323425293e-01
9.699637293815612793e-01 9.722443819046020508e-01
9.362272024154663086e-01 9.356943964958190918e-01
8.304909467697143555e-01 8.307034373283386230e-01
9.230236411094665527e-01 9.242212772369384766e-01
8.554096221923828125e-01 8.543680310249328613e-01
9.508688449859619141e-01 9.522132277488708496e-01
9.208856225013732910e-01 9.197574853897094727e-01
8.803997635841369629e-01 8.805797696113586426e-01
9.258909225463867188e-01 9.276463389396667480e-01
8.461381196975708008e-01 8.465822339057922363e-01
7.737096548080444336e-01 7.702130675315856934e-01
7.592440843582153320e-01 7.580263018608093262e-01
9.078735709190368652e-01 9.099946022033691406e-01
8.827975988388061523e-01 8.798112273216247559e-01
7.586798667907714844e-01 7.576062083244323730e-01
7.980772256851196289e-01 8.009929656982421875e-01
8.527001142501831055e-01 8.542832732200622559e-01
9.626336693763732910e-01 9.637599587440490723e-01
9.065953493118286133e-01 9.081513285636901855e-01
9.444509744644165039e-01 9.466828107833862305e-01
9.655401706695556641e-01 9.654186964035034180e-01
7.833492159843444824e-01 7.836419343948364258e-01
7.640966176986694336e-01 7.601502537727355957e-01
8.862776160240173340e-01 8.869385123252868652e-01
9.266573190689086914e-01 9.273682236671447754e-01
8.226686120033264160e-01 8.213342428207397461e-01
9.094573855400085449e-01 9.093208909034729004e-01
8.033605813980102539e-01 8.040670752525329590e-01
9.104467630386352539e-01 9.116650819778442383e-01
8.715075254440307617e-01 8.742739558219909668e-01
8.160696625709533691e-01 8.177494406700134277e-01
9.073536396026611328e-01 9.063175320625305176e-01
8.832604885101318359e-01 8.872472643852233887e-01
8.730558156967163086e-01 8.680294156074523926e-01
1.033170461654663086e+00 1.034530401229858398e+00
9.840458631515502930e-01 9.861723780632019043e-01
8.516150116920471191e-01 8.532016277313232422e-01
9.749256372451782227e-01 9.776002764701843262e-01
9.199324846267700195e-01 9.216973185539245605e-01
7.235304713249206543e-01 7.279018163681030273e-01
8.609938621520996094e-01 8.591557145118713379e-01
7.576752305030822754e-01 7.568562030792236328e-01
7.269604206085205078e-01 7.253635525703430176e-01
9.294136166572570801e-01 9.334593415260314941e-01
8.436940908432006836e-01 8.446032404899597168e-01
9.414573907852172852e-01 9.402157664299011230e-01
9.032075405120849609e-01 9.054431319236755371e-01
7.274693250656127930e-01 7.265473604202270508e-01
8.722716569900512695e-01 8.736675381660461426e-01
8.717344999313354492e-01 8.715733885765075684e-01
9.395500421524047852e-01 9.408739209175109863e-01
9.095396399497985840e-01 9.097988009452819824e-01
7.823099493980407715e-01 7.831421494483947754e-01
7.866249084472656250e-01 7.826818823814392090e-01
7.625372409820556641e-01 7.646364569664001465e-01
8.648235797882080078e-01 8.646119832992553711e-01
9.670328497886657715e-01 9.648451209068298340e-01
7.751988172531127930e-01 7.704542279243469238e-01
8.004766106605529785e-01 8.030772805213928223e-01
8.393388986587524414e-01 8.401593565940856934e-01
7.837409377098083496e-01 7.836697697639465332e-01
9.008347988128662109e-01 9.026098847389221191e-01
7.534636855125427246e-01 7.548283934593200684e-01
8.888418078422546387e-01 8.911851048469543457e-01
8.915102481842041016e-01 8.918796181678771973e-01
8.195430636405944824e-01 8.189275860786437988e-01
7.260133028030395508e-01 7.284938693046569824e-01
8.233498930931091309e-01 8.230083584785461426e-01
8.284628391265869141e-01 8.296353220939636230e-01
8.244633078575134277e-01 8.266640305519104004e-01
9.015403985977172852e-01 9.059736132621765137e-01
9.419915080070495605e-01 9.431688785552978516e-01
7.237045764923095703e-01 7.251806259155273438e-01
7.715633511543273926e-01 7.743193507194519043e-01
9.401569962501525879e-01 9.402601122856140137e-01
7.786142826080322266e-01 7.806203961372375488e-01
9.515517950057983398e-01 9.523760676383972168e-01
8.798593878746032715e-01 8.814769387245178223e-01
7.643125057220458984e-01 7.641790509223937988e-01
8.240208625793457031e-01 8.248725533485412598e-01
8.525122404098510742e-01 8.514899611473083496e-01
8.702726960182189941e-01 8.747697472572326660e-01
8.878037929534912109e-01 8.886381387710571289e-01
7.635506987571716309e-01 7.619105577468872070e-01
9.025222063064575195e-01 9.033139348030090332e-01
7.726752758026123047e-01 7.693725824356079102e-01
7.271542549133300781e-01 7.283398509025573730e-01
7.977576255798339844e-01 7.964860796928405762e-01
9.385321736335754395e-01 9.418781399726867676e-01
9.644361734390258789e-01 9.664039015769958496e-01
8.519248962402343750e-01 8.559021353721618652e-01
7.239047288894653320e-01 7.270478606224060059e-01
9.718739986419677734e-01 9.800484776496887207e-01
7.915802001953125000e-01 7.957340478897094727e-01
9.593212008476257324e-01 9.607066512107849121e-01
9.256398081779479980e-01 9.273426532745361328e-01
8.313463330268859863e-01 8.308638930320739746e-01
1.050353169441223145e+00 1.053838491439819336e+00
8.354680538177490234e-01 8.346961140632629395e-01
7.267791032791137695e-01 7.256501317024230957e-01
9.016410112380981445e-01 9.038007855415344238e-01
8.461521267890930176e-01 8.480847477912902832e-01
9.438066482543945312e-01 9.460248351097106934e-01
9.142445921897888184e-01 9.184135794639587402e-01
7.917901277542114258e-01 7.914646267890930176e-01
9.336224198341369629e-01 9.341579079627990723e-01
9.395238161087036133e-01 9.393396377563476562e-01
1.005590438842773438e+00 1.003833532333374023e+00
8.754754066467285156e-01 8.799032568931579590e-01
8.486588001251220703e-01 8.490544557571411133e-01
8.957464694976806641e-01 8.975340723991394043e-01
8.855885267257690430e-01 8.903509974479675293e-01
7.822503447532653809e-01 7.824317812919616699e-01
9.478874206542968750e-01 9.461776614189147949e-01
8.160527944564819336e-01 8.162775039672851562e-01
9.357474446296691895e-01 9.363183975219726562e-01
9.113416671752929688e-01 9.143945574760437012e-01
8.832728862762451172e-01 8.859793543815612793e-01
9.230372905731201172e-01 9.206360578536987305e-01
7.740619182586669922e-01 7.727752327919006348e-01
8.839583396911621094e-01 8.891454339027404785e-01
8.490279316902160645e-01 8.497511744499206543e-01
7.831263542175292969e-01 7.852931618690490723e-01
9.792024493217468262e-01 9.789366126060485840e-01
8.819166421890258789e-01 8.829093575477600098e-01
8.204001188278198242e-01 8.197941184043884277e-01
9.112040400505065918e-01 9.115640521049499512e-01
7.259232401847839355e-01 7.243443131446838379e-01
8.031095266342163086e-01 8.064041733741760254e-01
9.720203280448913574e-01 9.747828841209411621e-01
9.004480838775634766e-01 9.033830761909484863e-01
9.575225710868835449e-01 9.577808976173400879e-01
8.234698772430419922e-01 8.236748576164245605e-01
9.539435505867004395e-01 9.562599062919616699e-01
9.036588072776794434e-01 9.054031372070312500e-01
8.728329539299011230e-01 8.744584918022155762e-01
8.010028600692749023e-01 8.017676472663879395e-01
9.259612560272216797e-01 9.236152768135070801e-01
8.199449777603149414e-01 8.195093274116516113e-01
8.232303261756896973e-01 8.223737478256225586e-01
8.968502283096313477e-01 9.013050198554992676e-01
7.988556027412414551e-01 8.018598556518554688e-01
8.933165073394775391e-01 8.950003981590270996e-01
7.714014053344726562e-01 7.739894986152648926e-01
8.384938240051269531e-01 8.373830914497375488e-01
7.616263031959533691e-01 7.616614699363708496e-01
9.744261503219604492e-01 9.737516641616821289e-01
8.244206905364990234e-01 8.266732096672058105e-01
9.113636612892150879e-01 9.144690632820129395e-01
8.778709173202514648e-01 8.781245350837707520e-01
9.480997323989868164e-01 9.488317370414733887e-01
8.772248029708862305e-01 8.748469948768615723e-01
9.296754598617553711e-01 9.292857050895690918e-01
9.130001068115234375e-01 9.175182580947875977e-01
9.135380387306213379e-01 9.178466200828552246e-01
7.900944948196411133e-01 7.905302643775939941e-01
8.993038535118103027e-01 9.009819030761718750e-01
7.982977032661437988e-01 8.020142316818237305e-01
7.577528953552246094e-01 7.573150992393493652e-01
8.281841278076171875e-01 8.301752805709838867e-01
7.609474062919616699e-01 7.612264752388000488e-01
9.244470596313476562e-01 9.264668822288513184e-01
8.574429750442504883e-01 8.566412329673767090e-01
9.044144153594970703e-01 9.062561392784118652e-01
8.835762143135070801e-01 8.800782561302185059e-01
7.244164347648620605e-01 7.276179194450378418e-01
7.945340871810913086e-01 7.958393692970275879e-01
7.685855627059936523e-01 7.737964391708374023e-01
7.914331555366516113e-01 7.913375496864318848e-01
9.291957616806030273e-01 9.291765093803405762e-01
7.265480160713195801e-01 7.276070117950439453e-01
8.316940069198608398e-01 8.308572173118591309e-01
8.474885225296020508e-01 8.481358885765075684e-01
7.580578923225402832e-01 7.622178196907043457e-01
8.364649415016174316e-01 8.352391719818115234e-01
7.847411632537841797e-01 7.858595252037048340e-01
7.614058256149291992e-01 7.592196464538574219e-01
9.121375679969787598e-01 9.116052389144897461e-01
7.589335441589355469e-01 7.577637434005737305e-01
8.026753067970275879e-01 8.021026253700256348e-01
8.236997127532958984e-01 8.219699263572692871e-01
8.232663869857788086e-01 8.237648010253906250e-01
8.025569319725036621e-01 8.056944012641906738e-01
7.596212625503540039e-01 7.561686635017395020e-01
9.410306215286254883e-01 9.441400170326232910e-01
7.270081639289855957e-01 7.243655323982238770e-01
8.211406469345092773e-01 8.204125761985778809e-01
8.514209985733032227e-01 8.543948531150817871e-01
9.047055244445800781e-01 9.065091013908386230e-01
9.197930097579956055e-01 9.207934737205505371e-01
9.384164214134216309e-01 9.432604312896728516e-01
7.265847921371459961e-01 7.293939590454101562e-01
9.918888211250305176e-01 9.940555691719055176e-01
8.149830698966979980e-01 8.158766031265258789e-01
9.052959680557250977e-01 9.066431522369384766e-01
7.830472588539123535e-01 7.845487594604492188e-01
8.294283151626586914e-01 8.289940953254699707e-01
7.866317629814147949e-01 7.898818254470825195e-01
9.262565374374389648e-01 9.258643984794616699e-01
8.676519989967346191e-01 8.739683032035827637e-01
7.982131242752075195e-01 8.010880947113037109e-01
7.735119462013244629e-01 7.730737328529357910e-01
7.606724500656127930e-01 7.638326287269592285e-01
9.016122817993164062e-01 9.021262526512145996e-01
8.757470250129699707e-01 8.784094452857971191e-01
8.369039297103881836e-01 8.334487080574035645e-01
7.922310233116149902e-01 7.957597374916076660e-01
8.386639356613159180e-01 8.402590751647949219e-01
9.301341772079467773e-01 9.306959509849548340e-01
8.571088910102844238e-01 8.587337136268615723e-01
8.367261290550231934e-01 8.377670645713806152e-01
9.315927624702453613e-01 9.337573647499084473e-01
9.943274259567260742e-01 9.951993823051452637e-01
7.269988059997558594e-01 7.249972224235534668e-01
8.430881500244140625e-01 8.438840508460998535e-01
9.973096847534179688e-01 1.000127911567687988e+00
7.638782858848571777e-01 7.655125260353088379e-01
7.554711103439331055e-01 7.576881051063537598e-01
9.423206448554992676e-01 9.432424306869506836e-01
8.510166406631469727e-01 8.541491031646728516e-01
8.520321249961853027e-01 8.537442684173583984e-01
8.325211405754089355e-01 8.309944272041320801e-01
9.011287093162536621e-01 9.050901532173156738e-01
8.298004269599914551e-01 8.303148150444030762e-01
9.808971285820007324e-01 9.818625450134277344e-01
8.606310486793518066e-01 8.594607710838317871e-01
8.763521909713745117e-01 8.753272891044616699e-01
8.992737531661987305e-01 9.025270342826843262e-01
7.270391583442687988e-01 7.261386513710021973e-01
8.779452443122863770e-01 8.760116696357727051e-01
7.817367911338806152e-01 7.841451168060302734e-01
8.811458945274353027e-01 8.834048509597778320e-01
8.050246834754943848e-01 8.039643168449401855e-01
9.241961836814880371e-01 9.264579415321350098e-01
8.508165478706359863e-01 8.523004651069641113e-01
9.386878013610839844e-01 9.394405484199523926e-01
8.031810522079467773e-01 8.035054802894592285e-01
8.353292942047119141e-01 8.386276960372924805e-01
9.373147487640380859e-01 9.361383914947509766e-01
8.200722336769104004e-01 8.184027075767517090e-01
8.571821451187133789e-01 8.580048084259033203e-01
8.024320006370544434e-01 8.065388202667236328e-01
8.624696731567382812e-01 8.656821846961975098e-01
8.913691043853759766e-01 8.906952142715454102e-01
1.010034322738647461e+00 1.011650085449218750e+00
9.154008626937866211e-01 9.146998524665832520e-01
9.568548798561096191e-01 9.594063162803649902e-01
7.886716127395629883e-01 7.891700863838195801e-01
9.175589084625244141e-01 9.174939990043640137e-01
9.055616259574890137e-01 9.063373208045959473e-01
8.264192342758178711e-01 8.257292509078979492e-01
7.867757678031921387e-01 7.853585481643676758e-01
7.610869407653808594e-01 7.617110610008239746e-01
8.946051597595214844e-01 8.996500372886657715e-01
9.126718044281005859e-01 9.110491871833801270e-01
8.313472270965576172e-01 8.319937586784362793e-01
8.084228038787841797e-01 8.075708746910095215e-01
7.898656129837036133e-01 7.924447059631347656e-01
8.285037875175476074e-01 8.293921351432800293e-01
9.551533460617065430e-01 9.566522240638732910e-01
7.854375839233398438e-01 7.823133468627929688e-01
9.112099409103393555e-01 9.121518731117248535e-01
7.623469829559326172e-01 7.600684762001037598e-01
7.909750938415527344e-01 7.914087772369384766e-01
9.231575727462768555e-01 9.241718053817749023e-01
7.826334238052368164e-01 7.820649743080139160e-01
8.266899585723876953e-01 8.264154791831970215e-01
7.843605279922485352e-01 7.817700505256652832e-01
8.732381463050842285e-01 8.714687228202819824e-01
8.373298048973083496e-01 8.389613032341003418e-01
9.286735057830810547e-01 9.321159720420837402e-01
7.719417810440063477e-01 7.693076729774475098e-01
9.968600869178771973e-01 9.971973299980163574e-01
7.607581615447998047e-01 7.642125487327575684e-01
7.971156835556030273e-01 7.983830571174621582e-01
9.350987672805786133e-01 9.328135251998901367e-01
8.584128618240356445e-01 8.592022061347961426e-01
9.090045690536499023e-01 9.113644957542419434e-01
7.693954706192016602e-01 7.727643847465515137e-01
9.910268783569335938e-01 9.914196133613586426e-01
9.393371343612670898e-01 9.397962689399719238e-01
7.715414762496948242e-01 7.762699723243713379e-01
8.282388448715209961e-01 8.280381560325622559e-01
7.821589708328247070e-01 7.831370234489440918e-01
9.022075533866882324e-01 9.053828120231628418e-01
7.731988430023193359e-01 7.714036703109741211e-01
9.066893458366394043e-01 9.071813225746154785e-01
8.253756761550903320e-01 8.280209898948669434e-01
8.409594297409057617e-01 8.399704098701477051e-01
8.503564596176147461e-01 8.513311147689819336e-01
8.543387055397033691e-01 8.550073504447937012e-01
8.344275355339050293e-01 8.342548012733459473e-01
7.687966227531433105e-01 7.721966505050659180e-01
9.309072494506835938e-01 9.331325292587280273e-01
9.586048126220703125e-01 9.607784152030944824e-01
7.278268337249755859e-01 7.285106778144836426e-01
9.352034330368041992e-01 9.388168454170227051e-01
8.018946051597595215e-01 8.045246601104736328e-01
7.894655466079711914e-01 7.929127216339111328e-01
7.824755311012268066e-01 7.818228602409362793e-01
8.711350560188293457e-01 8.699174523353576660e-01
8.319694995880126953e-01 8.299930691719055176e-01
7.801128625869750977e-01 7.812103629112243652e-01
9.666128158569335938e-01 9.664955735206604004e-01
7.745770215988159180e-01 7.765810489654541016e-01
8.464832901954650879e-01 8.460158705711364746e-01
8.546382784843444824e-01 8.572281002998352051e-01
8.469204902648925781e-01 8.460909724235534668e-01
8.949347138404846191e-01 8.940839171409606934e-01
9.335586428642272949e-01 9.359687566757202148e-01
7.719010710716247559e-01 7.716851830482482910e-01
9.193410873413085938e-01 9.183384776115417480e-01
7.266414165496826172e-01 7.283275723457336426e-01
8.734165430068969727e-01 8.724222183227539062e-01
8.617184162139892578e-01 8.654257655143737793e-01
9.103906154632568359e-01 9.103323221206665039e-01
9.489740133285522461e-01 9.524623751640319824e-01
8.656740784645080566e-01 8.661651015281677246e-01
8.210965394973754883e-01 8.213804364204406738e-01
8.021526336669921875e-01 8.028690218925476074e-01
7.216422557830810547e-01 7.262692451477050781e-01
8.702960014343261719e-01 8.665532469749450684e-01
9.274728298187255859e-01 9.289212226867675781e-01
8.450018763542175293e-01 8.424100279808044434e-01
9.334309697151184082e-01 9.339775443077087402e-01
7.897825837135314941e-01 7.925019860267639160e-01
8.760001659393310547e-01 8.759682178497314453e-01
7.741957902908325195e-01 7.700883746147155762e-01
9.368910193443298340e-01 9.369879364967346191e-01
7.226561307907104492e-01 7.223524451255798340e-01
8.955900073051452637e-01 8.965796828269958496e-01
7.898110151290893555e-01 7.922650575637817383e-01
9.868617653846740723e-01 9.843840003013610840e-01
9.329382777214050293e-01 9.322246313095092773e-01
9.120988845825195312e-01 9.172963500022888184e-01
9.256239533424377441e-01 9.237647652626037598e-01
9.188266396522521973e-01 9.187064766883850098e-01
9.215816259384155273e-01 9.244373440742492676e-01
9.931724071502685547e-01 9.963296055793762207e-01
9.456711411476135254e-01 9.456363320350646973e-01
8.492177724838256836e-01 8.495779633522033691e-01
9.011056423187255859e-01 9.064121842384338379e-01
8.379098176956176758e-01 8.363820910453796387e-01
9.023436903953552246e-01 9.025928974151611328e-01
8.726021647453308105e-01 8.753300309181213379e-01
7.828718423843383789e-01 7.788184285163879395e-01
8.439143896102905273e-01 8.434217572212219238e-01
9.009791612625122070e-01 9.009802937507629395e-01
9.307394623756408691e-01 9.300243258476257324e-01
8.241132497787475586e-01 8.285180926322937012e-01
7.226669788360595703e-01 7.243433594703674316e-01
8.345814943313598633e-01 8.364526629447937012e-01
9.156847000122070312e-01 9.179835915565490723e-01
8.702226281166076660e-01 8.699241280555725098e-01
8.393599390983581543e-01 8.421368002891540527e-01
9.753801822662353516e-01 9.774467349052429199e-01
9.402236938476562500e-01 9.408019185066223145e-01
8.672065734863281250e-01 8.670659661293029785e-01
8.303728699684143066e-01 8.314670920372009277e-01
8.557665348052978516e-01 8.565984964370727539e-01
8.417763710021972656e-01 8.442651033401489258e-01
7.227133512496948242e-01 7.236986756324768066e-01
8.529381752014160156e-01 8.533709645271301270e-01
7.699156403541564941e-01 7.730793356895446777e-01
9.515436887741088867e-01 9.525744915008544922e-01
7.566196918487548828e-01 7.613231539726257324e-01
8.272817134857177734e-01 8.296838402748107910e-01
9.359943270683288574e-01 9.348888397216796875e-01
9.048277139663696289e-01 9.042233824729919434e-01
8.394080400466918945e-01 8.408399224281311035e-01
7.837406992912292480e-01 7.886895537376403809e-01
8.877158761024475098e-01 8.878803849220275879e-01
8.961967229843139648e-01 8.962612152099609375e-01
1.003690481185913086e+00 1.004171609878540039e+00
9.373432993888854980e-01 9.382648468017578125e-01
8.951234817504882812e-01 8.941657543182373047e-01
8.469544649124145508e-01 8.467873930931091309e-01
8.327841162681579590e-01 8.280072212219238281e-01
8.333163857460021973e-01 8.317311406135559082e-01
8.777612447738647461e-01 8.775439858436584473e-01
9.195604324340820312e-01 9.220739006996154785e-01
8.036164641380310059e-01 8.055037260055541992e-01
7.732322812080383301e-01 7.700570225715637207e-01
9.220705628395080566e-01 9.216343760490417480e-01
9.435428977012634277e-01 9.452206492424011230e-01
8.685886263847351074e-01 8.665331006050109863e-01
7.550686001777648926e-01 7.581570744514465332e-01
8.298126459121704102e-01 8.291698694229125977e-01
8.263412714004516602e-01 8.253037333488464355e-01
8.517591953277587891e-01 8.560493588447570801e-01
8.872012495994567871e-01 8.888236880302429199e-01
9.254667162895202637e-01 9.265710711479187012e-01
7.630767226219177246e-01 7.637496590614318848e-01
9.179033041000366211e-01 9.207684993743896484e-01
7.231470346450805664e-01 7.258126139640808105e-01
9.678275585174560547e-01 9.660856127738952637e-01
8.460338711738586426e-01 8.466792702674865723e-01
8.434384465217590332e-01 8.461260199546813965e-01
9.007264971733093262e-01 9.029780030250549316e-01
8.878158330917358398e-01 8.874743580818176270e-01
9.162899255752563477e-01 9.205903410911560059e-01
7.271709442138671875e-01 7.245933413505554199e-01
9.025249481201171875e-01 9.031549096107482910e-01
8.317058086395263672e-01 8.296732902526855469e-01
8.367181420326232910e-01 8.377560973167419434e-01
7.607173323631286621e-01 7.587348818778991699e-01
8.634364604949951172e-01 8.622725009918212891e-01
7.552717328071594238e-01 7.583928704261779785e-01
9.210712313652038574e-01 9.221715331077575684e-01
8.273050785064697266e-01 8.291468620300292969e-01
8.345853090286254883e-01 8.379374742507934570e-01
9.689686298370361328e-01 9.711298346519470215e-01
8.859173655509948730e-01 8.890625834465026855e-01
7.921517491340637207e-01 7.936896681785583496e-01
8.646942377090454102e-01 8.682809472084045410e-01
7.270444631576538086e-01 7.253639101982116699e-01
7.890552878379821777e-01 7.909653782844543457e-01
7.710751295089721680e-01 7.777099609375000000e-01
7.924180626869201660e-01 7.910953164100646973e-01
8.462442159652709961e-01 8.460496068000793457e-01
8.525823950767517090e-01 8.564944863319396973e-01
7.239116430282592773e-01 7.273104786872863770e-01
8.733413815498352051e-01 8.735078573226928711e-01
9.319754838943481445e-01 9.365717172622680664e-01
8.930135965347290039e-01 8.928846716880798340e-01
8.764799237251281738e-01 8.738051056861877441e-01
7.561138868331909180e-01 7.576147913932800293e-01
9.968048334121704102e-01 9.955280423164367676e-01
8.093350529670715332e-01 8.099899291992187500e-01
8.465586900711059570e-01 8.467878103256225586e-01
9.348032474517822266e-01 9.356392025947570801e-01
8.848091363906860352e-01 8.871371150016784668e-01
8.889604806900024414e-01 8.930799961090087891e-01
9.033799171447753906e-01 9.019111990928649902e-01
7.592703700065612793e-01 7.567486763000488281e-01
8.735261559486389160e-01 8.714814782142639160e-01
9.639089703559875488e-01 9.654338359832763672e-01
9.394932985305786133e-01 9.434356093406677246e-01
9.557155966758728027e-01 9.563655257225036621e-01
8.819679021835327148e-01 8.823772072792053223e-01
9.628672003746032715e-01 9.667774438858032227e-01
9.209664463996887207e-01 9.225791096687316895e-01
8.344949483871459961e-01 8.366286158561706543e-01
8.287174701690673828e-01 8.283155560493469238e-01
8.832813501358032227e-01 8.872866034507751465e-01
9.378963112831115723e-01 9.385584592819213867e-01
9.723838567733764648e-01 9.709753394126892090e-01
8.744120001792907715e-01 8.758782744407653809e-01
9.750193357467651367e-01 9.757847189903259277e-01
7.226306200027465820e-01 7.264814376831054688e-01
7.600105404853820801e-01 7.562292814254760742e-01
8.463696241378784180e-01 8.467250466346740723e-01
7.626616954803466797e-01 7.643751502037048340e-01
8.905697464942932129e-01 8.894088864326477051e-01
8.359308242797851562e-01 8.365623354911804199e-01
9.024888277053833008e-01 9.029251933097839355e-01
8.024008870124816895e-01 8.047338724136352539e-01
9.307912588119506836e-01 9.302360415458679199e-01
8.760557770729064941e-01 8.746346831321716309e-01
8.362174034118652344e-01 8.364432454109191895e-01
9.069395661354064941e-01 9.081814289093017578e-01
9.724276065826416016e-01 9.738518595695495605e-01
8.718428611755371094e-01 8.770845532417297363e-01
8.751177191734313965e-01 8.771468997001647949e-01
1.008925676345825195e+00 1.012004733085632324e+00
9.483200311660766602e-01 9.521471858024597168e-01
8.488889932632446289e-01 8.538182377815246582e-01
7.615111470222473145e-01 7.612999081611633301e-01
8.233743906021118164e-01 8.251193761825561523e-01
9.327068328857421875e-01 9.341352581977844238e-01
9.251462221145629883e-01 9.285416603088378906e-01
9.308602213859558105e-01 9.321696162223815918e-01
9.009843468666076660e-01 9.007015824317932129e-01
8.681482672691345215e-01 8.714444637298583984e-01
7.881076335906982422e-01 7.913143038749694824e-01
8.920596837997436523e-01 8.947852253913879395e-01
9.387930035591125488e-01 9.408746361732482910e-01
8.792357444763183594e-01 8.805022835731506348e-01
9.617445468902587891e-01 9.626635909080505371e-01
8.926109075546264648e-01 8.957465291023254395e-01
7.991850972175598145e-01 8.004465103149414062e-01
8.312155008316040039e-01 8.309680223464965820e-01
8.455436229705810547e-01 8.460644483566284180e-01
8.758515119552612305e-01 8.766474127769470215e-01
7.812251448631286621e-01 7.803816199302673340e-01
7.595111727714538574e-01 7.600471973419189453e-01
9.674503207206726074e-01 9.682884812355041504e-01
8.519294857978820801e-01 8.531551957130432129e-01
8.957369923591613770e-01 9.004870057106018066e-01
7.607993483543395996e-01 7.622259259223937988e-01
7.835618257522583008e-01 7.819194793701171875e-01
7.981168031692504883e-01 7.983734607696533203e-01
9.162428379058837891e-01 9.158779978752136230e-01
8.513408899307250977e-01 8.507693409919738770e-01
8.750113248825073242e-01 8.762323260307312012e-01
8.847089409828186035e-01 8.851317763328552246e-01
7.623587846755981445e-01 7.613064050674438477e-01
7.268605232238769531e-01 7.278163433074951172e-01
8.282637596130371094e-01 8.301384449005126953e-01
9.536255002021789551e-01 9.559415578842163086e-01
8.726586699485778809e-01 8.770007491111755371e-01
8.474326729774475098e-01 8.475386500358581543e-01
9.024332165718078613e-01 9.051169157028198242e-01
7.222990989685058594e-01 7.245778441429138184e-01
9.015793204307556152e-01 9.011139273643493652e-01
8.872678279876708984e-01 8.919416069984436035e-01
9.155994057655334473e-01 9.179051518440246582e-01
8.730390071868896484e-01 8.771349191665649414e-01
8.621767163276672363e-01 8.632584214210510254e-01
8.028982281684875488e-01 8.072817325592041016e-01
8.648225069046020508e-01 8.641025424003601074e-01
8.971725702285766602e-01 9.000259041786193848e-01
7.924675345420837402e-01 7.917035818099975586e-01
8.896520733833312988e-01 8.911002278327941895e-01
8.764345049858093262e-01 8.788193464279174805e-01
7.991940975189208984e-01 7.990469336509704590e-01
7.716241478919982910e-01 7.757670283317565918e-01
7.761859893798828125e-01 7.743609547615051270e-01
8.025744557380676270e-01 8.001663088798522949e-01
9.320501685142517090e-01 9.307153820991516113e-01
7.861139178276062012e-01 7.833568453788757324e-01
7.276062965393066406e-01 7.265060544013977051e-01
8.233562111854553223e-01 8.234158754348754883e-01
7.854144573211669922e-01 7.880012392997741699e-01
7.880966663360595703e-01 7.819098830223083496e-01
7.937957048416137695e-01 7.939736247062683105e-01
7.974423766136169434e-01 8.021644949913024902e-01
8.696234226226806641e-01 8.710883259773254395e-01
7.984687089920043945e-01 8.000184893608093262e-01
9.820338487625122070e-01 9.839889407157897949e-01
8.758901357650756836e-01 8.755012750625610352e-01
7.988738417625427246e-01 8.020711541175842285e-01
8.838768005371093750e-01 8.875904083251953125e-01
7.265597581863403320e-01 7.273719310760498047e-01
8.528747558593750000e-01 8.552053570747375488e-01
8.800292015075683594e-01 8.808214664459228516e-01
9.030621051788330078e-01 9.014562964439392090e-01
8.834753632545471191e-01 8.848100304603576660e-01
8.642299771308898926e-01 8.703491091728210449e-01
7.596312761306762695e-01 7.583084702491760254e-01
7.234030961990356445e-01 7.244233489036560059e-01
8.260084390640258789e-01 8.282491564750671387e-01
8.870319128036499023e-01 8.888345360755920410e-01
9.644702076911926270e-01 9.653171896934509277e-01
7.229558229446411133e-01 7.266625165939331055e-01
7.899342179298400879e-01 7.912604212760925293e-01
8.850337862968444824e-01 8.896198868751525879e-01
8.261017799377441406e-01 8.256143927574157715e-01
7.985619306564331055e-01 8.043936491012573242e-01
9.114743471145629883e-01 9.105338454246520996e-01
9.013738036155700684e-01 9.031812548637390137e-01
8.709981441497802734e-01 8.729811310768127441e-01
8.422999382019042969e-01 8.433335423469543457e-01
7.871664762496948242e-01 7.842741608619689941e-01
7.734485864639282227e-01 7.738971710205078125e-01
9.150028228759765625e-01 9.126884341239929199e-01
8.083120584487915039e-01 8.105834722518920898e-01
7.923038005828857422e-01 7.913535237312316895e-01
8.946861028671264648e-01 8.980200886726379395e-01
8.221678137779235840e-01 8.242047429084777832e-01
8.434388637542724609e-01 8.443607687950134277e-01
9.355546236038208008e-01 9.365136623382568359e-01
9.084053635597229004e-01 9.104797244071960449e-01
7.593594193458557129e-01 7.584211230278015137e-01
8.711214065551757812e-01 8.741198182106018066e-01
7.230910062789916992e-01 7.215853333473205566e-01
8.243554234504699707e-01 8.253155350685119629e-01
8.244343996047973633e-01 8.262686729431152344e-01
7.737400531768798828e-01 7.720863223075866699e-01
8.988813757896423340e-01 8.998270630836486816e-01
9.384295940399169922e-01 9.378346800804138184e-01
9.094390273094177246e-01 9.071617126464843750e-01
8.728051185607910156e-01 8.749329447746276855e-01
8.451011180877685547e-01 8.416391015052795410e-01
9.225521087646484375e-01 9.264299273490905762e-01
8.043398857116699219e-01 8.080183863639831543e-01
9.338181018829345703e-01 9.352038502693176270e-01
7.622151970863342285e-01 7.635454535484313965e-01
9.147577881813049316e-01 9.131446480751037598e-01
9.337675571441650391e-01 9.333799481391906738e-01
8.774144053459167480e-01 8.800752758979797363e-01
8.719848394393920898e-01 8.760640621185302734e-01
9.951844215393066406e-01 9.959716200828552246e-01
7.649403810501098633e-01 7.664831280708312988e-01
7.283171415328979492e-01 7.311863899230957031e-01
9.654584527015686035e-01 9.656242728233337402e-01
9.114127159118652344e-01 9.121570587158203125e-01
9.196930527687072754e-01 9.223448038101196289e-01
7.891725301742553711e-01 7.890018820762634277e-01
9.237134456634521484e-01 9.282636046409606934e-01
9.405557513236999512e-01 9.415442347526550293e-01
7.920031547546386719e-01 7.931092381477355957e-01
7.265180349349975586e-01 7.277972698211669922e-01
9.170132875442504883e-01 9.225010275840759277e-01
8.529288768768310547e-01 8.529121279716491699e-01
7.732473611831665039e-01 7.758033275604248047e-01
8.786281943321228027e-01 8.819881081581115723e-01
8.041051626205444336e-01 7.974470257759094238e-01
8.040857315063476562e-01 8.018432855606079102e-01
8.881585001945495605e-01 8.917213678359985352e-01
9.923892021179199219e-01 9.930331707000732422e-01
8.865588903427124023e-01 8.848485350608825684e-01
8.928529620170593262e-01 8.898845314979553223e-01
8.760472536087036133e-01 8.762270808219909668e-01
8.803995847702026367e-01 8.862795233726501465e-01
8.165093660354614258e-01 8.154479861259460449e-01
9.288684725761413574e-01 9.302640557289123535e-01
8.818725943565368652e-01 8.834819793701171875e-01
9.318400621414184570e-01 9.330738186836242676e-01
7.822594046592712402e-01 7.807694077491760254e-01
8.518648743629455566e-01 8.545827269554138184e-01
8.383271694183349609e-01 8.395115137100219727e-01
8.520739078521728516e-01 8.513229489326477051e-01
9.298916459083557129e-01 9.324201941490173340e-01
8.750762939453125000e-01 8.776329159736633301e-01
9.095795154571533203e-01 9.100461602210998535e-01
8.374737501144409180e-01 8.342697620391845703e-01
8.618364930152893066e-01 8.591678738594055176e-01
9.114756584167480469e-01 9.112722277641296387e-01
9.138444662094116211e-01 9.204136729240417480e-01
8.516518473625183105e-01 8.526321053504943848e-01
9.100441932678222656e-01 9.100908637046813965e-01
9.305115342140197754e-01 9.302914142608642578e-01
7.257369756698608398e-01 7.231673598289489746e-01
9.042278528213500977e-01 9.054647088050842285e-01
9.333488941192626953e-01 9.344428181648254395e-01
9.445580244064331055e-01 9.475153088569641113e-01
8.267329931259155273e-01 8.234309554100036621e-01
9.659278988838195801e-01 9.678847789764404297e-01
7.546554803848266602e-01 7.517782449722290039e-01
8.635692596435546875e-01 8.612167239189147949e-01
7.972031831741333008e-01 7.990952134132385254e-01
7.820756435394287109e-01 7.865469455718994141e-01
8.384839296340942383e-01 8.343442082405090332e-01
8.832004070281982422e-01 8.861292004585266113e-01
8.223213553428649902e-01 8.239817619323730469e-01
9.779301285743713379e-01 9.798764586448669434e-01
8.770123720169067383e-01 8.753105998039245605e-01
8.267481327056884766e-01 8.290761709213256836e-01
8.643525838851928711e-01 8.634958267211914062e-01
9.400256872177124023e-01 9.409525990486145020e-01
8.683690428733825684e-01 8.658894300460815430e-01
8.812679052352905273e-01 8.818105459213256836e-01
7.254050970077514648e-01 7.263638377189636230e-01
9.280679225921630859e-01 9.277086853981018066e-01
8.696219325065612793e-01 8.713644146919250488e-01
7.279193997383117676e-01 7.320169806480407715e-01
9.629119634628295898e-01 9.613658785820007324e-01
7.788112759590148926e-01 7.771154642105102539e-01
8.928511142730712891e-01 8.934084177017211914e-01
9.254873394966125488e-01 9.269210696220397949e-01
9.623696208000183105e-01 9.597986936569213867e-01
9.604694247245788574e-01 9.625412821769714355e-01
9.123783111572265625e-01 9.143866896629333496e-01
8.275426626205444336e-01 8.259565830230712891e-01
8.217639327049255371e-01 8.228365778923034668e-01
8.776938915252685547e-01 8.763832449913024902e-01
9.019010066986083984e-01 9.017711281776428223e-01
7.548372149467468262e-01 7.542714476585388184e-01
9.062893390655517578e-01 9.075376391410827637e-01
8.341847658157348633e-01 8.308165669441223145e-01
8.451009392738342285e-01 8.480871319770812988e-01
9.640578627586364746e-01 9.651493430137634277e-01
7.882805466651916504e-01 7.909402251243591309e-01
7.282496690750122070e-01 7.290740609169006348e-01
9.248049259185791016e-01 9.268389344215393066e-01
9.084196090698242188e-01 9.048643708229064941e-01
7.635169029235839844e-01 7.621443867683410645e-01
8.361431956291198730e-01 8.339730501174926758e-01
8.639009594917297363e-01 8.640344738960266113e-01
8.243368268013000488e-01 8.249835371971130371e-01
8.015739917755126953e-01 8.044306039810180664e-01
9.284310936927795410e-01 9.307736754417419434e-01
8.944373130798339844e-01 8.969218134880065918e-01
7.268705368041992188e-01 7.308598160743713379e-01
8.870486021041870117e-01 8.895903229713439941e-01
7.830047607421875000e-01 7.848885059356689453e-01
8.555228710174560547e-01 8.600075840950012207e-01
9.225111603736877441e-01 9.242395758628845215e-01
8.832064867019653320e-01 8.849024772644042969e-01
9.423018097877502441e-01 9.465292096138000488e-01
8.460325598716735840e-01 8.443940877914428711e-01
9.402921795845031738e-01 9.398775100708007812e-01
8.534780740737915039e-01 8.539382219314575195e-01
9.790360331535339355e-01 9.798833131790161133e-01
8.877110481262207031e-01 8.883053660392761230e-01
8.332449197769165039e-01 8.335848450660705566e-01
8.352888822555541992e-01 8.353679776191711426e-01
9.224407672882080078e-01 9.211452603340148926e-01
8.760958909988403320e-01 8.736215829849243164e-01
9.030690789222717285e-01 9.040629267692565918e-01
9.451484680175781250e-01 9.466199278831481934e-01
9.718670845031738281e-01 9.733285307884216309e-01
7.683445215225219727e-01 7.656129002571105957e-01
7.268103361129760742e-01 7.290306687355041504e-01
8.711338043212890625e-01 8.747790455818176270e-01
8.579068183898925781e-01 8.611387014389038086e-01
8.184249997138977051e-01 8.178609013557434082e-01
7.821902632713317871e-01 7.790400385856628418e-01
9.092050790786743164e-01 9.095312952995300293e-01
9.761928915977478027e-01 9.777481555938720703e-01
8.479052782058715820e-01 8.530102372169494629e-01
1.032750964164733887e+00 1.028789281845092773e+00
8.480768799781799316e-01 8.531004786491394043e-01
7.786936163902282715e-01 7.783014774322509766e-01
8.998985886573791504e-01 9.034487009048461914e-01
8.373129367828369141e-01 8.326998353004455566e-01
7.696641683578491211e-01 7.689999938011169434e-01
7.263360619544982910e-01 7.287750840187072754e-01
8.078647255897521973e-01 8.059280514717102051e-01
7.227614521980285645e-01 7.222205996513366699e-01
7.623900175094604492e-01 7.645395994186401367e-01
9.285604357719421387e-01 9.270751476287841797e-01
8.495222926139831543e-01 8.514063954353332520e-01
1.015897989273071289e+00 1.018579721450805664e+00
7.275323867797851562e-01 7.271437048912048340e-01
8.854225277900695801e-01 8.850190639495849609e-01
7.836265563964843750e-01 7.826440930366516113e-01
7.273705601692199707e-01 7.324682474136352539e-01
7.863010168075561523e-01 7.858861088752746582e-01
7.924402952194213867e-01 7.969250679016113281e-01
8.785336017608642578e-01 8.788129687309265137e-01
7.980899214744567871e-01 7.973955869674682617e-01
8.456672430038452148e-01 8.464081287384033203e-01
8.522854447364807129e-01 8.517274260520935059e-01
7.922880649566650391e-01 7.963290810585021973e-01
8.810951709747314453e-01 8.819418549537658691e-01
8.556340932846069336e-01 8.580200076103210449e-01
8.237548470497131348e-01 8.270401358604431152e-01
8.774265050888061523e-01 8.735656738281250000e-01
7.275830507278442383e-01 7.319625020027160645e-01
8.617426156997680664e-01 8.616323471069335938e-01
7.568272352218627930e-01 7.561489939689636230e-01
8.830804228782653809e-01 8.824740648269653320e-01
9.587235450744628906e-01 9.604329466819763184e-01
8.385433554649353027e-01 8.350563645362854004e-01
7.225587368011474609e-01 7.201082110404968262e-01
8.605155944824218750e-01 8.593127131462097168e-01
9.066802263259887695e-01 9.082754254341125488e-01
8.192530870437622070e-01 8.200054764747619629e-01
8.970285058021545410e-01 8.995167613029479980e-01
8.847810029983520508e-01 8.880529403686523438e-01
8.315104246139526367e-01 8.304250240325927734e-01
8.767158389091491699e-01 8.751956820487976074e-01
7.263138294219970703e-01 7.294940948486328125e-01
8.942207694053649902e-01 8.931958079338073730e-01
7.270734906196594238e-01 7.292630076408386230e-01
8.760148286819458008e-01 8.765280842781066895e-01
8.262836337089538574e-01 8.219390511512756348e-01
9.177669882774353027e-01 9.161486029624938965e-01
9.228591918945312500e-01 9.254199862480163574e-01
9.289603233337402344e-01 9.303475022315979004e-01
8.393452763557434082e-01 8.401528000831604004e-01
7.646596431732177734e-01 7.644279003143310547e-01
9.236304759979248047e-01 9.274412393569946289e-01
9.046043157577514648e-01 9.082118868827819824e-01
7.274878025054931641e-01 7.300192713737487793e-01
9.426801204681396484e-01 9.434215426445007324e-01
9.026370644569396973e-01 9.046180844306945801e-01
9.161015748977661133e-01 9.175916314125061035e-01
7.264401316642761230e-01 7.282448410987854004e-01
8.572707176208496094e-01 8.582134246826171875e-01
9.704385399818420410e-01 9.723277688026428223e-01
7.750491499900817871e-01 7.787596583366394043e-01
7.264157533645629883e-01 7.328046560287475586e-01
7.565670609474182129e-01 7.542629241943359375e-01
7.941570281982421875e-01 7.967820763587951660e-01
9.032802581787109375e-01 9.051684737205505371e-01
7.664083242416381836e-01 7.681793570518493652e-01
8.827966451644897461e-01 8.821862339973449707e-01
9.206000566482543945e-01 9.184317588806152344e-01
7.685360312461853027e-01 7.654364705085754395e-01
8.654370903968811035e-01 8.657910823822021484e-01
8.551324009895324707e-01 8.527542948722839355e-01
7.729713916778564453e-01 7.775616645812988281e-01
9.569571018218994141e-01 9.586915373802185059e-01
8.728888034820556641e-01 8.728685975074768066e-01
7.265409231185913086e-01 7.286230921745300293e-01
8.603532910346984863e-01 8.592435717582702637e-01
9.396759867668151855e-01 9.382939338684082031e-01
9.394960999488830566e-01 9.418596625328063965e-01
8.809071779251098633e-01 8.856574296951293945e-01
7.857676744461059570e-01 7.829430699348449707e-01
9.018580317497253418e-01 9.059223532676696777e-01
7.804921865463256836e-01 7.755886316299438477e-01
1.029134631156921387e+00 1.029709577560424805e+00
9.621319770812988281e-01 9.651032090187072754e-01
7.832968235015869141e-01 7.824797630310058594e-01
8.312799930572509766e-01 8.315265774726867676e-01
8.864173889160156250e-01 8.870018124580383301e-01
9.413920044898986816e-01 9.418467879295349121e-01
7.702248096466064453e-01 7.686713337898254395e-01
9.669672250747680664e-01 9.670582413673400879e-01
9.915148019790649414e-01 9.907774329185485840e-01
8.501713275909423828e-01 8.490414619445800781e-01
9.504422545433044434e-01 9.540010094642639160e-01
9.061318635940551758e-01 9.097549319267272949e-01
9.141972064971923828e-01 9.152895808219909668e-01
9.539601802825927734e-01 9.563716053962707520e-01
7.987662553787231445e-01 7.985215783119201660e-01
9.500184655189514160e-01 9.523619413375854492e-01
8.580216169357299805e-01 8.600307703018188477e-01
9.640288949012756348e-01 9.677269458770751953e-01
9.436630606651306152e-01 9.421395659446716309e-01
7.267950177192687988e-01 7.307718396186828613e-01
7.593820095062255859e-01 7.623578310012817383e-01
8.486264944076538086e-01 8.526331782341003418e-01
9.051273465156555176e-01 9.063048958778381348e-01
9.481309652328491211e-01 9.528462886810302734e-01
8.672734498977661133e-01 8.687052130699157715e-01
9.233740568161010742e-01 9.270693659782409668e-01
9.739270806312561035e-01 9.755299687385559082e-01
8.546723127365112305e-01 8.566656708717346191e-01
8.324692249298095703e-01 8.316875100135803223e-01
9.093241691589355469e-01 9.109967350959777832e-01
8.144635558128356934e-01 8.140062689781188965e-01
8.552967309951782227e-01 8.529019951820373535e-01
8.604446649551391602e-01 8.619018197059631348e-01
8.736915588378906250e-01 8.728463649749755859e-01
7.592481970787048340e-01 7.604914307594299316e-01
8.306447863578796387e-01 8.299145102500915527e-01
8.512019515037536621e-01 8.542165160179138184e-01
9.124976992607116699e-01 9.141803979873657227e-01
7.228482961654663086e-01 7.221923470497131348e-01
8.572750091552734375e-01 8.597294688224792480e-01
8.510250449180603027e-01 8.509930968284606934e-01
7.587787508964538574e-01 7.633971571922302246e-01
8.820754885673522949e-01 8.847865462303161621e-01
7.754356861114501953e-01 7.750296592712402344e-01
9.341260790824890137e-01 9.356246590614318848e-01
8.356767296791076660e-01 8.360754251480102539e-01
8.889583945274353027e-01 8.910855054855346680e-01
8.777294158935546875e-01 8.768033385276794434e-01
8.341048359870910645e-01 8.307191729545593262e-01
9.119242429733276367e-01 9.142296910285949707e-01
7.867385149002075195e-01 7.857947945594787598e-01
8.207987546920776367e-01 8.227456212043762207e-01
8.339956402778625488e-01 8.327803015708923340e-01
8.389433622360229492e-01 8.378015160560607910e-01
8.807444572448730469e-01 8.793292641639709473e-01
8.243565559387207031e-01 8.256084322929382324e-01
8.862874507904052734e-01 8.868326544761657715e-01
9.275518059730529785e-01 9.248317480087280273e-01
7.719389200210571289e-01 7.755908370018005371e-01
9.008534550666809082e-01 9.021080136299133301e-01
9.021468758583068848e-01 9.049142599105834961e-01
8.737654685974121094e-01 8.730009198188781738e-01
8.226219415664672852e-01 8.250132203102111816e-01
7.984737753868103027e-01 7.962415814399719238e-01
7.740902900695800781e-01 7.761837840080261230e-01
8.071277141571044922e-01 8.086491823196411133e-01
8.463842272758483887e-01 8.502526283264160156e-01
8.465613722801208496e-01 8.498954176902770996e-01
8.034337759017944336e-01 8.030344247817993164e-01
8.828173875808715820e-01 8.828139901161193848e-01
9.223213195800781250e-01 9.216457009315490723e-01
9.793749451637268066e-01 9.815967679023742676e-01
8.929084539413452148e-01 8.974937200546264648e-01
9.269827604293823242e-01 9.280123114585876465e-01
8.997860550880432129e-01 9.024907946586608887e-01
7.595233321189880371e-01 7.607579827308654785e-01
9.359095692634582520e-01 9.334409832954406738e-01
8.037074804306030273e-01 7.996623516082763672e-01
8.322756886482238770e-01 8.311752676963806152e-01
8.336405754089355469e-01 8.339472413063049316e-01
8.519453406333923340e-01 8.510716557502746582e-01
9.499823451042175293e-01 9.520118236541748047e-01
7.628598809242248535e-01 7.645074725151062012e-01
9.015492200851440430e-01 9.026219248771667480e-01
9.222135543823242188e-01 9.250293374061584473e-01
8.005455732345581055e-01 8.007073998451232910e-01
8.383518457412719727e-01 8.336062431335449219e-01
7.929695248603820801e-01 7.976505160331726074e-01
7.857992649078369141e-01 7.860850691795349121e-01
8.355005979537963867e-01 8.356332182884216309e-01
9.035905003547668457e-01 9.060263037681579590e-01
8.510998487472534180e-01 8.527133464813232422e-01
9.654939174652099609e-01 9.654672741889953613e-01
7.845621109008789062e-01 7.879037261009216309e-01
7.640064358711242676e-01 7.635350823402404785e-01
8.807682991027832031e-01 8.808040022850036621e-01
8.223208785057067871e-01 8.234307169914245605e-01
7.639615535736083984e-01 7.640390992164611816e-01
8.654189705848693848e-01 8.643866181373596191e-01
7.874221801757812500e-01 7.867698669433593750e-01
8.038603067398071289e-01 8.067185282707214355e-01
8.362769484519958496e-01 8.402560353279113770e-01
9.149100780487060547e-01 9.147593975067138672e-01
8.648381829261779785e-01 8.643867969512939453e-01
8.213203549385070801e-01 8.233888149261474609e-01
9.011721611022949219e-01 9.015088081359863281e-01
8.733462095260620117e-01 8.722512125968933105e-01
8.658853173255920410e-01 8.664429187774658203e-01
9.028522372245788574e-01 9.037380814552307129e-01
8.783554434776306152e-01 8.788812756538391113e-01
8.851885795593261719e-01 8.862801194190979004e-01
9.485756158828735352e-01 9.501547217369079590e-01
7.722232937812805176e-01 7.733083367347717285e-01
7.720122933387756348e-01 7.751577496528625488e-01
9.377219080924987793e-01 9.434362649917602539e-01
7.638230323791503906e-01 7.658537626266479492e-01
9.082502126693725586e-01 9.062801599502563477e-01
9.117233157157897949e-01 9.125833511352539062e-01
7.923221588134765625e-01 7.950871586799621582e-01
8.595509529113769531e-01 8.569793105125427246e-01
7.858463525772094727e-01 7.867844700813293457e-01
8.319408297538757324e-01 8.302214145660400391e-01
8.899005651473999023e-01 8.928301930427551270e-01
8.871292471885681152e-01 8.887550830841064453e-01
8.075953125953674316e-01 8.090337514877319336e-01
7.274984121322631836e-01 7.310199141502380371e-01
8.373067378997802734e-01 8.364102244377136230e-01
8.064293861389160156e-01 8.071591258049011230e-01
8.372889757156372070e-01 8.336604833602905273e-01
7.650579214096069336e-01 7.673924565315246582e-01
8.912057280540466309e-01 8.955954909324645996e-01
7.237312197685241699e-01 7.212109565734863281e-01
9.372740387916564941e-01 9.399631619453430176e-01
8.225460052490234375e-01 8.269007802009582520e-01
7.691379189491271973e-01 7.670032978057861328e-01
8.864408731460571289e-01 8.892677426338195801e-01
8.730803728103637695e-01 8.692402243614196777e-01
8.232157230377197266e-01 8.256849646568298340e-01
7.239395380020141602e-01 7.226582765579223633e-01
8.282444477081298828e-01 8.271842598915100098e-01
9.509170055389404297e-01 9.519935250282287598e-01
8.332002162933349609e-01 8.299627900123596191e-01
8.305441737174987793e-01 8.297447562217712402e-01
8.986856937408447266e-01 9.024828076362609863e-01
7.647823095321655273e-01 7.646073102951049805e-01
8.702259063720703125e-01 8.677526116371154785e-01
8.851312398910522461e-01 8.859525322914123535e-01
9.006547927856445312e-01 9.037420153617858887e-01
9.328922033309936523e-01 9.330177903175354004e-01
7.794114351272583008e-01 7.765782475471496582e-01
8.521431684494018555e-01 8.569414615631103516e-01
7.584470510482788086e-01 7.623338103294372559e-01
7.637447118759155273e-01 7.637956142425537109e-01
7.231858968734741211e-01 7.215378284454345703e-01
8.860644102096557617e-01 8.868498206138610840e-01
8.983753323554992676e-01 8.970484137535095215e-01
9.547148942947387695e-01 9.585096240043640137e-01
8.791011571884155273e-01 8.761497735977172852e-01
9.046196341514587402e-01 9.055704474449157715e-01
8.657904863357543945e-01 8.681324124336242676e-01
8.993721604347229004e-01 9.031403660774230957e-01
7.978091835975646973e-01 7.942672371864318848e-01
8.870266675949096680e-01 8.886440396308898926e-01
9.029963016510009766e-01 9.033414721488952637e-01
8.621157407760620117e-01 8.602045178413391113e-01
7.251617908477783203e-01 7.232697606086730957e-01
8.557159900665283203e-01 8.595169782638549805e-01
8.919511437416076660e-01 8.936497569084167480e-01
7.230471968650817871e-01 7.184041142463684082e-01
8.978060483932495117e-01 8.975349068641662598e-01
7.838295698165893555e-01 7.843728661537170410e-01
8.171014189720153809e-01 8.181421160697937012e-01
8.457212448120117188e-01 8.476592898368835449e-01
7.973497509956359863e-01 7.986901998519897461e-01
7.726597189903259277e-01 7.727193832397460938e-01
7.617855072021484375e-01 7.615129947662353516e-01
8.880752325057983398e-01 8.876262307167053223e-01
8.997131586074829102e-01 9.025914669036865234e-01
8.757631778717041016e-01 8.767438530921936035e-01
8.366576433181762695e-01 8.382503390312194824e-01
8.981818556785583496e-01 8.983611464500427246e-01
9.747902750968933105e-01 9.742500185966491699e-01
8.501901030540466309e-01 8.490728735923767090e-01
7.925803065299987793e-01 7.937361598014831543e-01
7.641773223876953125e-01 7.673528790473937988e-01
9.169622659683227539e-01 9.194965958595275879e-01
8.386997580528259277e-01 8.358232975006103516e-01
7.734268903732299805e-01 7.754876613616943359e-01
8.996686935424804688e-01 9.038124680519104004e-01
7.890748977661132812e-01 7.886053919792175293e-01
7.829046845436096191e-01 7.837815880775451660e-01
9.288508892059326172e-01 9.245353341102600098e-01
7.903798222541809082e-01 7.923358082771301270e-01
7.591664791107177734e-01 7.566165328025817871e-01
7.559214234352111816e-01 7.535684704780578613e-01
8.469083905220031738e-01 8.480129837989807129e-01
7.695685029029846191e-01 7.665383219718933105e-01
8.978517055511474609e-01 8.961238265037536621e-01
7.544615268707275391e-01 7.541833519935607910e-01
9.100331068038940430e-01 9.071609377861022949e-01
7.240513563156127930e-01 7.242448329925537109e-01
7.741732001304626465e-01 7.765560746192932129e-01
8.739901781082153320e-01 8.765853047370910645e-01
8.514280319213867188e-01 8.474475741386413574e-01
8.356648683547973633e-01 8.382253050804138184e-01
9.312139153480529785e-01 9.337999820709228516e-01
8.374594449996948242e-01 8.365362286567687988e-01
9.043297171592712402e-01 9.052926898002624512e-01
7.222450971603393555e-01 7.213892936706542969e-01
7.904771566390991211e-01 7.892687916755676270e-01
8.220664262771606445e-01 8.227627873420715332e-01
8.461815714836120605e-01 8.491740822792053223e-01
9.102419018745422363e-01 9.102411866188049316e-01
8.868222236633300781e-01 8.893457055091857910e-01
8.218263387680053711e-01 8.233124613761901855e-01
9.699637293815612793e-01 9.684378504753112793e-01
9.362272024154663086e-01 9.350945949554443359e-01
8.304909467697143555e-01 8.272340893745422363e-01
9.230236411094665527e-01 9.252580404281616211e-01
8.554096221923828125e-01 8.543505072593688965e-01
9.508688449859619141e-01 9.521091580390930176e-01
9.208856225013732910e-01 9.211911559104919434e-01
8.803997635841369629e-01 8.822250962257385254e-01
9.258909225463867188e-01 9.262806177139282227e-01
8.461381196975708008e-01 8.463682532310485840e-01
7.737096548080444336e-01 7.761035561561584473e-01
7.592440843582153320e-01 7.632767558097839355e-01
9.078735709190368652e-01 9.099283814430236816e-01
8.827975988388061523e-01 8.852135539054870605e-01
7.586798667907714844e-01 7.591435313224792480e-01
7.980772256851196289e-01 7.954658865928649902e-01
8.527001142501831055e-01 8.526974320411682129e-01
9.626336693763732910e-01 9.631714820861816406e-01
9.065953493118286133e-01 9.079628586769104004e-01
9.444509744644165039e-01 9.463189244270324707e-01
9.655401706695556641e-01 9.688553810119628906e-01
7.833492159843444824e-01 7.870960831642150879e-01
7.640966176986694336e-01 7.658525109291076660e-01
8.862776160240173340e-01 8.920063376426696777e-01
9.266573190689086914e-01 9.273057579994201660e-01
8.226686120033264160e-01 8.259967565536499023e-01
9.094573855400085449e-01 9.097340106964111328e-01
8.033605813980102539e-01 8.070857524871826172e-01
9.104467630386352539e-01 9.102261066436767578e-01
8.715075254440307617e-01 8.709235191345214844e-01
8.160696625709533691e-01 8.134089112281799316e-01
9.073536396026611328e-01 9.057368636131286621e-01
8.832604885101318359e-01 8.860177397727966309e-01
8.730558156967163086e-01 8.760656714439392090e-01
1.033170461654663086e+00 1.034543871879577637e+00
9.840458631515502930e-01 9.870978593826293945e-01
8.516150116920471191e-01 8.503855466842651367e-01
9.749256372451782227e-01 9.756385684013366699e-01
9.199324846267700195e-01 9.223247170448303223e-01
7.235304713249206543e-01 7.223185896873474121e-01
8.609938621520996094e-01 8.577671647071838379e-01
7.576752305030822754e-01 7.609490752220153809e-01
7.269604206085205078e-01 7.312787175178527832e-01
9.294136166572570801e-01 9.329759478569030762e-01
8.436940908432006836e-01 8.469999432563781738e-01
9.414573907852172852e-01 9.459691643714904785e-01
9.032075405120849609e-01 9.073519110679626465e-01
7.274693250656127930e-01 7.303369641304016113e-01
8.722716569900512695e-01 8.729725480079650879e-01
8.717344999313354492e-01 8.700620532035827637e-01
9.395500421524047852e-01 9.402310848236083984e-01
9.095396399497985840e-01 9.114739298820495605e-01
7.823099493980407715e-01 7.860728502273559570e-01
7.866249084472656250e-01 7.894449830055236816e-01
7.625372409820556641e-01 7.630368471145629883e-01
8.648235797882080078e-01 8.651099205017089844e-01
9.670328497886657715e-01 9.672195315361022949e-01
7.751988172531127930e-01 7.780001759529113770e-01
8.004766106605529785e-01 7.985279560089111328e-01
8.393388986587524414e-01 8.413556218147277832e-01
7.837409377098083496e-01 7.813511490821838379e-01
9.008347988128662109e-01 9.069481492042541504e-01
7.534636855125427246e-01 7.528002858161926270e-01
8.888418078422546387e-01 8.919124603271484375e-01
8.915102481842041016e-01 8.909607529640197754e-01
8.195430636405944824e-01 8.215798735618591309e-01
7.260133028030395508e-01 7.267600893974304199e-01
8.233498930931091309e-01 8.270842432975769043e-01
8.284628391265869141e-01 8.278531432151794434e-01
8.244633078575134277e-01 8.262344002723693848e-01
9.015403985977172852e-01 9.042245149612426758e-01
9.419915080070495605e-01 9.445459842681884766e-01
7.237045764923095703e-01 7.233336567878723145e-01
7.715633511543273926e-01 7.705737352371215820e-01
9.401569962501525879e-01 9.406930804252624512e-01
7.786142826080322266e-01 7.762615680694580078e-01
9.515517950057983398e-01 9.527851939201354980e-01
8.798593878746032715e-01 8.810963034629821777e-01
7.643125057220458984e-01 7.652859091758728027e-01
8.240208625793457031e-01 8.254181742668151855e-01
8.525122404098510742e-01 8.535590767860412598e-01
8.702726960182189941e-01 8.715426921844482422e-01
8.878037929534912109e-01 8.898418545722961426e-01
7.635506987571716309e-01 7.634437680244445801e-01
9.025222063064575195e-01 9.034886956214904785e-01
7.726752758026123047e-01 7.783538699150085449e-01
7.271542549133300781e-01 7.301760315895080566e-01
7.977576255798339844e-01 7.969853878021240234e-01
9.385321736335754395e-01 9.404405355453491211e-01
9.644361734390258789e-01 9.638667702674865723e-01
8.519248962402343750e-01 8.476567268371582031e-01
7.239047288894653320e-01 7.271462082862854004e-01
9.718739986419677734e-01 9.764822125434875488e-01
7.915802001953125000e-01 7.915816903114318848e-01
9.593212008476257324e-01 9.607066512107849121e-01
9.256398081779479980e-01 9.283581376075744629e-01
8.313463330268859863e-01 8.301413655281066895e-01
1.050353169441223145e+00 1.052255511283874512e+00
8.354680538177490234e-01 8.356952071189880371e-01
7.267791032791137695e-01 7.309942245483398438e-01
9.016410112380981445e-01 9.026530385017395020e-01
8.461521267890930176e-01 8.488882184028625488e-01
9.438066482543945312e-01 9.453552961349487305e-01
9.142445921897888184e-01 9.177828431129455566e-01
7.917901277542114258e-01 7.959195375442504883e-01
9.336224198341369629e-01 9.330681562423706055e-01
9.395238161087036133e-01 9.417689442634582520e-01
1.005590438842773438e+00 1.007520914077758789e+00
8.754754066467285156e-01 8.779804706573486328e-01
8.486588001251220703e-01 8.523815274238586426e-01
8.957464694976806641e-01 8.991729617118835449e-01
8.855885267257690430e-01 8.868978619575500488e-01
7.822503447532653809e-01 7.821697592735290527e-01
9.478874206542968750e-01 9.521877169609069824e-01
8.160527944564819336e-01 8.212456107139587402e-01
9.357474446296691895e-01 9.383585453033447266e-01
9.113416671752929688e-01 9.143194556236267090e-01
8.832728862762451172e-01 8.822262287139892578e-01
9.230372905731201172e-01 9.235230088233947754e-01
7.740619182586669922e-01 7.771295905113220215e-01
8.839583396911621094e-01 8.864287137985229492e-01
8.490279316902160645e-01 8.520585894584655762e-01
7.831263542175292969e-01 7.841315865516662598e-01
9.792024493217468262e-01 9.812878966331481934e-01
8.819166421890258789e-01 8.821886181831359863e-01
8.204001188278198242e-01 8.246877789497375488e-01
9.112040400505065918e-01 9.136043787002563477e-01
7.259232401847839355e-01 7.315074801445007324e-01
8.031095266342163086e-01 8.012213110923767090e-01
9.720203280448913574e-01 9.704802632331848145e-01
9.004480838775634766e-01 9.030504822731018066e-01
9.575225710868835449e-01 9.591126441955566406e-01
8.234698772430419922e-01 8.243228793144226074e-01
9.539435505867004395e-01 9.544149041175842285e-01
9.036588072776794434e-01 9.027653932571411133e-01
8.728329539299011230e-01 8.761592507362365723e-01
8.010028600692749023e-01 8.017387390136718750e-01
9.259612560272216797e-01 9.236063957214355469e-01
8.199449777603149414e-01 8.232682347297668457e-01
8.232303261756896973e-01 8.242098689079284668e-01
8.968502283096313477e-01 8.980832695960998535e-01
7.988556027412414551e-01 7.980247139930725098e-01
8.933165073394775391e-01 8.913167119026184082e-01
7.714014053344726562e-01 7.697508931159973145e-01
8.384938240051269531e-01 8.395044803619384766e-01
7.616263031959533691e-01 7.624303102493286133e-01
9.744261503219604492e-01 9.754149317741394043e-01
8.244206905364990234e-01 8.232188820838928223e-01
9.113636612892150879e-01 9.140160679817199707e-01
8.778709173202514648e-01 8.753067851066589355e-01
9.480997323989868164e-01 9.460948109626770020e-01
8.772248029708862305e-01 8.789036870002746582e-01
9.296754598617553711e-01 9.312360882759094238e-01
9.130001068115234375e-01 9.144557118415832520e-01
9.135380387306213379e-01 9.131483435630798340e-01
7.900944948196411133e-01 7.892598509788513184e-01
8.993038535118103027e-01 9.037024378776550293e-01
7.982977032661437988e-01 7.956890463829040527e-01
7.577528953552246094e-01 7.575781345367431641e-01
8.281841278076171875e-01 8.271455168724060059e-01
7.609474062919616699e-01 7.587054371833801270e-01
9.244470596313476562e-01 9.282142519950866699e-01
8.574429750442504883e-01 8.595948219299316406e-01
9.044144153594970703e-01 9.064093232154846191e-01
8.835762143135070801e-01 8.852894902229309082e-01
7.244164347648620605e-01 7.204623222351074219e-01
7.945340871810913086e-01 7.975580096244812012e-01
7.685855627059936523e-01 7.660562396049499512e-01
7.914331555366516113e-01 7.931562662124633789e-01
9.291957616806030273e-01 9.307920336723327637e-01
7.265480160713195801e-01 7.300958037376403809e-01
8.316940069198608398e-01 8.342351317405700684e-01
8.474885225296020508e-01 8.490030169486999512e-01
7.580578923225402832e-01 7.573134303092956543e-01
8.364649415016174316e-01 8.392322063446044922e-01
7.847411632537841797e-01 7.818251848220825195e-01
7.614058256149291992e-01 7.617645859718322754e-01
9.121375679969787598e-01 9.123288989067077637e-01
7.589335441589355469e-01 7.613982558250427246e-01
8.026753067970275879e-01 7.984393835067749023e-01
8.236997127532958984e-01 8.241415023803710938e-01
8.232663869857788086e-01 8.247748017311096191e-01
8.025569319725036621e-01 8.034637570381164551e-01
7.596212625503540039e-01 7.630775570869445801e-01
9.410306215286254883e-01 9.427900910377502441e-01
7.270081639289855957e-01 7.289199233055114746e-01
8.211406469345092773e-01 8.235357403755187988e-01
8.514209985733032227e-01 8.466788530349731445e-01
9.047055244445800781e-01 9.092848896980285645e-01
9.197930097579956055e-01 9.240644574165344238e-01
9.384164214134216309e-01 9.395114183425903320e-01
7.265847921371459961e-01 7.250410914421081543e-01
9.918888211250305176e-01 9.944698810577392578e-01
8.149830698966979980e-01 8.184560537338256836e-01
9.052959680557250977e-01 9.060636758804321289e-01
7.830472588539123535e-01 7.819103598594665527e-01
8.294283151626586914e-01 8.315156698226928711e-01
7.866317629814147949e-01 7.855857014656066895e-01
9.262565374374389648e-01 9.268319010734558105e-01
8.676519989967346191e-01 8.691911697387695312e-01
7.982131242752075195e-01 7.981285452842712402e-01
7.735119462013244629e-01 7.773424983024597168e-01
7.606724500656127930e-01 7.602464556694030762e-01
9.016122817993164062e-01 9.015877842903137207e-01
8.757470250129699707e-01 8.772006630897521973e-01
8.369039297103881836e-01 8.376079797744750977e-01
7.922310233116149902e-01 7.918200492858886719e-01
8.386639356613159180e-01 8.389183878898620605e-01
9.301341772079467773e-01 9.276971220970153809e-01
8.571088910102844238e-01 8.603330850601196289e-01
8.367261290550231934e-01 8.336665034294128418e-01
9.315927624702453613e-01 9.338883757591247559e-01
9.943274259567260742e-01 9.980743527412414551e-01
7.269988059997558594e-01 7.309541106224060059e-01
8.430881500244140625e-01 8.393912315368652344e-01
9.973096847534179688e-01 9.997105002403259277e-01
7.638782858848571777e-01 7.643387317657470703e-01
7.554711103439331055e-01 7.539565563201904297e-01
9.423206448554992676e-01 9.433199763298034668e-01
8.510166406631469727e-01 8.503352999687194824e-01
8.520321249961853027e-01 8.572322726249694824e-01
8.325211405754089355e-01 8.336707949638366699e-01
9.011287093162536621e-01 9.034038782119750977e-01
8.298004269599914551e-01 8.311460614204406738e-01
9.808971285820007324e-01 9.806861281394958496e-01
8.606310486793518066e-01 8.585778474807739258e-01
8.763521909713745117e-01 8.781257271766662598e-01
8.992737531661987305e-01 8.998917937278747559e-01
7.270391583442687988e-01 7.281839251518249512e-01
8.779452443122863770e-01 8.794370293617248535e-01
7.817367911338806152e-01 7.812198996543884277e-01
8.811458945274353027e-01 8.819018006324768066e-01
8.050246834754943848e-01 8.057665824890136719e-01
9.241961836814880371e-01 9.292599558830261230e-01
8.508165478706359863e-01 8.545801043510437012e-01
9.386878013610839844e-01 9.412611722946166992e-01
8.031810522079467773e-01 8.072658181190490723e-01
8.353292942047119141e-01 8.308395743370056152e-01
9.373147487640380859e-01 9.397572875022888184e-01
8.200722336769104004e-01 8.237091898918151855e-01
8.571821451187133789e-01 8.580569624900817871e-01
8.024320006370544434e-01 7.998340725898742676e-01
8.624696731567382812e-01 8.614413738250732422e-01
8.913691043853759766e-01 8.922723531723022461e-01
1.010034322738647461e+00 1.009863734245300293e+00
9.154008626937866211e-01 9.158913493156433105e-01
9.568548798561096191e-01 9.566392302513122559e-01
7.886716127395629883e-01 7.873594164848327637e-01
9.175589084625244141e-01 9.199715256690979004e-01
9.055616259574890137e-01 9.099933505058288574e-01
8.264192342758178711e-01 8.246477842330932617e-01
7.867757678031921387e-01 7.932122349739074707e-01
7.610869407653808594e-01 7.591482996940612793e-01
8.946051597595214844e-01 8.939205408096313477e-01
9.126718044281005859e-01 9.169266819953918457e-01
8.313472270965576172e-01 8.307554125785827637e-01
8.084228038787841797e-01 8.095331788063049316e-01
7.898656129837036133e-01 7.888957858085632324e-01
8.285037875175476074e-01 8.262219429016113281e-01
9.551533460617065430e-01 9.561540484428405762e-01
7.854375839233398438e-01 7.844212651252746582e-01
9.112099409103393555e-01 9.103216528892517090e-01
7.623469829559326172e-01 7.638326287269592285e-01
7.909750938415527344e-01 7.923039197921752930e-01
9.231575727462768555e-01 9.281921982765197754e-01
7.826334238052368164e-01 7.860932350158691406e-01
8.266899585723876953e-01 8.217925429344177246e-01
7.843605279922485352e-01 7.869430184364318848e-01
8.732381463050842285e-01 8.707376122474670410e-01
8.373298048973083496e-01 8.329117894172668457e-01
9.286735057830810547e-01 9.274007081985473633e-01
7.719417810440063477e-01 7.757335901260375977e-01
9.968600869178771973e-01 1.002263665199279785e+00
7.607581615447998047e-01 7.608606219291687012e-01
7.971156835556030273e-01 7.959343194961547852e-01
9.350987672805786133e-01 9.350281357765197754e-01
8.584128618240356445e-01 8.585626482963562012e-01
9.090045690536499023e-01 9.112421870231628418e-01
7.693954706192016602e-01 7.664301991462707520e-01
9.910268783569335938e-01 9.919756054878234863e-01
9.393371343612670898e-01 9.397962689399719238e-01
7.715414762496948242e-01 7.701309919357299805e-01
8.282388448715209961e-01 8.302993774414062500e-01
7.821589708328247070e-01 7.823249101638793945e-01
9.022075533866882324e-01 9.031414389610290527e-01
7.731988430023193359e-01 7.769154310226440430e-01
9.066893458366394043e-01 9.093171358108520508e-01
8.253756761550903320e-01 8.235484957695007324e-01
8.409594297409057617e-01 8.422710299491882324e-01
8.503564596176147461e-01 8.502255082130432129e-01
8.543387055397033691e-01 8.531369566917419434e-01
8.344275355339050293e-01 8.356747627258300781e-01
7.687966227531433105e-01 7.695665955543518066e-01
9.309072494506835938e-01 9.331073164939880371e-01
9.586048126220703125e-01 9.622449278831481934e-01
7.278268337249755859e-01 7.306885719299316406e-01
9.352034330368041992e-01 9.365524053573608398e-01
8.018946051597595215e-01 7.996546626091003418e-01
7.894655466079711914e-01 7.897747159004211426e-01
7.824755311012268066e-01 7.818029522895812988e-01
8.711350560188293457e-01 8.770350813865661621e-01
8.319694995880126953e-01 8.317998051643371582e-01
7.801128625869750977e-01 7.805967926979064941e-01
9.666128158569335938e-01 9.676155447959899902e-01
7.745770215988159180e-01 7.775590419769287109e-01
8.464832901954650879e-01 8.446285128593444824e-01
8.546382784843444824e-01 8.540030121803283691e-01
8.469204902648925781e-01 8.488032817840576172e-01
8.949347138404846191e-01 8.972027897834777832e-01
9.335586428642272949e-01 9.365099668502807617e-01
7.719010710716247559e-01 7.768357396125793457e-01
9.193410873413085938e-01 9.171333909034729004e-01
7.266414165496826172e-01 7.303358316421508789e-01
8.734165430068969727e-01 8.760067820549011230e-01
8.617184162139892578e-01 8.633221983909606934e-01
9.103906154632568359e-01 9.102159738540649414e-01
9.489740133285522461e-01 9.503056406974792480e-01
8.656740784645080566e-01 8.632435798645019531e-01
8.210965394973754883e-01 8.225559592247009277e-01
8.021526336669921875e-01 8.031528592109680176e-01
7.216422557830810547e-01 7.216638922691345215e-01
8.702960014343261719e-01 8.744699358940124512e-01
9.274728298187255859e-01 9.285563826560974121e-01
8.450018763542175293e-01 8.445886969566345215e-01
9.334309697151184082e-01 9.342373013496398926e-01
7.897825837135314941e-01 7.894821763038635254e-01
8.760001659393310547e-01 8.734897971153259277e-01
7.741957902908325195e-01 7.763673663139343262e-01
9.368910193443298340e-01 9.361099600791931152e-01
7.226561307907104492e-01 7.218935489654541016e-01
8.955900073051452637e-01 8.957101702690124512e-01
7.898110151290893555e-01 7.913456559181213379e-01
9.868617653846740723e-01 9.900676608085632324e-01
9.329382777214050293e-01 9.332916140556335449e-01
9.120988845825195312e-01 9.143952727317810059e-01
9.256239533424377441e-01 9.288882017135620117e-01
9.188266396522521973e-01 9.204860329627990723e-01
9.215816259384155273e-01 9.233590960502624512e-01
9.931724071502685547e-01 9.940415620803833008e-01
9.456711411476135254e-01 9.499613642692565918e-01
8.492177724838256836e-01 8.479428887367248535e-01
9.011056423187255859e-01 9.030719399452209473e-01
8.379098176956176758e-01 8.371323943138122559e-01
9.023436903953552246e-01 9.050988554954528809e-01
8.726021647453308105e-01 8.733888268470764160e-01
7.828718423843383789e-01 7.842202782630920410e-01
8.439143896102905273e-01 8.458823561668395996e-01
9.009791612625122070e-01 9.028463959693908691e-01
9.307394623756408691e-01 9.314309954643249512e-01
8.241132497787475586e-01 8.258395195007324219e-01
7.226669788360595703e-01 7.237201333045959473e-01
8.345814943313598633e-01 8.358884453773498535e-01
9.156847000122070312e-01 9.171229004859924316e-01
8.702226281166076660e-01 8.698085546493530273e-01
8.393599390983581543e-01 8.355466723442077637e-01
9.753801822662353516e-01 9.781472086906433105e-01
9.402236938476562500e-01 9.438033699989318848e-01
8.672065734863281250e-01 8.679876923561096191e-01
8.303728699684143066e-01 8.285657763481140137e-01
8.557665348052978516e-01 8.587412238121032715e-01
8.417763710021972656e-01 8.387588262557983398e-01
7.227133512496948242e-01 7.232046723365783691e-01
8.529381752014160156e-01 8.544505834579467773e-01
7.699156403541564941e-01 7.674484252929687500e-01
9.515436887741088867e-01 9.529868960380554199e-01
7.566196918487548828e-01 7.555666565895080566e-01
8.272817134857177734e-01 8.294560313224792480e-01
9.359943270683288574e-01 9.378017783164978027e-01
9.048277139663696289e-01 9.030084013938903809e-01
8.394080400466918945e-01 8.448665142059326172e-01
7.837406992912292480e-01 7.851088047027587891e-01
8.877158761024475098e-01 8.891473412513732910e-01
8.961967229843139648e-01 9.011179208755493164e-01
1.003690481185913086e+00 1.004823088645935059e+00
9.373432993888854980e-01 9.376951456069946289e-01
8.951234817504882812e-01 8.973503708839416504e-01
8.469544649124145508e-01 8.470768332481384277e-01
8.327841162681579590e-01 8.335927128791809082e-01
8.333163857460021973e-01 8.359666466712951660e-01
8.777612447738647461e-01 8.776754736900329590e-01
9.195604324340820312e-01 9.220659136772155762e-01
8.036164641380310059e-01 8.024427294731140137e-01
7.732322812080383301e-01 7.777749896049499512e-01
9.220705628395080566e-01 9.255484938621520996e-01
9.435428977012634277e-01 9.484810233116149902e-01
8.685886263847351074e-01 8.686684370040893555e-01
7.550686001777648926e-01 7.542194724082946777e-01
8.298126459121704102e-01 8.329538702964782715e-01
8.263412714004516602e-01 8.230915665626525879e-01
8.517591953277587891e-01 8.460837006568908691e-01
8.872012495994567871e-01 8.884757161140441895e-01
9.254667162895202637e-01 9.237857460975646973e-01
7.630767226219177246e-01 7.634035348892211914e-01
9.179033041000366211e-01 9.202506542205810547e-01
7.231470346450805664e-01 7.204824090003967285e-01
9.678275585174560547e-01 9.707495570182800293e-01
8.460338711738586426e-01 8.480951189994812012e-01
8.434384465217590332e-01 8.452805876731872559e-01
9.007264971733093262e-01 9.017855525016784668e-01
8.878158330917358398e-01 8.890843987464904785e-01
9.162899255752563477e-01 9.181219935417175293e-01
7.271709442138671875e-01 7.275990843772888184e-01
9.025249481201171875e-01 9.051786065101623535e-01
8.317058086395263672e-01 8.308662772178649902e-01
8.367181420326232910e-01 8.374668955802917480e-01
7.607173323631286621e-01 7.601634263992309570e-01
8.634364604949951172e-01 8.648627400398254395e-01
7.552717328071594238e-01 7.528830170631408691e-01
9.210712313652038574e-01 9.221715331077575684e-01
8.273050785064697266e-01 8.224367499351501465e-01
8.345853090286254883e-01 8.349452614784240723e-01
9.689686298370361328e-01 9.753132462501525879e-01
8.859173655509948730e-01 8.881725668907165527e-01
7.921517491340637207e-01 7.939632534980773926e-01
8.646942377090454102e-01 8.636849522590637207e-01
7.270444631576538086e-01 7.296023964881896973e-01
7.890552878379821777e-01 7.867520451545715332e-01
7.710751295089721680e-01 7.708070874214172363e-01
7.924180626869201660e-01 7.927566170692443848e-01
8.462442159652709961e-01 8.468648791313171387e-01
8.525823950767517090e-01 8.530287742614746094e-01
7.239116430282592773e-01 7.235156893730163574e-01
8.733413815498352051e-01 8.785447478294372559e-01
9.319754838943481445e-01 9.363504648208618164e-01
8.930135965347290039e-01 8.939960598945617676e-01
8.764799237251281738e-01 8.752412199974060059e-01
7.561138868331909180e-01 7.559296488761901855e-01
9.968048334121704102e-01 9.975846409797668457e-01
8.093350529670715332e-01 8.082711100578308105e-01
8.465586900711059570e-01 8.483279347419738770e-01
9.348032474517822266e-01 9.392637014389038086e-01
8.848091363906860352e-01 8.888103365898132324e-01
8.889604806900024414e-01 8.910493850708007812e-01
9.033799171447753906e-01 9.041363000869750977e-01
7.592703700065612793e-01 7.628408074378967285e-01
8.735261559486389160e-01 8.776082396507263184e-01
9.639089703559875488e-01 9.656405448913574219e-01
9.394932985305786133e-01 9.395166039466857910e-01
9.557155966758728027e-01 9.573181271553039551e-01
8.819679021835327148e-01 8.797050118446350098e-01
9.628672003746032715e-01 9.648930430412292480e-01
9.209664463996887207e-01 9.231461882591247559e-01
8.344949483871459961e-01 8.312403559684753418e-01
8.287174701690673828e-01 8.269458413124084473e-01
8.832813501358032227e-01 8.844853639602661133e-01
9.378963112831115723e-01 9.398099780082702637e-01
9.723838567733764648e-01 9.737421274185180664e-01
8.744120001792907715e-01 8.748636841773986816e-01
9.750193357467651367e-01 9.756701588630676270e-01
7.226306200027465820e-01 7.205814719200134277e-01
7.600105404853820801e-01 7.632277607917785645e-01
8.463696241378784180e-01 8.472278118133544922e-01
7.626616954803466797e-01 7.634713053703308105e-01
8.905697464942932129e-01 8.905537724494934082e-01
8.359308242797851562e-01 8.335817456245422363e-01
9.024888277053833008e-01 9.021486639976501465e-01
8.024008870124816895e-01 7.979698181152343750e-01
9.307912588119506836e-01 9.289378523826599121e-01
8.760557770729064941e-01 8.774636983871459961e-01
8.362174034118652344e-01 8.330715298652648926e-01
9.069395661354064941e-01 9.081268906593322754e-01
9.724276065826416016e-01 9.781687855720520020e-01
8.718428611755371094e-01 8.703693747520446777e-01
8.751177191734313965e-01 8.748953938484191895e-01
1.008925676345825195e+00 1.010304689407348633e+00
9.483200311660766602e-01 9.501630663871765137e-01
8.488889932632446289e-01 8.467505574226379395e-01
7.615111470222473145e-01 7.620025277137756348e-01
8.233743906021118164e-01 8.231175541877746582e-01
9.327068328857421875e-01 9.343133568763732910e-01
9.251462221145629883e-01 9.276497960090637207e-01
9.308602213859558105e-01 9.295342564582824707e-01
9.009843468666076660e-01 9.010431170463562012e-01
8.681482672691345215e-01 8.653945922851562500e-01
7.881076335906982422e-01 7.896186709403991699e-01
8.920596837997436523e-01 8.915915489196777344e-01
9.387930035591125488e-01 9.395612478256225586e-01
8.792357444763183594e-01 8.812358379364013672e-01
9.617445468902587891e-01 9.614806175231933594e-01
8.926109075546264648e-01 8.953524231910705566e-01
7.991850972175598145e-01 7.973092198371887207e-01
8.312155008316040039e-01 8.309425115585327148e-01
8.455436229705810547e-01 8.442558050155639648e-01
8.758515119552612305e-01 8.778625130653381348e-01
7.812251448631286621e-01 7.827866077423095703e-01
7.595111727714538574e-01 7.618802785873413086e-01
9.674503207206726074e-01 9.679042696952819824e-01
8.519294857978820801e-01 8.522703051567077637e-01
8.957369923591613770e-01 8.970145583152770996e-01
7.607993483543395996e-01 7.598314881324768066e-01
7.835618257522583008e-01 7.844156622886657715e-01
7.981168031692504883e-01 7.964176535606384277e-01
9.162428379058837891e-01 9.176787734031677246e-01
8.513408899307250977e-01 8.506709337234497070e-01
8.750113248825073242e-01 8.737196326255798340e-01
8.847089409828186035e-01 8.822500109672546387e-01
7.623587846755981445e-01 7.611956000328063965e-01
7.268605232238769531e-01 7.268194556236267090e-01
8.282637596130371094e-01 8.335595130920410156e-01
9.536255002021789551e-01 9.585165381431579590e-01
8.726586699485778809e-01 8.724066615104675293e-01
8.474326729774475098e-01 8.506255745887756348e-01
9.024332165718078613e-01 9.055685400962829590e-01
7.222990989685058594e-01 7.237473130226135254e-01
9.015793204307556152e-01 9.023697972297668457e-01
8.872678279876708984e-01 8.897299766540527344e-01
9.155994057655334473e-01 9.193396568298339844e-01
8.730390071868896484e-01 8.726735711097717285e-01
8.621767163276672363e-01 8.608930110931396484e-01
8.028982281684875488e-01 7.975020408630371094e-01
8.648225069046020508e-01 8.627393841743469238e-01
8.971725702285766602e-01 8.984128832817077637e-01
7.924675345420837402e-01 7.959025502204895020e-01
8.896520733833312988e-01 8.905642032623291016e-01
8.764345049858093262e-01 8.792023658752441406e-01
7.991940975189208984e-01 8.029519915580749512e-01
7.716241478919982910e-01 7.691113352775573730e-01
7.761859893798828125e-01 7.797411084175109863e-01
8.025744557380676270e-01 8.054589629173278809e-01
9.320501685142517090e-01 9.305132627487182617e-01
7.861139178276062012e-01 7.885000109672546387e-01
7.276062965393066406e-01 7.278309464454650879e-01
8.233562111854553223e-01 8.240108489990234375e-01
7.854144573211669922e-01 7.852616906166076660e-01
7.880966663360595703e-01 7.887479662895202637e-01
7.937957048416137695e-01 7.961960434913635254e-01
7.974423766136169434e-01 7.975055575370788574e-01
8.696234226226806641e-01 8.700510263442993164e-01
7.984687089920043945e-01 7.950055003166198730e-01
9.820338487625122070e-01 9.804040193557739258e-01
8.758901357650756836e-01 8.748325705528259277e-01
7.988738417625427246e-01 7.948241233825683594e-01
8.838768005371093750e-01 8.844329714775085449e-01
7.265597581863403320e-01 7.264626622200012207e-01
8.528747558593750000e-01 8.521243333816528320e-01
8.800292015075683594e-01 8.809157013893127441e-01
9.030621051788330078e-01 9.020569920539855957e-01
8.834753632545471191e-01 8.844631910324096680e-01
8.642299771308898926e-01 8.644658923149108887e-01
7.596312761306762695e-01 7.640392184257507324e-01
7.234030961990356445e-01 7.210780978202819824e-01
8.260084390640258789e-01 8.238989114761352539e-01
8.870319128036499023e-01 8.913624882698059082e-01
9.644702076911926270e-01 9.675210118293762207e-01
7.229558229446411133e-01 7.223423123359680176e-01
7.899342179298400879e-01 7.895458340644836426e-01
8.850337862968444824e-01 8.847759366035461426e-01
8.261017799377441406e-01 8.246226906776428223e-01
7.985619306564331055e-01 7.988629937171936035e-01
9.114743471145629883e-01 9.141575694084167480e-01
9.013738036155700684e-01 9.049724936485290527e-01
8.709981441497802734e-01 8.704616427421569824e-01
8.422999382019042969e-01 8.412558436393737793e-01
7.871664762496948242e-01 7.896253466606140137e-01
7.734485864639282227e-01 7.783071398735046387e-01
9.150028228759765625e-01 9.158131480216979980e-01
8.083120584487915039e-01 8.093522191047668457e-01
7.923038005828857422e-01 7.962502241134643555e-01
8.946861028671264648e-01 8.958363533020019531e-01
8.221678137779235840e-01 8.231210112571716309e-01
8.434388637542724609e-01 8.421491980552673340e-01
9.355546236038208008e-01 9.359087944030761719e-01
9.084053635597229004e-01 9.106070399284362793e-01
7.593594193458557129e-01 7.591555118560791016e-01
8.711214065551757812e-01 8.720530867576599121e-01
7.230910062789916992e-01 7.238201498985290527e-01
8.243554234504699707e-01 8.261457085609436035e-01
8.244343996047973633e-01 8.242827653884887695e-01
7.737400531768798828e-01 7.770628333091735840e-01
8.988813757896423340e-01 9.017575383186340332e-01
9.384295940399169922e-01 9.372233748435974121e-01
9.094390273094177246e-01 9.105799198150634766e-01
8.728051185607910156e-01 8.731694817543029785e-01
8.451011180877685547e-01 8.461120724678039551e-01
9.225521087646484375e-01 9.251968264579772949e-01
8.043398857116699219e-01 7.991260290145874023e-01
9.338181018829345703e-01 9.349276423454284668e-01
7.622151970863342285e-01 7.624711394309997559e-01
9.147577881813049316e-01 9.172233939170837402e-01
9.337675571441650391e-01 9.341931343078613281e-01
8.774144053459167480e-01 8.789089918136596680e-01
8.719848394393920898e-01 8.719546198844909668e-01
9.951844215393066406e-01 9.957966208457946777e-01
7.649403810501098633e-01 7.682436108589172363e-01
