1.427573151886463165e-02
1.426874287426471710e-02
1.406665518879890442e-02
1.412749662995338440e-02
1.404537912458181381e-02
1.409134455025196075e-02
1.412217598408460617e-02
1.416772790253162384e-02
1.399727724492549896e-02
1.397467963397502899e-02
1.399752311408519745e-02
1.405764557421207428e-02
1.399280223995447159e-02
1.412806287407875061e-02
1.405940297991037369e-02
1.386111788451671600e-02
1.383789163082838058e-02
1.415634900331497192e-02
1.394206564873456955e-02
1.408753450959920883e-02
1.402074750512838364e-02
1.398085057735443115e-02
1.389017235487699509e-02
1.395369041711091995e-02
1.380848325788974762e-02
1.413970347493886948e-02
1.404289063066244125e-02
