1.069889054633677006e-03 3.168226452544331551e-03
7.917642360553145409e-04 3.078115871176123619e-03
6.818750407546758652e-04 3.093341831117868423e-03
5.675699794664978981e-04 3.092559054493904114e-03
5.142357549630105495e-04 3.028450766578316689e-03
5.058355745859444141e-04 2.998369513079524040e-03
4.851542762480676174e-04 3.132377751171588898e-03
5.359527422115206718e-04 3.026271704584360123e-03
4.768288345076143742e-04 3.111008089035749435e-03
5.171464290469884872e-04 2.985146827995777130e-03
5.194397526793181896e-04 2.984590595588088036e-03
5.579100106842815876e-04 3.012780798599123955e-03
5.797474295832216740e-04 3.063779557123780251e-03
6.440674769692122936e-04 3.023993456736207008e-03
6.020289147272706032e-04 3.057327354326844215e-03
5.878226947970688343e-04 2.970156725496053696e-03
5.701276240870356560e-04 3.072001039981842041e-03
5.955161759629845619e-04 3.016671631485223770e-03
5.806622211821377277e-04 3.005840349942445755e-03
4.583863774314522743e-04 2.924803178757429123e-03
4.379278107080608606e-04 2.966965083032846451e-03
7.956679328344762325e-04 3.184154862537980080e-03
7.158203516155481339e-04 2.985707949846982956e-03
5.149746430106461048e-04 3.156959312036633492e-03
5.978586268611252308e-04 2.982943551614880562e-03
5.536508979275822639e-04 3.157680854201316833e-03
1.157355145551264286e-03 3.271520137786865234e-03
1.366040902212262154e-03 2.948879497125744820e-03
1.046227873302996159e-03 3.228407585993409157e-03
8.989609777927398682e-04 3.245451021939516068e-03
1.493477844633162022e-03 3.247678745537996292e-03
1.203784951940178871e-03 2.981912111863493919e-03
9.420149726793169975e-04 3.533426905050873756e-03
1.032335683703422546e-03 3.229606663808226585e-03
9.231221629306674004e-04 3.253968665376305580e-03
8.315097657032310963e-04 3.122871275991201401e-03
1.412021927535533905e-03 3.301600925624370575e-03
1.420012791641056538e-03 3.333365544676780701e-03
1.277876785025000572e-03 3.187528811395168304e-03
1.613105763681232929e-03 3.708051051944494247e-03
1.860811724327504635e-03 4.203269258141517639e-03
1.594313187524676323e-03 3.208572743460536003e-03
1.004250487312674522e-03 3.150103380903601646e-03
1.027065562084317207e-03 3.111189696937799454e-03
8.798780036158859730e-04 3.231927985325455666e-03
9.596640011295676231e-04 3.453604876995086670e-03
1.609992585144937038e-03 3.450114047154784203e-03
1.295022550038993359e-03 3.255437826737761497e-03
1.173314638435840607e-03 3.476896788924932480e-03
1.110674231313169003e-03 3.473592689260840416e-03
1.294197514653205872e-03 3.027588361874222755e-03
9.961527539417147636e-04 3.252270165830850601e-03
1.001151627860963345e-03 3.221230581402778625e-03
9.445373434573411942e-04 3.265098435804247856e-03
1.190594979561865330e-03 3.454871475696563721e-03
1.345155993476510048e-03 3.754795063287019730e-03
1.602301374077796936e-03 3.801401471719145775e-03
1.811941969208419323e-03 3.236607415601611137e-03
1.301255659200251102e-03 3.421605797484517097e-03
1.252096844837069511e-03 3.536133794113993645e-03
1.964404480531811714e-03 4.069890826940536499e-03
2.796460874378681183e-03 4.055595025420188904e-03
2.649406436830759048e-03 3.513815347105264664e-03
1.602804637514054775e-03 3.806051332503557205e-03
1.345588825643062592e-03 3.610144369304180145e-03
1.407710835337638855e-03 3.407475538551807404e-03
1.498338184319436550e-03 3.399751149117946625e-03
1.200453727506101131e-03 3.179025137796998024e-03
9.091009851545095444e-04 3.429428674280643463e-03
8.896168437786400318e-04 3.275071037933230400e-03
7.980980444699525833e-04 3.219848731532692909e-03
8.120615384541451931e-04 3.225225722417235374e-03
7.573181064799427986e-04 3.099557477980852127e-03
7.081693038344383240e-04 3.288577077910304070e-03
9.904555045068264008e-04 3.148011863231658936e-03
9.843818843364715576e-04 3.308779792860150337e-03
9.013803792186081409e-04 3.167072543874382973e-03
8.974723750725388527e-04 3.456625156104564667e-03
1.587435486726462841e-03 5.386354867368936539e-03
2.069966401904821396e-03 3.363110125064849854e-03
1.643598661758005619e-03 3.310154424980282784e-03
1.377281034365296364e-03 3.542158287018537521e-03
1.364375813864171505e-03 3.417637431994080544e-03
8.555804961360991001e-04 3.155000973492860794e-03
1.114391139708459377e-03 3.640827257186174393e-03
9.514121338725090027e-04 3.106242045760154724e-03
9.735772036947309971e-04 3.278676653280854225e-03
9.661401272751390934e-04 3.560898592695593834e-03
8.766085375100374222e-04 3.134090919047594070e-03
8.204575278796255589e-04 3.515174379572272301e-03
1.079044886864721775e-03 3.317881375551223755e-03
7.703189039602875710e-04 3.170912852510809898e-03
7.434823783114552498e-04 3.134832484647631645e-03
7.253871299326419830e-04 3.237166907638311386e-03
1.376365893520414829e-03 3.212240524590015411e-03
1.506583881564438343e-03 3.458450548350811005e-03
1.278839656151831150e-03 3.249436849728226662e-03
1.099205575883388519e-03 3.208721289411187172e-03
9.612297290004789829e-04 3.266269806772470474e-03
8.492849883623421192e-04 3.197394078597426414e-03
1.198912505060434341e-03 3.486392088234424591e-03
1.520371763035655022e-03 3.395238658413290977e-03
1.515942509286105633e-03 4.073932766914367676e-03
1.616586232557892799e-03 3.988859709352254868e-03
1.713990699499845505e-03 3.498968202620744705e-03
1.633441075682640076e-03 3.426977898925542831e-03
1.264680991880595684e-03 3.724324749782681465e-03
1.366132986731827259e-03 3.404428949579596519e-03
1.314411056227982044e-03 3.367761382833123207e-03
1.297584036365151405e-03 3.439531428739428520e-03
1.037392299622297287e-03 3.456537611782550812e-03
9.606527164578437805e-04 3.628360806033015251e-03
1.266854465939104557e-03 4.013609141111373901e-03
1.476874807849526405e-03 3.315037582069635391e-03
1.217481913045048714e-03 3.373756771907210350e-03
9.402804425917565823e-04 3.103564959019422531e-03
8.386719855479896069e-04 3.838581265881657600e-03
1.234110328368842602e-03 3.652314422652125359e-03
1.312184846028685570e-03 3.302476834505796432e-03
1.025938196107745171e-03 3.160375868901610374e-03
