3.120173950195312500e+02 3.127790832519531250e+02
2.382481079101562500e+02 2.382709503173828125e+02
3.352601928710937500e+02 3.351128845214843750e+02
2.483149566650390625e+02 2.477083129882812500e+02
1.630234680175781250e+02 1.633262634277343750e+02
3.828230895996093750e+02 3.832861633300781250e+02
2.482607421875000000e+02 2.466569976806640625e+02
1.586430511474609375e+02 1.571089935302734375e+02
1.734858245849609375e+02 1.732948150634765625e+02
2.541569824218750000e+02 2.528750000000000000e+02
3.353301391601562500e+02 3.348582458496093750e+02
4.463474426269531250e+02 4.490221252441406250e+02
3.320463562011718750e+02 3.324159240722656250e+02
2.573019104003906250e+02 2.587237243652343750e+02
2.346456756591796875e+02 2.341870117187500000e+02
2.074015350341796875e+02 2.050110321044921875e+02
1.658420104980468750e+02 1.670010375976562500e+02
1.750985260009765625e+02 1.758982696533203125e+02
3.893967895507812500e+02 3.902922363281250000e+02
3.473378601074218750e+02 3.470020141601562500e+02
1.682375640869140625e+02 1.680874633789062500e+02
1.502656860351562500e+02 1.502757110595703125e+02
3.317650756835937500e+02 3.324170837402343750e+02
2.222051849365234375e+02 2.221898040771484375e+02
2.104148712158203125e+02 2.098865966796875000e+02
1.941674499511718750e+02 1.952130737304687500e+02
3.353773803710937500e+02 3.348034057617187500e+02
2.582726135253906250e+02 2.587680969238281250e+02
1.849929504394531250e+02 1.845390777587890625e+02
3.578464355468750000e+02 3.579327392578125000e+02
3.356675720214843750e+02 3.345572814941406250e+02
3.463410034179687500e+02 3.461124267578125000e+02
2.254051818847656250e+02 2.257535400390625000e+02
1.524924468994140625e+02 1.508212432861328125e+02
3.470559082031250000e+02 3.479218444824218750e+02
1.993386383056640625e+02 1.999156951904296875e+02
2.765131835937500000e+02 2.759640808105468750e+02
3.581592102050781250e+02 3.584288940429687500e+02
2.569187622070312500e+02 2.576244506835937500e+02
2.601044311523437500e+02 2.590121154785156250e+02
3.589061279296875000e+02 3.581030883789062500e+02
2.108896636962890625e+02 2.098868713378906250e+02
1.910278625488281250e+02 1.922795257568359375e+02
3.321555786132812500e+02 3.319664611816406250e+02
2.660003662109375000e+02 2.643858947753906250e+02
3.014829406738281250e+02 3.022770385742187500e+02
2.031046752929687500e+02 2.023652343750000000e+02
1.607397613525390625e+02 1.599868164062500000e+02
3.651315002441406250e+02 3.651072998046875000e+02
2.106382141113281250e+02 2.097955017089843750e+02
3.684643249511718750e+02 3.689159851074218750e+02
4.010457153320312500e+02 4.032437133789062500e+02
2.406453399658203125e+02 2.404730682373046875e+02
3.639242858886718750e+02 3.640885314941406250e+02
2.409038238525390625e+02 2.409711761474609375e+02
4.381061401367187500e+02 4.364966125488281250e+02
2.020004119873046875e+02 2.014715728759765625e+02
3.592596740722656250e+02 3.591056518554687500e+02
1.842680969238281250e+02 1.847695770263671875e+02
3.439964904785156250e+02 3.455298461914062500e+02
1.694657592773437500e+02 1.686393890380859375e+02
1.753532257080078125e+02 1.754389343261718750e+02
1.760859069824218750e+02 1.742568969726562500e+02
1.702549438476562500e+02 1.715201873779296875e+02
1.764661254882812500e+02 1.751465148925781250e+02
2.257310791015625000e+02 2.257382812500000000e+02
1.706157379150390625e+02 1.698528747558593750e+02
2.629651184082031250e+02 2.619609375000000000e+02
1.732108764648437500e+02 1.732571716308593750e+02
1.856161041259765625e+02 1.872660675048828125e+02
3.320446472167968750e+02 3.320392456054687500e+02
3.457562866210937500e+02 3.466597290039062500e+02
1.688350372314453125e+02 1.689938659667968750e+02
2.669876403808593750e+02 2.670274353027343750e+02
1.590562591552734375e+02 1.594355621337890625e+02
2.655060729980468750e+02 2.667512817382812500e+02
1.762171173095703125e+02 1.781202850341796875e+02
1.727992553710937500e+02 1.734689483642578125e+02
1.823535308837890625e+02 1.835064239501953125e+02
3.814035949707031250e+02 3.819664001464843750e+02
1.697638549804687500e+02 1.714576721191406250e+02
3.763347167968750000e+02 3.762340698242187500e+02
2.601482238769531250e+02 2.601116333007812500e+02
1.898541564941406250e+02 1.905458984375000000e+02
4.113380432128906250e+02 4.116324157714843750e+02
3.513319702148437500e+02 3.513341064453125000e+02
1.736421966552734375e+02 1.737914581298828125e+02
1.808885955810546875e+02 1.827535400390625000e+02
1.706297760009765625e+02 1.718174743652343750e+02
3.320446777343750000e+02 3.319776611328125000e+02
2.602764282226562500e+02 2.597175903320312500e+02
1.839976806640625000e+02 1.823274536132812500e+02
3.461613464355468750e+02 3.456891784667968750e+02
4.207578125000000000e+02 4.212460021972656250e+02
3.566981506347656250e+02 3.573727111816406250e+02
1.762444305419921875e+02 1.755998535156250000e+02
1.800618133544921875e+02 1.806614227294921875e+02
1.414727478027343750e+02 1.425888214111328125e+02
2.542742767333984375e+02 2.542148895263671875e+02
1.799263305664062500e+02 1.764261016845703125e+02
1.582171630859375000e+02 1.591160888671875000e+02
3.650763854980468750e+02 3.660526123046875000e+02
3.825022583007812500e+02 3.828278808593750000e+02
3.861542663574218750e+02 3.865579833984375000e+02
3.929257202148437500e+02 3.935403747558593750e+02
2.012999572753906250e+02 2.000070800781250000e+02
2.340609436035156250e+02 2.350385589599609375e+02
2.820454711914062500e+02 2.825205383300781250e+02
2.840639648437500000e+02 2.829319152832031250e+02
3.596751403808593750e+02 3.597687988281250000e+02
1.512032012939453125e+02 1.513757171630859375e+02
1.792395477294921875e+02 1.799057769775390625e+02
1.932314300537109375e+02 1.936594848632812500e+02
3.799354553222656250e+02 3.795011596679687500e+02
2.257558746337890625e+02 2.250487976074218750e+02
3.574948730468750000e+02 3.585896606445312500e+02
3.677018737792968750e+02 3.675814208984375000e+02
1.939738769531250000e+02 1.924626159667968750e+02
1.853027496337890625e+02 1.845511932373046875e+02
3.648339538574218750e+02 3.651987915039062500e+02
1.622723999023437500e+02 1.615737304687500000e+02
2.086295013427734375e+02 2.067213592529296875e+02
1.772991180419921875e+02 1.773363342285156250e+02
1.592948608398437500e+02 1.578992004394531250e+02
1.616830291748046875e+02 1.629662780761718750e+02
1.622736663818359375e+02 1.615540618896484375e+02
3.455770874023437500e+02 3.459649047851562500e+02
2.935121459960937500e+02 2.938275451660156250e+02
2.361165771484375000e+02 2.367441864013671875e+02
2.386192169189453125e+02 2.387768707275390625e+02
3.836197814941406250e+02 3.833065185546875000e+02
1.794669494628906250e+02 1.815695800781250000e+02
1.638889007568359375e+02 1.636730499267578125e+02
3.480974426269531250e+02 3.474485168457031250e+02
2.026143646240234375e+02 2.031545410156250000e+02
1.483426208496093750e+02 1.483056640625000000e+02
3.649909362792968750e+02 3.641731872558593750e+02
2.382475585937500000e+02 2.375735168457031250e+02
2.276065368652343750e+02 2.281115722656250000e+02
3.690668640136718750e+02 3.702632141113281250e+02
3.854610595703125000e+02 3.853337707519531250e+02
1.422581634521484375e+02 1.431062469482421875e+02
1.683427429199218750e+02 1.670730438232421875e+02
1.835562133789062500e+02 1.834011383056640625e+02
3.696629028320312500e+02 3.684613647460937500e+02
3.474894714355468750e+02 3.470665283203125000e+02
1.964454498291015625e+02 1.990113677978515625e+02
2.352923736572265625e+02 2.362362060546875000e+02
3.481612548828125000e+02 3.480384216308593750e+02
2.667244873046875000e+02 2.681784667968750000e+02
3.645395812988281250e+02 3.647050170898437500e+02
3.642408142089843750e+02 3.647801818847656250e+02
1.764395599365234375e+02 1.775379486083984375e+02
1.825554046630859375e+02 1.820311431884765625e+02
2.467087860107421875e+02 2.462851257324218750e+02
2.327551116943359375e+02 2.335146789550781250e+02
1.506475677490234375e+02 1.499908294677734375e+02
2.678855895996093750e+02 2.678834838867187500e+02
2.568591918945312500e+02 2.571747436523437500e+02
2.050494537353515625e+02 2.044257202148437500e+02
1.585853881835937500e+02 1.589320526123046875e+02
4.189458312988281250e+02 4.200526428222656250e+02
2.122478027343750000e+02 2.108981933593750000e+02
3.582427673339843750e+02 3.593003845214843750e+02
3.593347167968750000e+02 3.592362976074218750e+02
1.574532928466796875e+02 1.586801300048828125e+02
3.476441650390625000e+02 3.479841308593750000e+02
2.202837066650390625e+02 2.199533996582031250e+02
2.161405639648437500e+02 2.158294677734375000e+02
2.304214477539062500e+02 2.313666534423828125e+02
1.875835113525390625e+02 1.883560943603515625e+02
3.657479553222656250e+02 3.661090698242187500e+02
1.781559753417968750e+02 1.757350311279296875e+02
1.850085449218750000e+02 1.842947692871093750e+02
2.665760803222656250e+02 2.663885498046875000e+02
3.671684265136718750e+02 3.671926269531250000e+02
3.349220886230468750e+02 3.360685119628906250e+02
3.853265380859375000e+02 3.856903991699218750e+02
3.678549194335937500e+02 3.682379150390625000e+02
2.385435333251953125e+02 2.386953887939453125e+02
3.511200561523437500e+02 3.516621704101562500e+02
1.418047332763671875e+02 1.411921539306640625e+02
3.318615112304687500e+02 3.315020141601562500e+02
2.219102172851562500e+02 2.255940093994140625e+02
3.787092895507812500e+02 3.778474426269531250e+02
3.587319335937500000e+02 3.583956909179687500e+02
4.269519958496093750e+02 4.262008056640625000e+02
4.102942199707031250e+02 4.109938049316406250e+02
2.388700714111328125e+02 2.402095489501953125e+02
3.317466430664062500e+02 3.322240600585937500e+02
1.736035003662109375e+02 1.721328125000000000e+02
1.747950286865234375e+02 1.738987579345703125e+02
2.450021057128906250e+02 2.445721740722656250e+02
2.385713958740234375e+02 2.376260223388671875e+02
1.608681335449218750e+02 1.607739105224609375e+02
3.470742187500000000e+02 3.483269958496093750e+02
1.405454101562500000e+02 1.417726287841796875e+02
1.938446044921875000e+02 1.942772827148437500e+02
2.702633056640625000e+02 2.706907653808593750e+02
1.976138763427734375e+02 1.959031219482421875e+02
3.612648925781250000e+02 3.612729797363281250e+02
4.054632263183593750e+02 4.057036132812500000e+02
3.460769042968750000e+02 3.468184509277343750e+02
3.475321044921875000e+02 3.479829406738281250e+02
3.319671630859375000e+02 3.326904907226562500e+02
1.563057250976562500e+02 1.571296997070312500e+02
1.608813018798828125e+02 1.600726928710937500e+02
2.053928527832031250e+02 2.073135681152343750e+02
2.576996459960937500e+02 2.570324096679687500e+02
1.718514709472656250e+02 1.735258941650390625e+02
2.510689239501953125e+02 2.520830383300781250e+02
1.471753082275390625e+02 1.478794250488281250e+02
2.275307922363281250e+02 2.280801849365234375e+02
4.179215087890625000e+02 4.184278869628906250e+02
1.843008270263671875e+02 1.832926330566406250e+02
2.661754455566406250e+02 2.648508605957031250e+02
3.311951293945312500e+02 3.309372558593750000e+02
2.609972229003906250e+02 2.603399047851562500e+02
1.594566955566406250e+02 1.590445709228515625e+02
3.350376586914062500e+02 3.342248229980468750e+02
1.400066986083984375e+02 1.401645202636718750e+02
3.613834838867187500e+02 3.617954711914062500e+02
2.369184722900390625e+02 2.366230468750000000e+02
1.854746856689453125e+02 1.850110931396484375e+02
2.276797790527343750e+02 2.273704681396484375e+02
3.574060058593750000e+02 3.573408813476562500e+02
3.486123657226562500e+02 3.484157409667968750e+02
2.671184387207031250e+02 2.684827575683593750e+02
2.237929687500000000e+02 2.226486206054687500e+02
1.759182281494140625e+02 1.748982086181640625e+02
3.969196777343750000e+02 3.980444641113281250e+02
1.988951721191406250e+02 2.010524749755859375e+02
2.486470947265625000e+02 2.496446685791015625e+02
2.607333068847656250e+02 2.594567871093750000e+02
2.258191986083984375e+02 2.262153930664062500e+02
3.515094299316406250e+02 3.513755798339843750e+02
1.696996765136718750e+02 1.707572021484375000e+02
2.415963287353515625e+02 2.410494079589843750e+02
3.577852172851562500e+02 3.577251892089843750e+02
1.521508026123046875e+02 1.519438323974609375e+02
2.260359954833984375e+02 2.250038146972656250e+02
3.630872802734375000e+02 3.621374816894531250e+02
2.900325012207031250e+02 2.900953369140625000e+02
3.702095031738281250e+02 3.693356018066406250e+02
3.488323059082031250e+02 3.489194641113281250e+02
3.460463562011718750e+02 3.454201965332031250e+02
2.518173522949218750e+02 2.519835205078125000e+02
3.588071899414062500e+02 3.591440429687500000e+02
4.339112243652343750e+02 4.348263854980468750e+02
3.466656799316406250e+02 3.465218505859375000e+02
2.767607421875000000e+02 2.770415039062500000e+02
3.315738830566406250e+02 3.311885681152343750e+02
3.574431152343750000e+02 3.566944580078125000e+02
1.880449829101562500e+02 1.863787689208984375e+02
4.047626037597656250e+02 4.049302978515625000e+02
3.932586059570312500e+02 3.937210998535156250e+02
1.880480346679687500e+02 1.881278381347656250e+02
3.903134765625000000e+02 3.901946411132812500e+02
1.354248809814453125e+02 1.342162475585937500e+02
3.325206909179687500e+02 3.324920654296875000e+02
2.256239318847656250e+02 2.239459533691406250e+02
3.791546020507812500e+02 3.790265197753906250e+02
2.521123352050781250e+02 2.533642578125000000e+02
1.666369628906250000e+02 1.659365234375000000e+02
1.913598937988281250e+02 1.891853485107421875e+02
2.392886199951171875e+02 2.399829406738281250e+02
1.709274749755859375e+02 1.716059112548828125e+02
2.109862060546875000e+02 2.105403289794921875e+02
2.385928649902343750e+02 2.387057342529296875e+02
1.748324737548828125e+02 1.732454986572265625e+02
1.819406890869140625e+02 1.837468109130859375e+02
2.271633300781250000e+02 2.250184020996093750e+02
2.890476379394531250e+02 2.902286376953125000e+02
2.601148376464843750e+02 2.613132019042968750e+02
1.759145202636718750e+02 1.770760498046875000e+02
2.458592681884765625e+02 2.470298461914062500e+02
3.586542358398437500e+02 3.594422912597656250e+02
3.457388610839843750e+02 3.463718261718750000e+02
1.758229980468750000e+02 1.749812622070312500e+02
4.259371643066406250e+02 4.262078552246093750e+02
3.460403137207031250e+02 3.467196960449218750e+02
2.258925323486328125e+02 2.253795928955078125e+02
2.542188415527343750e+02 2.537232666015625000e+02
3.082249755859375000e+02 3.095267333984375000e+02
1.590178070068359375e+02 1.594193267822265625e+02
1.966812438964843750e+02 1.973678131103515625e+02
1.932092742919921875e+02 1.915880279541015625e+02
3.647301025390625000e+02 3.639643249511718750e+02
3.473723754882812500e+02 3.484808654785156250e+02
1.507194366455078125e+02 1.496276550292968750e+02
1.787027587890625000e+02 1.788957824707031250e+02
3.786443786621093750e+02 3.778735961914062500e+02
1.730191345214843750e+02 1.710118408203125000e+02
3.645515441894531250e+02 3.645402221679687500e+02
2.161765594482421875e+02 2.122222442626953125e+02
1.871796112060546875e+02 1.868138275146484375e+02
3.775074157714843750e+02 3.768956604003906250e+02
1.980614318847656250e+02 1.972988891601562500e+02
1.576934204101562500e+02 1.581537017822265625e+02
4.148604125976562500e+02 4.150913391113281250e+02
2.202376861572265625e+02 2.216898040771484375e+02
1.848601684570312500e+02 1.846011810302734375e+02
1.827281036376953125e+02 1.791867675781250000e+02
1.797407989501953125e+02 1.794935760498046875e+02
1.478963317871093750e+02 1.465809326171875000e+02
3.348319396972656250e+02 3.348330993652343750e+02
2.444488983154296875e+02 2.438943786621093750e+02
3.465696716308593750e+02 3.471196899414062500e+02
3.319403991699218750e+02 3.314157714843750000e+02
1.606677093505859375e+02 1.585354156494140625e+02
2.483057403564453125e+02 2.492595825195312500e+02
1.792611999511718750e+02 1.797270507812500000e+02
1.486592407226562500e+02 1.473041839599609375e+02
3.318592224121093750e+02 3.318021850585937500e+02
1.911641235351562500e+02 1.924556427001953125e+02
2.727770385742187500e+02 2.730958557128906250e+02
3.099185485839843750e+02 3.094737548828125000e+02
1.677897186279296875e+02 1.684771728515625000e+02
3.631747741699218750e+02 3.630337219238281250e+02
3.649732055664062500e+02 3.659481506347656250e+02
3.481032714843750000e+02 3.476119079589843750e+02
2.467169799804687500e+02 2.462328186035156250e+02
2.217805633544921875e+02 2.210533599853515625e+02
3.691936340332031250e+02 3.694779968261718750e+02
2.252590179443359375e+02 2.254905700683593750e+02
2.564865722656250000e+02 2.572672119140625000e+02
3.646161804199218750e+02 3.645553588867187500e+02
1.603005981445312500e+02 1.590690765380859375e+02
3.471150207519531250e+02 3.460149841308593750e+02
1.287212982177734375e+02 1.283323364257812500e+02
4.226066894531250000e+02 4.234561462402343750e+02
2.368175964355468750e+02 2.373488006591796875e+02
3.307525634765625000e+02 3.298185424804687500e+02
3.792132873535156250e+02 3.805612792968750000e+02
2.367287292480468750e+02 2.363205108642578125e+02
2.339742431640625000e+02 2.354605865478515625e+02
1.701140594482421875e+02 1.701817474365234375e+02
1.571160278320312500e+02 1.572597808837890625e+02
3.318439025878906250e+02 3.327405395507812500e+02
3.586718750000000000e+02 3.581772460937500000e+02
1.660326690673828125e+02 1.660921325683593750e+02
3.616356506347656250e+02 3.609039916992187500e+02
1.851289062500000000e+02 1.853768005371093750e+02
1.985281219482421875e+02 2.002098999023437500e+02
3.478707580566406250e+02 3.479848632812500000e+02
2.341010894775390625e+02 2.331806488037109375e+02
1.809803924560546875e+02 1.818171386718750000e+02
1.269821395874023438e+02 1.263239669799804688e+02
2.636825561523437500e+02 2.641460571289062500e+02
3.477925109863281250e+02 3.469697265625000000e+02
3.313711242675781250e+02 3.311983337402343750e+02
1.775928039550781250e+02 1.781387176513671875e+02
2.969259338378906250e+02 2.963435058593750000e+02
2.835087280273437500e+02 2.841500854492187500e+02
2.259218597412109375e+02 2.267120971679687500e+02
1.822241973876953125e+02 1.822342071533203125e+02
1.849475708007812500e+02 1.848605346679687500e+02
2.260660705566406250e+02 2.253582763671875000e+02
3.322903747558593750e+02 3.322702636718750000e+02
1.722277069091796875e+02 1.727202301025390625e+02
1.818293457031250000e+02 1.810683288574218750e+02
3.578400573730468750e+02 3.578920288085937500e+02
1.566189727783203125e+02 1.569094696044921875e+02
2.359542236328125000e+02 2.365140380859375000e+02
2.363464813232421875e+02 2.358360443115234375e+02
1.521642456054687500e+02 1.516295013427734375e+02
2.609543457031250000e+02 2.601823120117187500e+02
2.919581909179687500e+02 2.888441162109375000e+02
2.611292724609375000e+02 2.614055175781250000e+02
1.777800140380859375e+02 1.763172454833984375e+02
1.439980468750000000e+02 1.447914733886718750e+02
3.762682189941406250e+02 3.762543334960937500e+02
2.062159423828125000e+02 2.048049468994140625e+02
1.470638427734375000e+02 1.468707885742187500e+02
4.608920593261718750e+02 4.628383483886718750e+02
3.631204528808593750e+02 3.632240905761718750e+02
1.794324035644531250e+02 1.783949737548828125e+02
3.920471191406250000e+02 3.917597656250000000e+02
4.118758850097656250e+02 4.114381713867187500e+02
1.976625671386718750e+02 1.962140808105468750e+02
1.773658752441406250e+02 1.771895294189453125e+02
2.106423034667968750e+02 2.090435485839843750e+02
2.390602722167968750e+02 2.383344268798828125e+02
2.655114440917968750e+02 2.655718688964843750e+02
2.218109741210937500e+02 2.225643768310546875e+02
2.133948059082031250e+02 2.132163238525390625e+02
2.482042541503906250e+02 2.472605895996093750e+02
1.994980926513671875e+02 1.991249694824218750e+02
1.827168426513671875e+02 1.802143402099609375e+02
3.307947692871093750e+02 3.316442260742187500e+02
1.887964019775390625e+02 1.885826416015625000e+02
1.859371185302734375e+02 1.845115509033203125e+02
1.894319915771484375e+02 1.893395690917968750e+02
2.325363006591796875e+02 2.333704681396484375e+02
1.709518585205078125e+02 1.706437988281250000e+02
3.465382690429687500e+02 3.464518127441406250e+02
2.608081970214843750e+02 2.604275207519531250e+02
2.309140319824218750e+02 2.308513183593750000e+02
3.652351074218750000e+02 3.652907714843750000e+02
2.439282989501953125e+02 2.434921722412109375e+02
1.468443298339843750e+02 1.471164550781250000e+02
2.403795928955078125e+02 2.399332122802734375e+02
3.247495422363281250e+02 3.258530578613281250e+02
2.538701324462890625e+02 2.543441619873046875e+02
1.743705291748046875e+02 1.727807769775390625e+02
2.467628479003906250e+02 2.482335968017578125e+02
2.257263793945312500e+02 2.274842224121093750e+02
4.078372802734375000e+02 4.080454101562500000e+02
1.884002380371093750e+02 1.874207153320312500e+02
3.327942810058593750e+02 3.325718078613281250e+02
1.768177185058593750e+02 1.774565582275390625e+02
1.919720764160156250e+02 1.904681549072265625e+02
3.349252319335937500e+02 3.347486877441406250e+02
3.042545166015625000e+02 3.042424926757812500e+02
3.615440673828125000e+02 3.624706726074218750e+02
4.265124816894531250e+02 4.266437988281250000e+02
2.012362823486328125e+02 1.998554077148437500e+02
3.035096130371093750e+02 3.032441406250000000e+02
1.667646026611328125e+02 1.676091766357421875e+02
1.749516143798828125e+02 1.745821685791015625e+02
2.387562408447265625e+02 2.393706512451171875e+02
2.326489105224609375e+02 2.307082977294921875e+02
2.580972290039062500e+02 2.593859558105468750e+02
1.952087554931640625e+02 1.945238494873046875e+02
3.464162597656250000e+02 3.472919311523437500e+02
1.770252227783203125e+02 1.767736968994140625e+02
2.438273925781250000e+02 2.455251159667968750e+02
2.523578643798828125e+02 2.520377655029296875e+02
2.424563751220703125e+02 2.427492370605468750e+02
3.711472167968750000e+02 3.711635437011718750e+02
3.344833679199218750e+02 3.340371398925781250e+02
1.624503631591796875e+02 1.622920989990234375e+02
2.701601257324218750e+02 2.700855102539062500e+02
3.470543823242187500e+02 3.469537963867187500e+02
2.394246368408203125e+02 2.386297760009765625e+02
2.469229278564453125e+02 2.479002685546875000e+02
2.340322875976562500e+02 2.335874176025390625e+02
3.654221801757812500e+02 3.648121337890625000e+02
2.333693542480468750e+02 2.322064361572265625e+02
1.419434051513671875e+02 1.416311187744140625e+02
3.319931640625000000e+02 3.312027587890625000e+02
1.581948547363281250e+02 1.587315979003906250e+02
3.630654907226562500e+02 3.630383605957031250e+02
2.611656494140625000e+02 2.615722045898437500e+02
1.484692993164062500e+02 1.486229553222656250e+02
1.910149536132812500e+02 1.912080383300781250e+02
1.885688629150390625e+02 1.894067077636718750e+02
3.960665588378906250e+02 3.958550720214843750e+02
1.827966613769531250e+02 1.845570068359375000e+02
1.811087036132812500e+02 1.806054687500000000e+02
3.167581176757812500e+02 3.169080505371093750e+02
4.172071533203125000e+02 4.177451171875000000e+02
2.387143096923828125e+02 2.391487731933593750e+02
2.392101135253906250e+02 2.393044281005859375e+02
2.963485107421875000e+02 2.961405944824218750e+02
2.543017883300781250e+02 2.550198669433593750e+02
1.821472320556640625e+02 1.819174194335937500e+02
1.565910034179687500e+02 1.565013275146484375e+02
2.166811981201171875e+02 2.162961578369140625e+02
3.592362060546875000e+02 3.602024230957031250e+02
3.321698913574218750e+02 3.326494750976562500e+02
1.907822265625000000e+02 1.911061553955078125e+02
2.458258514404296875e+02 2.465305633544921875e+02
2.333179473876953125e+02 2.332398681640625000e+02
3.674519653320312500e+02 3.682177734375000000e+02
1.768845367431640625e+02 1.777483062744140625e+02
1.725021209716796875e+02 1.734178314208984375e+02
3.977388610839843750e+02 3.989070129394531250e+02
2.871373291015625000e+02 2.862755432128906250e+02
3.957601623535156250e+02 3.960440673828125000e+02
3.615885314941406250e+02 3.615397949218750000e+02
1.428058319091796875e+02 1.435039978027343750e+02
3.934265747070312500e+02 3.936080932617187500e+02
3.574318237304687500e+02 3.582776794433593750e+02
3.321994018554687500e+02 3.316559753417968750e+02
3.671574096679687500e+02 3.670734252929687500e+02
3.322578125000000000e+02 3.320973510742187500e+02
3.488602905273437500e+02 3.484346313476562500e+02
2.880803833007812500e+02 2.887108459472656250e+02
2.499817657470703125e+02 2.506997528076171875e+02
2.722341003417968750e+02 2.702624511718750000e+02
3.318422241210937500e+02 3.311765747070312500e+02
2.651262512207031250e+02 2.638286132812500000e+02
3.613364562988281250e+02 3.610540771484375000e+02
3.317036743164062500e+02 3.307632751464843750e+02
3.649358520507812500e+02 3.648295898437500000e+02
2.274579772949218750e+02 2.278284606933593750e+02
1.427071990966796875e+02 1.425007934570312500e+02
2.258699493408203125e+02 2.265561523437500000e+02
3.993786926269531250e+02 4.002203369140625000e+02
1.809354095458984375e+02 1.806417083740234375e+02
3.680980224609375000e+02 3.688232421875000000e+02
1.963384094238281250e+02 1.943150329589843750e+02
1.816855926513671875e+02 1.810786132812500000e+02
2.362607116699218750e+02 2.370214080810546875e+02
2.539863281250000000e+02 2.546141967773437500e+02
3.348107604980468750e+02 3.351174011230468750e+02
2.608022766113281250e+02 2.607336120605468750e+02
3.455118408203125000e+02 3.450520629882812500e+02
3.076375122070312500e+02 3.079612121582031250e+02
3.120173950195312500e+02 3.119034729003906250e+02
2.382481079101562500e+02 2.381808929443359375e+02
3.352601928710937500e+02 3.359776000976562500e+02
2.483149566650390625e+02 2.495247497558593750e+02
1.630234680175781250e+02 1.640784759521484375e+02
3.828230895996093750e+02 3.824164733886718750e+02
2.482607421875000000e+02 2.461557922363281250e+02
1.586430511474609375e+02 1.590980529785156250e+02
1.734858245849609375e+02 1.718844146728515625e+02
2.541569824218750000e+02 2.534818420410156250e+02
3.353301391601562500e+02 3.355337524414062500e+02
4.463474426269531250e+02 4.459853820800781250e+02
3.320463562011718750e+02 3.317691650390625000e+02
2.573019104003906250e+02 2.572332763671875000e+02
2.346456756591796875e+02 2.354809417724609375e+02
2.074015350341796875e+02 2.060616760253906250e+02
1.658420104980468750e+02 1.664210815429687500e+02
1.750985260009765625e+02 1.749368133544921875e+02
3.893967895507812500e+02 3.888572387695312500e+02
3.473378601074218750e+02 3.470520935058593750e+02
1.682375640869140625e+02 1.698092803955078125e+02
1.502656860351562500e+02 1.494924468994140625e+02
3.317650756835937500e+02 3.323094787597656250e+02
2.222051849365234375e+02 2.219339447021484375e+02
2.104148712158203125e+02 2.073704071044921875e+02
1.941674499511718750e+02 1.926182861328125000e+02
3.353773803710937500e+02 3.349079589843750000e+02
2.582726135253906250e+02 2.572165527343750000e+02
1.849929504394531250e+02 1.843748016357421875e+02
3.578464355468750000e+02 3.580819396972656250e+02
3.356675720214843750e+02 3.359892883300781250e+02
3.463410034179687500e+02 3.466317749023437500e+02
2.254051818847656250e+02 2.244847412109375000e+02
1.524924468994140625e+02 1.532391052246093750e+02
3.470559082031250000e+02 3.466126403808593750e+02
1.993386383056640625e+02 1.979009552001953125e+02
2.765131835937500000e+02 2.764036560058593750e+02
3.581592102050781250e+02 3.573236999511718750e+02
2.569187622070312500e+02 2.580913391113281250e+02
2.601044311523437500e+02 2.606455688476562500e+02
3.589061279296875000e+02 3.589293823242187500e+02
2.108896636962890625e+02 2.118915863037109375e+02
1.910278625488281250e+02 1.903626098632812500e+02
3.321555786132812500e+02 3.320819091796875000e+02
2.660003662109375000e+02 2.665502624511718750e+02
3.014829406738281250e+02 3.035709228515625000e+02
2.031046752929687500e+02 2.036343994140625000e+02
1.607397613525390625e+02 1.614147186279296875e+02
3.651315002441406250e+02 3.662514648437500000e+02
2.106382141113281250e+02 2.079325714111328125e+02
3.684643249511718750e+02 3.685368347167968750e+02
4.010457153320312500e+02 3.987746887207031250e+02
2.406453399658203125e+02 2.388910980224609375e+02
3.639242858886718750e+02 3.631118469238281250e+02
2.409038238525390625e+02 2.417312622070312500e+02
4.381061401367187500e+02 4.394899597167968750e+02
2.020004119873046875e+02 2.023437957763671875e+02
3.592596740722656250e+02 3.585035095214843750e+02
1.842680969238281250e+02 1.832367553710937500e+02
3.439964904785156250e+02 3.440961914062500000e+02
1.694657592773437500e+02 1.699105377197265625e+02
1.753532257080078125e+02 1.754694061279296875e+02
1.760859069824218750e+02 1.765128936767578125e+02
1.702549438476562500e+02 1.693766174316406250e+02
1.764661254882812500e+02 1.770750274658203125e+02
2.257310791015625000e+02 2.265205841064453125e+02
1.706157379150390625e+02 1.706709136962890625e+02
2.629651184082031250e+02 2.631194458007812500e+02
1.732108764648437500e+02 1.736411743164062500e+02
1.856161041259765625e+02 1.844853973388671875e+02
3.320446472167968750e+02 3.320661926269531250e+02
3.457562866210937500e+02 3.450693359375000000e+02
1.688350372314453125e+02 1.691635894775390625e+02
2.669876403808593750e+02 2.685942077636718750e+02
1.590562591552734375e+02 1.595613555908203125e+02
2.655060729980468750e+02 2.650805664062500000e+02
1.762171173095703125e+02 1.752714080810546875e+02
1.727992553710937500e+02 1.726260833740234375e+02
1.823535308837890625e+02 1.794728088378906250e+02
3.814035949707031250e+02 3.817413330078125000e+02
1.697638549804687500e+02 1.677568054199218750e+02
3.763347167968750000e+02 3.769097900390625000e+02
2.601482238769531250e+02 2.604834289550781250e+02
1.898541564941406250e+02 1.875133056640625000e+02
4.113380432128906250e+02 4.108635864257812500e+02
3.513319702148437500e+02 3.514486083984375000e+02
1.736421966552734375e+02 1.715118255615234375e+02
1.808885955810546875e+02 1.782815704345703125e+02
1.706297760009765625e+02 1.682770690917968750e+02
3.320446777343750000e+02 3.317819824218750000e+02
2.602764282226562500e+02 2.600727233886718750e+02
1.839976806640625000e+02 1.857029571533203125e+02
3.461613464355468750e+02 3.460705261230468750e+02
4.207578125000000000e+02 4.203564453125000000e+02
3.566981506347656250e+02 3.569208984375000000e+02
1.762444305419921875e+02 1.770986633300781250e+02
1.800618133544921875e+02 1.754767608642578125e+02
1.414727478027343750e+02 1.409510803222656250e+02
2.542742767333984375e+02 2.544081878662109375e+02
1.799263305664062500e+02 1.801553039550781250e+02
1.582171630859375000e+02 1.582282714843750000e+02
3.650763854980468750e+02 3.650893554687500000e+02
3.825022583007812500e+02 3.820690002441406250e+02
3.861542663574218750e+02 3.869283752441406250e+02
3.929257202148437500e+02 3.938322143554687500e+02
2.012999572753906250e+02 2.010485992431640625e+02
2.340609436035156250e+02 2.339864959716796875e+02
2.820454711914062500e+02 2.818031005859375000e+02
2.840639648437500000e+02 2.840978393554687500e+02
3.596751403808593750e+02 3.604578857421875000e+02
1.512032012939453125e+02 1.506647949218750000e+02
1.792395477294921875e+02 1.788972015380859375e+02
1.932314300537109375e+02 1.924596099853515625e+02
3.799354553222656250e+02 3.792109985351562500e+02
2.257558746337890625e+02 2.262908935546875000e+02
3.574948730468750000e+02 3.573026123046875000e+02
3.677018737792968750e+02 3.679369201660156250e+02
1.939738769531250000e+02 1.922940063476562500e+02
1.853027496337890625e+02 1.819194946289062500e+02
3.648339538574218750e+02 3.651492614746093750e+02
1.622723999023437500e+02 1.613527526855468750e+02
2.086295013427734375e+02 2.079342956542968750e+02
1.772991180419921875e+02 1.779661407470703125e+02
1.592948608398437500e+02 1.609107208251953125e+02
1.616830291748046875e+02 1.622119750976562500e+02
1.622736663818359375e+02 1.624723052978515625e+02
3.455770874023437500e+02 3.463141784667968750e+02
2.935121459960937500e+02 2.943677673339843750e+02
2.361165771484375000e+02 2.366457977294921875e+02
2.386192169189453125e+02 2.394508666992187500e+02
3.836197814941406250e+02 3.848881835937500000e+02
1.794669494628906250e+02 1.782087097167968750e+02
1.638889007568359375e+02 1.639364318847656250e+02
3.480974426269531250e+02 3.483021850585937500e+02
2.026143646240234375e+02 2.017183990478515625e+02
1.483426208496093750e+02 1.487913360595703125e+02
3.649909362792968750e+02 3.650851745605468750e+02
2.382475585937500000e+02 2.385976562500000000e+02
2.276065368652343750e+02 2.282013397216796875e+02
3.690668640136718750e+02 3.683724365234375000e+02
3.854610595703125000e+02 3.850601806640625000e+02
1.422581634521484375e+02 1.424270629882812500e+02
1.683427429199218750e+02 1.687029876708984375e+02
1.835562133789062500e+02 1.831070556640625000e+02
3.696629028320312500e+02 3.695379943847656250e+02
3.474894714355468750e+02 3.483215637207031250e+02
1.964454498291015625e+02 1.957660827636718750e+02
2.352923736572265625e+02 2.344566955566406250e+02
3.481612548828125000e+02 3.475103454589843750e+02
2.667244873046875000e+02 2.657617187500000000e+02
3.645395812988281250e+02 3.645020751953125000e+02
3.642408142089843750e+02 3.635637817382812500e+02
1.764395599365234375e+02 1.727297668457031250e+02
1.825554046630859375e+02 1.823425445556640625e+02
2.467087860107421875e+02 2.479629974365234375e+02
2.327551116943359375e+02 2.326327514648437500e+02
1.506475677490234375e+02 1.508114013671875000e+02
2.678855895996093750e+02 2.685167236328125000e+02
2.568591918945312500e+02 2.574549255371093750e+02
2.050494537353515625e+02 2.047269592285156250e+02
1.585853881835937500e+02 1.570749206542968750e+02
4.189458312988281250e+02 4.192005920410156250e+02
2.122478027343750000e+02 2.122678833007812500e+02
3.582427673339843750e+02 3.578479919433593750e+02
3.593347167968750000e+02 3.593473510742187500e+02
1.574532928466796875e+02 1.584464874267578125e+02
3.476441650390625000e+02 3.469961242675781250e+02
2.202837066650390625e+02 2.161365051269531250e+02
2.161405639648437500e+02 2.122287292480468750e+02
2.304214477539062500e+02 2.292534027099609375e+02
1.875835113525390625e+02 1.860931243896484375e+02
3.657479553222656250e+02 3.662453918457031250e+02
1.781559753417968750e+02 1.762433929443359375e+02
1.850085449218750000e+02 1.846987609863281250e+02
2.665760803222656250e+02 2.676163635253906250e+02
3.671684265136718750e+02 3.659265136718750000e+02
3.349220886230468750e+02 3.347758178710937500e+02
3.853265380859375000e+02 3.848441162109375000e+02
3.678549194335937500e+02 3.680480041503906250e+02
2.385435333251953125e+02 2.389130249023437500e+02
3.511200561523437500e+02 3.509508361816406250e+02
1.418047332763671875e+02 1.430262298583984375e+02
3.318615112304687500e+02 3.328883056640625000e+02
2.219102172851562500e+02 2.215494995117187500e+02
3.787092895507812500e+02 3.776824340820312500e+02
3.587319335937500000e+02 3.587879638671875000e+02
4.269519958496093750e+02 4.285113830566406250e+02
4.102942199707031250e+02 4.103117675781250000e+02
2.388700714111328125e+02 2.387416992187500000e+02
3.317466430664062500e+02 3.315960083007812500e+02
1.736035003662109375e+02 1.735582885742187500e+02
1.747950286865234375e+02 1.763347015380859375e+02
2.450021057128906250e+02 2.453535614013671875e+02
2.385713958740234375e+02 2.384413604736328125e+02
1.608681335449218750e+02 1.615300750732421875e+02
3.470742187500000000e+02 3.485072937011718750e+02
1.405454101562500000e+02 1.390355224609375000e+02
1.938446044921875000e+02 1.937301788330078125e+02
2.702633056640625000e+02 2.716174621582031250e+02
1.976138763427734375e+02 1.967382507324218750e+02
3.612648925781250000e+02 3.620866394042968750e+02
4.054632263183593750e+02 4.057171325683593750e+02
3.460769042968750000e+02 3.451567993164062500e+02
3.475321044921875000e+02 3.468487854003906250e+02
3.319671630859375000e+02 3.323341064453125000e+02
1.563057250976562500e+02 1.552579498291015625e+02
1.608813018798828125e+02 1.611652374267578125e+02
2.053928527832031250e+02 2.049962768554687500e+02
2.576996459960937500e+02 2.585849609375000000e+02
1.718514709472656250e+02 1.696752319335937500e+02
2.510689239501953125e+02 2.509993896484375000e+02
1.471753082275390625e+02 1.464421691894531250e+02
2.275307922363281250e+02 2.287328033447265625e+02
4.179215087890625000e+02 4.183526611328125000e+02
1.843008270263671875e+02 1.840949249267578125e+02
2.661754455566406250e+02 2.671956787109375000e+02
3.311951293945312500e+02 3.311912536621093750e+02
2.609972229003906250e+02 2.619736938476562500e+02
1.594566955566406250e+02 1.579548645019531250e+02
3.350376586914062500e+02 3.366764221191406250e+02
1.400066986083984375e+02 1.393344116210937500e+02
3.613834838867187500e+02 3.614022827148437500e+02
2.369184722900390625e+02 2.390216827392578125e+02
1.854746856689453125e+02 1.832110290527343750e+02
2.276797790527343750e+02 2.285141296386718750e+02
3.574060058593750000e+02 3.570793762207031250e+02
3.486123657226562500e+02 3.490587463378906250e+02
2.671184387207031250e+02 2.659880371093750000e+02
2.237929687500000000e+02 2.233903656005859375e+02
1.759182281494140625e+02 1.754954681396484375e+02
3.969196777343750000e+02 3.968833618164062500e+02
1.988951721191406250e+02 1.973015441894531250e+02
2.486470947265625000e+02 2.465816497802734375e+02
2.607333068847656250e+02 2.608139648437500000e+02
2.258191986083984375e+02 2.251523437500000000e+02
3.515094299316406250e+02 3.506750488281250000e+02
1.696996765136718750e+02 1.680013580322265625e+02
2.415963287353515625e+02 2.420763549804687500e+02
3.577852172851562500e+02 3.584150085449218750e+02
1.521508026123046875e+02 1.517184448242187500e+02
2.260359954833984375e+02 2.269647979736328125e+02
3.630872802734375000e+02 3.635346374511718750e+02
2.900325012207031250e+02 2.893157653808593750e+02
3.702095031738281250e+02 3.705407409667968750e+02
3.488323059082031250e+02 3.490798339843750000e+02
3.460463562011718750e+02 3.455474853515625000e+02
2.518173522949218750e+02 2.514639129638671875e+02
3.588071899414062500e+02 3.591748962402343750e+02
4.339112243652343750e+02 4.334963073730468750e+02
3.466656799316406250e+02 3.475778198242187500e+02
2.767607421875000000e+02 2.774263000488281250e+02
3.315738830566406250e+02 3.315829162597656250e+02
3.574431152343750000e+02 3.566329345703125000e+02
1.880449829101562500e+02 1.894489898681640625e+02
4.047626037597656250e+02 4.038398132324218750e+02
3.932586059570312500e+02 3.928570251464843750e+02
1.880480346679687500e+02 1.873180084228515625e+02
3.903134765625000000e+02 3.910420532226562500e+02
1.354248809814453125e+02 1.336413421630859375e+02
3.325206909179687500e+02 3.325619201660156250e+02
2.256239318847656250e+02 2.263317260742187500e+02
3.791546020507812500e+02 3.795558166503906250e+02
2.521123352050781250e+02 2.518364257812500000e+02
1.666369628906250000e+02 1.664352111816406250e+02
1.913598937988281250e+02 1.910630035400390625e+02
2.392886199951171875e+02 2.387999114990234375e+02
1.709274749755859375e+02 1.714887695312500000e+02
2.109862060546875000e+02 2.100308074951171875e+02
2.385928649902343750e+02 2.393182220458984375e+02
1.748324737548828125e+02 1.738671112060546875e+02
1.819406890869140625e+02 1.787923583984375000e+02
2.271633300781250000e+02 2.276178741455078125e+02
2.890476379394531250e+02 2.883466491699218750e+02
2.601148376464843750e+02 2.608159179687500000e+02
1.759145202636718750e+02 1.761103515625000000e+02
2.458592681884765625e+02 2.459135437011718750e+02
3.586542358398437500e+02 3.591607666015625000e+02
3.457388610839843750e+02 3.454340209960937500e+02
1.758229980468750000e+02 1.765538787841796875e+02
4.259371643066406250e+02 4.261697082519531250e+02
3.460403137207031250e+02 3.465202941894531250e+02
2.258925323486328125e+02 2.264280395507812500e+02
2.542188415527343750e+02 2.557770538330078125e+02
3.082249755859375000e+02 3.084197082519531250e+02
1.590178070068359375e+02 1.591454010009765625e+02
1.966812438964843750e+02 1.972646789550781250e+02
1.932092742919921875e+02 1.950572357177734375e+02
3.647301025390625000e+02 3.643168334960937500e+02
3.473723754882812500e+02 3.470427246093750000e+02
1.507194366455078125e+02 1.510646209716796875e+02
1.787027587890625000e+02 1.811659698486328125e+02
3.786443786621093750e+02 3.790253295898437500e+02
1.730191345214843750e+02 1.724882812500000000e+02
3.645515441894531250e+02 3.648912353515625000e+02
2.161765594482421875e+02 2.159594116210937500e+02
1.871796112060546875e+02 1.867476806640625000e+02
3.775074157714843750e+02 3.775573425292968750e+02
1.980614318847656250e+02 1.973063964843750000e+02
1.576934204101562500e+02 1.549510650634765625e+02
4.148604125976562500e+02 4.163047790527343750e+02
2.202376861572265625e+02 2.201396484375000000e+02
1.848601684570312500e+02 1.863267517089843750e+02
1.827281036376953125e+02 1.841783447265625000e+02
1.797407989501953125e+02 1.791436767578125000e+02
1.478963317871093750e+02 1.476492309570312500e+02
3.348319396972656250e+02 3.350047607421875000e+02
2.444488983154296875e+02 2.451670532226562500e+02
3.465696716308593750e+02 3.468211364746093750e+02
3.319403991699218750e+02 3.312597351074218750e+02
1.606677093505859375e+02 1.612442932128906250e+02
2.483057403564453125e+02 2.483156127929687500e+02
1.792611999511718750e+02 1.808925018310546875e+02
1.486592407226562500e+02 1.498034667968750000e+02
3.318592224121093750e+02 3.315544128417968750e+02
1.911641235351562500e+02 1.899192962646484375e+02
2.727770385742187500e+02 2.718521118164062500e+02
3.099185485839843750e+02 3.114880981445312500e+02
1.677897186279296875e+02 1.677871551513671875e+02
3.631747741699218750e+02 3.633529663085937500e+02
3.649732055664062500e+02 3.643695068359375000e+02
3.481032714843750000e+02 3.481727905273437500e+02
2.467169799804687500e+02 2.474544830322265625e+02
2.217805633544921875e+02 2.244066772460937500e+02
3.691936340332031250e+02 3.700389404296875000e+02
2.252590179443359375e+02 2.256467895507812500e+02
2.564865722656250000e+02 2.562207031250000000e+02
3.646161804199218750e+02 3.651654663085937500e+02
1.603005981445312500e+02 1.625270538330078125e+02
3.471150207519531250e+02 3.480467224121093750e+02
1.287212982177734375e+02 1.280373992919921875e+02
4.226066894531250000e+02 4.236834106445312500e+02
2.368175964355468750e+02 2.363689117431640625e+02
3.307525634765625000e+02 3.317410888671875000e+02
3.792132873535156250e+02 3.794167175292968750e+02
2.367287292480468750e+02 2.368383026123046875e+02
2.339742431640625000e+02 2.334688873291015625e+02
1.701140594482421875e+02 1.694259948730468750e+02
1.571160278320312500e+02 1.567992248535156250e+02
3.318439025878906250e+02 3.326295166015625000e+02
3.586718750000000000e+02 3.580663146972656250e+02
1.660326690673828125e+02 1.666907348632812500e+02
3.616356506347656250e+02 3.616879577636718750e+02
1.851289062500000000e+02 1.842576904296875000e+02
1.985281219482421875e+02 1.973551788330078125e+02
3.478707580566406250e+02 3.476763916015625000e+02
2.341010894775390625e+02 2.344414062500000000e+02
1.809803924560546875e+02 1.783844757080078125e+02
1.269821395874023438e+02 1.273595123291015625e+02
2.636825561523437500e+02 2.638438415527343750e+02
3.477925109863281250e+02 3.472111816406250000e+02
