1.239755540154874325e-03 3.301525488495826721e-03
7.991750026121735573e-04 3.460665466263890266e-03
9.488546056672930717e-04 3.394817467778921127e-03
6.622329819947481155e-04 3.449288196861743927e-03
6.621195934712886810e-04 3.465719288215041161e-03
5.957853281870484352e-04 3.351765917614102364e-03
5.995368119329214096e-04 3.386572934687137604e-03
6.155016599223017693e-04 3.326889593154191971e-03
6.553558632731437683e-04 3.413613652810454369e-03
5.867699510417878628e-04 3.359166672453284264e-03
5.492505733855068684e-04 3.386764554306864738e-03
6.237088819034397602e-04 3.330552484840154648e-03
5.738682812079787254e-04 3.438126295804977417e-03
5.837936769239604473e-04 3.364523174241185188e-03
5.788385751657187939e-04 3.411095123738050461e-03
6.996733136475086212e-04 3.335585119202733040e-03
7.608433370478451252e-04 3.353747539222240448e-03
6.180481286719441414e-04 3.358987858518958092e-03
5.736245657317340374e-04 3.352771280333399773e-03
5.783674423582851887e-04 3.334793262183666229e-03
5.575385293923318386e-04 3.292854875326156616e-03
6.408229819498956203e-04 3.431262215599417686e-03
6.844750605523586273e-04 3.297045128419995308e-03
7.284683524630963802e-04 3.326611127704381943e-03
6.369780749082565308e-04 3.445728681981563568e-03
6.672514136880636215e-04 3.499202663078904152e-03
7.387732621282339096e-04 3.408285090699791908e-03
7.421397604048252106e-04 3.336620284244418144e-03
6.899628206156194210e-04 3.380054607987403870e-03
6.033679237589240074e-04 3.366741351783275604e-03
6.801950512453913689e-04 3.336013527587056160e-03
8.206983329728245735e-04 3.466817550361156464e-03
6.467913626693189144e-04 3.447986440733075142e-03
6.413661758415400982e-04 3.332133870571851730e-03
6.354633369483053684e-04 3.519146470353007317e-03
6.264416151680052280e-04 3.429453354328870773e-03
6.191134452819824219e-04 3.591686487197875977e-03
7.132833125069737434e-04 3.342255251482129097e-03
6.962835323065519333e-04 3.393636085093021393e-03
6.395324598997831345e-04 3.335794666782021523e-03
7.362588075920939445e-04 3.538617398589849472e-03
7.089953287504613400e-04 3.399189328774809837e-03
9.787430753931403160e-04 3.512218827381730080e-03
7.983890827745199203e-04 3.415016690269112587e-03
7.491901051253080368e-04 3.441131208091974258e-03
8.754213922657072544e-04 3.404860151931643486e-03
7.248484180308878422e-04 3.322334960103034973e-03
6.637926562689244747e-04 3.423287533223628998e-03
6.937101134099066257e-04 3.569922409951686859e-03
7.766519556753337383e-04 3.435502061620354652e-03
7.806148496456444263e-04 3.527402179315686226e-03
1.179233891889452934e-03 3.417577827349305153e-03
7.511264993809163570e-04 3.393445862457156181e-03
7.751957746222615242e-04 3.390414407476782799e-03
6.485349149443209171e-04 3.350364044308662415e-03
6.109264213591814041e-04 3.537062322720885277e-03
7.366591598838567734e-04 3.424488706514239311e-03
9.333592024631798267e-04 3.419132204726338387e-03
8.587759803049266338e-04 3.557411022484302521e-03
8.702505147084593773e-04 3.425278700888156891e-03
6.938946899026632309e-04 3.386851167306303978e-03
8.212604443542659283e-04 3.448313567787408829e-03
7.159718079492449760e-04 3.522808663547039032e-03
6.453702226281166077e-04 3.337302943691611290e-03
7.739251013845205307e-04 3.437603823840618134e-03
6.629074341617524624e-04 3.334029112011194229e-03
7.647775346413254738e-04 3.538772230967879295e-03
6.178327021189033985e-04 3.440834581851959229e-03
5.975465173833072186e-04 3.418308915570378304e-03
6.362662534229457378e-04 3.416035091504454613e-03
6.242477102205157280e-04 3.468340262770652771e-03
6.189626874402165413e-04 3.385043935850262642e-03
5.979316192679107189e-04 3.459066851064562798e-03
7.667044992558658123e-04 3.639113390818238258e-03
1.128398696891963482e-03 3.493987023830413818e-03
1.023228978738188744e-03 3.472070675343275070e-03
7.885756203904747963e-04 3.644595621153712273e-03
9.575866279192268848e-04 3.462760476395487785e-03
6.807371391914784908e-04 3.535106079652905464e-03
5.967376055195927620e-04 3.450524061918258667e-03
5.916156223975121975e-04 3.536033676937222481e-03
6.089753005653619766e-04 3.414117032662034035e-03
5.979714915156364441e-04 3.477008314803242683e-03
7.741475128568708897e-04 3.692803438752889633e-03
8.679036400280892849e-04 3.429973032325506210e-03
8.522593416273593903e-04 3.633483545854687691e-03
7.991215679794549942e-04 3.380158683285117149e-03
6.537541048601269722e-04 3.575930604711174965e-03
8.600919391028583050e-04 3.376067383214831352e-03
7.054960587993264198e-04 3.705587470903992653e-03
7.618460804224014282e-04 3.392185317352414131e-03
6.372391362674534321e-04 3.408834105357527733e-03
7.151644094847142696e-04 3.395399311557412148e-03
7.582536200061440468e-04 3.451194847002625465e-03
6.233608000911772251e-04 3.553235204890370369e-03
6.665396504104137421e-04 3.420382272452116013e-03
5.998314009048044682e-04 3.382812719792127609e-03
7.051143329590559006e-04 3.493039635941386223e-03
6.370628834702074528e-04 3.458913881331682205e-03
5.921254632994532585e-04 3.562933998182415962e-03
6.206558900885283947e-04 3.493793075904250145e-03
