7.874221801757812500e-01 7.866260409355163574e-01
8.038603067398071289e-01 8.019402027130126953e-01
8.362769484519958496e-01 8.350004553794860840e-01
9.149100780487060547e-01 9.140498042106628418e-01
8.648381829261779785e-01 8.632746934890747070e-01
8.213203549385070801e-01 8.220770955085754395e-01
9.011721611022949219e-01 9.005883336067199707e-01
8.733462095260620117e-01 8.720325231552124023e-01
8.658853173255920410e-01 8.656077384948730469e-01
9.028522372245788574e-01 9.026857614517211914e-01
8.783554434776306152e-01 8.789392113685607910e-01
8.851885795593261719e-01 8.847463130950927734e-01
9.485756158828735352e-01 9.482598900794982910e-01
7.722232937812805176e-01 7.713277935981750488e-01
7.720122933387756348e-01 7.719409465789794922e-01
9.377219080924987793e-01 9.372939467430114746e-01
7.638230323791503906e-01 7.614622116088867188e-01
9.082502126693725586e-01 9.075391888618469238e-01
9.117233157157897949e-01 9.103146791458129883e-01
7.923221588134765625e-01 7.917581200599670410e-01
8.595509529113769531e-01 8.598881959915161133e-01
7.858463525772094727e-01 7.847188711166381836e-01
8.319408297538757324e-01 8.316034078598022461e-01
8.899005651473999023e-01 8.894597887992858887e-01
8.871292471885681152e-01 8.866977095603942871e-01
8.075953125953674316e-01 8.075326085090637207e-01
7.274984121322631836e-01 7.274469137191772461e-01
8.373067378997802734e-01 8.351476192474365234e-01
8.064293861389160156e-01 8.053395152091979980e-01
8.372889757156372070e-01 8.350632786750793457e-01
7.650579214096069336e-01 7.629718780517578125e-01
8.912057280540466309e-01 8.905959129333496094e-01
7.237312197685241699e-01 7.242059111595153809e-01
9.372740387916564941e-01 9.368399381637573242e-01
8.225460052490234375e-01 8.220652341842651367e-01
7.691379189491271973e-01 7.694171071052551270e-01
8.864408731460571289e-01 8.855295777320861816e-01
8.730803728103637695e-01 8.727223873138427734e-01
8.232157230377197266e-01 8.255769014358520508e-01
7.239395380020141602e-01 7.225266695022583008e-01
8.282444477081298828e-01 8.280296325683593750e-01
9.509170055389404297e-01 9.507760405540466309e-01
8.332002162933349609e-01 8.322587013244628906e-01
8.305441737174987793e-01 8.290757536888122559e-01
8.986856937408447266e-01 8.980646729469299316e-01
7.647823095321655273e-01 7.642017602920532227e-01
8.702259063720703125e-01 8.704847693443298340e-01
8.851312398910522461e-01 8.849661350250244141e-01
9.006547927856445312e-01 8.996043205261230469e-01
9.328922033309936523e-01 9.319214224815368652e-01
7.794114351272583008e-01 7.801149487495422363e-01
8.521431684494018555e-01 8.533958196640014648e-01
7.584470510482788086e-01 7.564365267753601074e-01
7.637447118759155273e-01 7.637923359870910645e-01
7.231858968734741211e-01 7.237980365753173828e-01
8.860644102096557617e-01 8.852483034133911133e-01
8.983753323554992676e-01 8.978244662284851074e-01
9.547148942947387695e-01 9.542306065559387207e-01
8.791011571884155273e-01 8.784675598144531250e-01
9.046196341514587402e-01 9.051988124847412109e-01
8.657904863357543945e-01 8.656236529350280762e-01
8.993721604347229004e-01 8.986728787422180176e-01
7.978091835975646973e-01 7.974737882614135742e-01
8.870266675949096680e-01 8.860437870025634766e-01
9.029963016510009766e-01 9.032939076423645020e-01
8.621157407760620117e-01 8.622936010360717773e-01
7.251617908477783203e-01 7.245498299598693848e-01
8.557159900665283203e-01 8.550625443458557129e-01
8.919511437416076660e-01 8.914813399314880371e-01
7.230471968650817871e-01 7.231537699699401855e-01
8.978060483932495117e-01 8.971544504165649414e-01
7.838295698165893555e-01 7.813615798950195312e-01
8.171014189720153809e-01 8.166191577911376953e-01
8.457212448120117188e-01 8.451510071754455566e-01
7.973497509956359863e-01 7.958086133003234863e-01
7.726597189903259277e-01 7.722898125648498535e-01
7.617855072021484375e-01 7.617126107215881348e-01
8.880752325057983398e-01 8.878694772720336914e-01
8.997131586074829102e-01 8.993012309074401855e-01
8.757631778717041016e-01 8.745117783546447754e-01
8.366576433181762695e-01 8.354384899139404297e-01
8.981818556785583496e-01 8.980386257171630859e-01
9.747902750968933105e-01 9.741800427436828613e-01
8.501901030540466309e-01 8.502173423767089844e-01
7.925803065299987793e-01 7.914341688156127930e-01
7.641773223876953125e-01 7.636532783508300781e-01
9.169622659683227539e-01 9.166104793548583984e-01
8.386997580528259277e-01 8.385195136070251465e-01
7.734268903732299805e-01 7.706534862518310547e-01
8.996686935424804688e-01 8.988934755325317383e-01
7.890748977661132812e-01 7.886082530021667480e-01
7.829046845436096191e-01 7.820654511451721191e-01
9.288508892059326172e-01 9.287589192390441895e-01
7.903798222541809082e-01 7.901064753532409668e-01
7.591664791107177734e-01 7.592949867248535156e-01
7.559214234352111816e-01 7.559820413589477539e-01
8.469083905220031738e-01 8.451832532882690430e-01
7.695685029029846191e-01 7.698965668678283691e-01
8.978517055511474609e-01 8.969983458518981934e-01
7.544615268707275391e-01 7.544685006141662598e-01
9.100331068038940430e-01 9.095529913902282715e-01
7.240513563156127930e-01 7.245647311210632324e-01
7.741732001304626465e-01 7.723729610443115234e-01
8.739901781082153320e-01 8.738746643066406250e-01
8.514280319213867188e-01 8.514881134033203125e-01
8.356648683547973633e-01 8.366534709930419922e-01
9.312139153480529785e-01 9.306790828704833984e-01
8.374594449996948242e-01 8.373922705650329590e-01
9.043297171592712402e-01 9.039835929870605469e-01
7.222450971603393555e-01 7.219606637954711914e-01
7.904771566390991211e-01 7.901769280433654785e-01
8.220664262771606445e-01 8.221834301948547363e-01
8.461815714836120605e-01 8.460758328437805176e-01
9.102419018745422363e-01 9.102205634117126465e-01
8.868222236633300781e-01 8.868694901466369629e-01
8.218263387680053711e-01 8.235083222389221191e-01
9.699637293815612793e-01 9.696995019912719727e-01
9.362272024154663086e-01 9.354848265647888184e-01
8.304909467697143555e-01 8.297874927520751953e-01
9.230236411094665527e-01 9.227216839790344238e-01
8.554096221923828125e-01 8.548818230628967285e-01
9.508688449859619141e-01 9.501952528953552246e-01
9.208856225013732910e-01 9.204419255256652832e-01
8.803997635841369629e-01 8.793273568153381348e-01
9.258909225463867188e-01 9.258165359497070312e-01
8.461381196975708008e-01 8.463291525840759277e-01
7.737096548080444336e-01 7.713311910629272461e-01
7.592440843582153320e-01 7.577683925628662109e-01
9.078735709190368652e-01 9.076502919197082520e-01
8.827975988388061523e-01 8.818295598030090332e-01
7.586798667907714844e-01 7.568873763084411621e-01
7.980772256851196289e-01 7.977306246757507324e-01
8.527001142501831055e-01 8.522585630416870117e-01
9.626336693763732910e-01 9.622185230255126953e-01
9.065953493118286133e-01 9.059367775917053223e-01
9.444509744644165039e-01 9.446994662284851074e-01
9.655401706695556641e-01 9.660604000091552734e-01
7.833492159843444824e-01 7.832027077674865723e-01
7.640966176986694336e-01 7.605607509613037109e-01
8.862776160240173340e-01 8.861994743347167969e-01
9.266573190689086914e-01 9.263587594032287598e-01
8.226686120033264160e-01 8.226101398468017578e-01
9.094573855400085449e-01 9.095843434333801270e-01
8.033605813980102539e-01 8.021685481071472168e-01
9.104467630386352539e-01 9.100761413574218750e-01
8.715075254440307617e-01 8.714969754219055176e-01
8.160696625709533691e-01 8.157776594161987305e-01
9.073536396026611328e-01 9.066619277000427246e-01
8.832604885101318359e-01 8.816138505935668945e-01
8.730558156967163086e-01 8.723081350326538086e-01
1.033170461654663086e+00 1.032810211181640625e+00
9.840458631515502930e-01 9.837610125541687012e-01
8.516150116920471191e-01 8.516257405281066895e-01
9.749256372451782227e-01 9.746890068054199219e-01
9.199324846267700195e-01 9.202800989151000977e-01
7.235304713249206543e-01 7.230996489524841309e-01
8.609938621520996094e-01 8.604713678359985352e-01
7.576752305030822754e-01 7.570352554321289062e-01
7.269604206085205078e-01 7.266146540641784668e-01
9.294136166572570801e-01 9.289378523826599121e-01
8.436940908432006836e-01 8.433324694633483887e-01
9.414573907852172852e-01 9.412860870361328125e-01
9.032075405120849609e-01 9.036725163459777832e-01
7.274693250656127930e-01 7.248046994209289551e-01
8.722716569900512695e-01 8.719419240951538086e-01
8.717344999313354492e-01 8.711352348327636719e-01
9.395500421524047852e-01 9.395923614501953125e-01
9.095396399497985840e-01 9.091528058052062988e-01
7.823099493980407715e-01 7.811571359634399414e-01
7.866249084472656250e-01 7.850425243377685547e-01
7.625372409820556641e-01 7.620480656623840332e-01
8.648235797882080078e-01 8.652177453041076660e-01
9.670328497886657715e-01 9.666585326194763184e-01
7.751988172531127930e-01 7.739418148994445801e-01
8.004766106605529785e-01 7.993879914283752441e-01
8.393388986587524414e-01 8.390668630599975586e-01
7.837409377098083496e-01 7.845184206962585449e-01
9.008347988128662109e-01 9.003955721855163574e-01
7.534636855125427246e-01 7.537586688995361328e-01
8.888418078422546387e-01 8.884822130203247070e-01
8.915102481842041016e-01 8.913488984107971191e-01
8.195430636405944824e-01 8.193488717079162598e-01
7.260133028030395508e-01 7.263965606689453125e-01
8.233498930931091309e-01 8.216353654861450195e-01
8.284628391265869141e-01 8.281386494636535645e-01
8.244633078575134277e-01 8.239468932151794434e-01
9.015403985977172852e-01 9.010456800460815430e-01
9.419915080070495605e-01 9.413189291954040527e-01
7.237045764923095703e-01 7.236561179161071777e-01
7.715633511543273926e-01 7.717006206512451172e-01
9.401569962501525879e-01 9.394936561584472656e-01
7.786142826080322266e-01 7.796387076377868652e-01
9.515517950057983398e-01 9.507082700729370117e-01
8.798593878746032715e-01 8.795801997184753418e-01
7.643125057220458984e-01 7.627502083778381348e-01
8.240208625793457031e-01 8.231633901596069336e-01
8.525122404098510742e-01 8.510417342185974121e-01
8.702726960182189941e-01 8.699079751968383789e-01
8.878037929534912109e-01 8.880457878112792969e-01
7.635506987571716309e-01 7.618522047996520996e-01
9.025222063064575195e-01 9.023796916007995605e-01
7.726752758026123047e-01 7.711235880851745605e-01
7.271542549133300781e-01 7.262037396430969238e-01
7.977576255798339844e-01 7.973675727844238281e-01
9.385321736335754395e-01 9.377650022506713867e-01
9.644361734390258789e-01 9.641754627227783203e-01
8.519248962402343750e-01 8.514974117279052734e-01
7.239047288894653320e-01 7.259040474891662598e-01
9.718739986419677734e-01 9.713101983070373535e-01
7.915802001953125000e-01 7.913662195205688477e-01
9.593212008476257324e-01 9.583370089530944824e-01
9.256398081779479980e-01 9.248762726783752441e-01
8.313463330268859863e-01 8.301029801368713379e-01
1.050353169441223145e+00 1.049705386161804199e+00
8.354680538177490234e-01 8.349423408508300781e-01
7.267791032791137695e-01 7.250430583953857422e-01
9.016410112380981445e-01 9.011815190315246582e-01
8.461521267890930176e-01 8.459149599075317383e-01
9.438066482543945312e-01 9.428332448005676270e-01
9.142445921897888184e-01 9.140030741691589355e-01
7.917901277542114258e-01 7.893861532211303711e-01
9.336224198341369629e-01 9.333443045616149902e-01
9.395238161087036133e-01 9.383749365806579590e-01
1.005590438842773438e+00 1.004958033561706543e+00
8.754754066467285156e-01 8.753283619880676270e-01
8.486588001251220703e-01 8.479198217391967773e-01
8.957464694976806641e-01 8.955907225608825684e-01
8.855885267257690430e-01 8.853016495704650879e-01
7.822503447532653809e-01 7.817633152008056641e-01
9.478874206542968750e-01 9.477619528770446777e-01
8.160527944564819336e-01 8.154324889183044434e-01
9.357474446296691895e-01 9.354568123817443848e-01
9.113416671752929688e-01 9.110538959503173828e-01
8.832728862762451172e-01 8.826898336410522461e-01
9.230372905731201172e-01 9.221568703651428223e-01
7.740619182586669922e-01 7.717524170875549316e-01
8.839583396911621094e-01 8.836414217948913574e-01
8.490279316902160645e-01 8.497213125228881836e-01
7.831263542175292969e-01 7.823360562324523926e-01
9.792024493217468262e-01 9.790804386138916016e-01
8.819166421890258789e-01 8.811586499214172363e-01
8.204001188278198242e-01 8.206409811973571777e-01
9.112040400505065918e-01 9.110172986984252930e-01
7.259232401847839355e-01 7.247946858406066895e-01
8.031095266342163086e-01 8.026887774467468262e-01
9.720203280448913574e-01 9.719431400299072266e-01
9.004480838775634766e-01 8.999274373054504395e-01
9.575225710868835449e-01 9.571808576583862305e-01
8.234698772430419922e-01 8.223868608474731445e-01
9.539435505867004395e-01 9.529886245727539062e-01
9.036588072776794434e-01 9.034696221351623535e-01
8.728329539299011230e-01 8.723148107528686523e-01
8.010028600692749023e-01 8.005251884460449219e-01
9.259612560272216797e-01 9.248882532119750977e-01
8.199449777603149414e-01 8.197126388549804688e-01
8.232303261756896973e-01 8.215475082397460938e-01
8.968502283096313477e-01 8.963661193847656250e-01
7.988556027412414551e-01 7.985160350799560547e-01
8.933165073394775391e-01 8.923553228378295898e-01
7.714014053344726562e-01 7.719864249229431152e-01
8.384938240051269531e-01 8.365172147750854492e-01
7.616263031959533691e-01 7.608230113983154297e-01
9.744261503219604492e-01 9.738813042640686035e-01
8.244206905364990234e-01 8.237375020980834961e-01
9.113636612892150879e-01 9.109637141227722168e-01
8.778709173202514648e-01 8.773891925811767578e-01
9.480997323989868164e-01 9.475211501121520996e-01
8.772248029708862305e-01 8.767001032829284668e-01
9.296754598617553711e-01 9.294435977935791016e-01
9.130001068115234375e-01 9.129254817962646484e-01
9.135380387306213379e-01 9.131870269775390625e-01
7.900944948196411133e-01 7.899494171142578125e-01
8.993038535118103027e-01 8.996075391769409180e-01
7.982977032661437988e-01 7.976903319358825684e-01
7.577528953552246094e-01 7.569403052330017090e-01
8.281841278076171875e-01 8.278201222419738770e-01
7.609474062919616699e-01 7.589654922485351562e-01
9.244470596313476562e-01 9.245582222938537598e-01
8.574429750442504883e-01 8.580636978149414062e-01
9.044144153594970703e-01 9.041177034378051758e-01
8.835762143135070801e-01 8.833533525466918945e-01
7.244164347648620605e-01 7.243117094039916992e-01
7.945340871810913086e-01 7.942875027656555176e-01
7.685855627059936523e-01 7.688945531845092773e-01
7.914331555366516113e-01 7.897107601165771484e-01
9.291957616806030273e-01 9.290239810943603516e-01
7.265480160713195801e-01 7.256935834884643555e-01
8.316940069198608398e-01 8.305737376213073730e-01
8.474885225296020508e-01 8.473535776138305664e-01
7.580578923225402832e-01 7.570685744285583496e-01
8.364649415016174316e-01 8.357168436050415039e-01
7.847411632537841797e-01 7.840008139610290527e-01
7.614058256149291992e-01 7.612841725349426270e-01
9.121375679969787598e-01 9.121498465538024902e-01
7.589335441589355469e-01 7.571600079536437988e-01
8.026753067970275879e-01 8.020337820053100586e-01
8.236997127532958984e-01 8.241924643516540527e-01
8.232663869857788086e-01 8.226475715637207031e-01
8.025569319725036621e-01 8.020483851432800293e-01
7.596212625503540039e-01 7.570188045501708984e-01
9.410306215286254883e-01 9.404314160346984863e-01
7.270081639289855957e-01 7.243719696998596191e-01
8.211406469345092773e-01 8.209650516510009766e-01
8.514209985733032227e-01 8.512790203094482422e-01
9.047055244445800781e-01 9.043879508972167969e-01
9.197930097579956055e-01 9.192349910736083984e-01
9.384164214134216309e-01 9.379580616950988770e-01
7.265847921371459961e-01 7.259752750396728516e-01
9.918888211250305176e-01 9.915589690208435059e-01
8.149830698966979980e-01 8.152519464492797852e-01
9.052959680557250977e-01 9.059514999389648438e-01
7.830472588539123535e-01 7.824716567993164062e-01
8.294283151626586914e-01 8.304724097251892090e-01
7.866317629814147949e-01 7.863536477088928223e-01
9.262565374374389648e-01 9.264233112335205078e-01
8.676519989967346191e-01 8.670289516448974609e-01
7.982131242752075195e-01 7.965763807296752930e-01
7.735119462013244629e-01 7.733328342437744141e-01
7.606724500656127930e-01 7.597959041595458984e-01
9.016122817993164062e-01 9.012370109558105469e-01
8.757470250129699707e-01 8.761084079742431641e-01
8.369039297103881836e-01 8.358018398284912109e-01
7.922310233116149902e-01 7.919980287551879883e-01
8.386639356613159180e-01 8.381388783454895020e-01
9.301341772079467773e-01 9.293361306190490723e-01
8.571088910102844238e-01 8.562942743301391602e-01
8.367261290550231934e-01 8.366348147392272949e-01
9.315927624702453613e-01 9.316415786743164062e-01
9.943274259567260742e-01 9.939313530921936035e-01
7.269988059997558594e-01 7.255902886390686035e-01
8.430881500244140625e-01 8.428329825401306152e-01
9.973096847534179688e-01 9.966486692428588867e-01
7.638782858848571777e-01 7.635785341262817383e-01
7.554711103439331055e-01 7.546747326850891113e-01
9.423206448554992676e-01 9.419696927070617676e-01
8.510166406631469727e-01 8.506098985671997070e-01
8.520321249961853027e-01 8.514863252639770508e-01
8.325211405754089355e-01 8.322242498397827148e-01
9.011287093162536621e-01 9.006952643394470215e-01
8.298004269599914551e-01 8.307895064353942871e-01
9.808971285820007324e-01 9.807164072990417480e-01
8.606310486793518066e-01 8.603285551071166992e-01
8.763521909713745117e-01 8.747435212135314941e-01
8.992737531661987305e-01 8.989540338516235352e-01
7.270391583442687988e-01 7.247967720031738281e-01
8.779452443122863770e-01 8.772380352020263672e-01
7.817367911338806152e-01 7.806906104087829590e-01
8.811458945274353027e-01 8.804285526275634766e-01
8.050246834754943848e-01 8.044278025627136230e-01
9.241961836814880371e-01 9.233657717704772949e-01
8.508165478706359863e-01 8.497193455696105957e-01
9.386878013610839844e-01 9.381055831909179688e-01
8.031810522079467773e-01 8.016716241836547852e-01
8.353292942047119141e-01 8.344451785087585449e-01
9.373147487640380859e-01 9.368731975555419922e-01
8.200722336769104004e-01 8.209451436996459961e-01
8.571821451187133789e-01 8.571855425834655762e-01
8.024320006370544434e-01 8.016751408576965332e-01
8.624696731567382812e-01 8.616501092910766602e-01
8.913691043853759766e-01 8.907681703567504883e-01
1.010034322738647461e+00 1.008881926536560059e+00
9.154008626937866211e-01 9.151505231857299805e-01
9.568548798561096191e-01 9.563413262367248535e-01
7.886716127395629883e-01 7.875291705131530762e-01
9.175589084625244141e-01 9.169160723686218262e-01
9.055616259574890137e-01 9.045806527137756348e-01
8.264192342758178711e-01 8.264318108558654785e-01
7.867757678031921387e-01 7.861055731773376465e-01
7.610869407653808594e-01 7.607342004776000977e-01
8.946051597595214844e-01 8.939373493194580078e-01
9.126718044281005859e-01 9.118337035179138184e-01
8.313472270965576172e-01 8.312255740165710449e-01
8.084228038787841797e-01 8.081576824188232422e-01
7.898656129837036133e-01 7.891918420791625977e-01
8.285037875175476074e-01 8.278477787971496582e-01
9.551533460617065430e-01 9.546628594398498535e-01
7.854375839233398438e-01 7.837344408035278320e-01
9.112099409103393555e-01 9.108404517173767090e-01
7.623469829559326172e-01 7.622717618942260742e-01
7.909750938415527344e-01 7.908661961555480957e-01
9.231575727462768555e-01 9.228688478469848633e-01
7.826334238052368164e-01 7.830222845077514648e-01
8.266899585723876953e-01 8.262071609497070312e-01
7.843605279922485352e-01 7.836889624595642090e-01
8.732381463050842285e-01 8.722016215324401855e-01
8.373298048973083496e-01 8.369383215904235840e-01
9.286735057830810547e-01 9.284267425537109375e-01
7.719417810440063477e-01 7.706475257873535156e-01
9.968600869178771973e-01 9.965735077857971191e-01
7.607581615447998047e-01 7.593753933906555176e-01
7.971156835556030273e-01 7.965127825736999512e-01
9.350987672805786133e-01 9.355992078781127930e-01
8.584128618240356445e-01 8.586289286613464355e-01
9.090045690536499023e-01 9.090359210968017578e-01
7.693954706192016602e-01 7.701088190078735352e-01
9.910268783569335938e-01 9.911931753158569336e-01
9.393371343612670898e-01 9.389823079109191895e-01
7.715414762496948242e-01 7.715063095092773438e-01
8.282388448715209961e-01 8.276781439781188965e-01
7.821589708328247070e-01 7.820525765419006348e-01
9.022075533866882324e-01 9.014653563499450684e-01
7.731988430023193359e-01 7.709100842475891113e-01
9.066893458366394043e-01 9.061129689216613770e-01
8.253756761550903320e-01 8.251715302467346191e-01
8.409594297409057617e-01 8.403478860855102539e-01
8.503564596176147461e-01 8.500394821166992188e-01
8.543387055397033691e-01 8.545203208923339844e-01
8.344275355339050293e-01 8.333379626274108887e-01
7.687966227531433105e-01 7.690212130546569824e-01
9.309072494506835938e-01 9.307103753089904785e-01
9.586048126220703125e-01 9.587950110435485840e-01
7.278268337249755859e-01 7.263052463531494141e-01
9.352034330368041992e-01 9.345344305038452148e-01
8.018946051597595215e-01 8.012219667434692383e-01
7.894655466079711914e-01 7.894477248191833496e-01
7.824755311012268066e-01 7.826380729675292969e-01
8.711350560188293457e-01 8.703294992446899414e-01
8.319694995880126953e-01 8.313120603561401367e-01
7.801128625869750977e-01 7.797067761421203613e-01
9.666128158569335938e-01 9.664974212646484375e-01
7.745770215988159180e-01 7.728909850120544434e-01
8.464832901954650879e-01 8.465591073036193848e-01
8.546382784843444824e-01 8.549778461456298828e-01
8.469204902648925781e-01 8.471063971519470215e-01
8.949347138404846191e-01 8.943733572959899902e-01
9.335586428642272949e-01 9.331675171852111816e-01
7.719010710716247559e-01 7.728000283241271973e-01
9.193410873413085938e-01 9.190390706062316895e-01
7.266414165496826172e-01 7.246623039245605469e-01
8.734165430068969727e-01 8.728196024894714355e-01
8.617184162139892578e-01 8.612285256385803223e-01
9.103906154632568359e-01 9.099770188331604004e-01
9.489740133285522461e-01 9.493532776832580566e-01
8.656740784645080566e-01 8.654273152351379395e-01
8.210965394973754883e-01 8.212972879409790039e-01
8.021526336669921875e-01 8.013335466384887695e-01
7.216422557830810547e-01 7.222038507461547852e-01
8.702960014343261719e-01 8.698158860206604004e-01
9.274728298187255859e-01 9.272820353507995605e-01
8.450018763542175293e-01 8.452860116958618164e-01
9.334309697151184082e-01 9.330065250396728516e-01
7.897825837135314941e-01 7.892678380012512207e-01
8.760001659393310547e-01 8.757678270339965820e-01
7.741957902908325195e-01 7.701091170310974121e-01
9.368910193443298340e-01 9.362407922744750977e-01
7.226561307907104492e-01 7.223540544509887695e-01
8.955900073051452637e-01 8.946129679679870605e-01
7.898110151290893555e-01 7.887610793113708496e-01
9.868617653846740723e-01 9.864482879638671875e-01
9.329382777214050293e-01 9.321134090423583984e-01
9.120988845825195312e-01 9.115115404129028320e-01
9.256239533424377441e-01 9.255979657173156738e-01
9.188266396522521973e-01 9.185731410980224609e-01
9.215816259384155273e-01 9.202010035514831543e-01
9.931724071502685547e-01 9.927523732185363770e-01
9.456711411476135254e-01 9.451149106025695801e-01
8.492177724838256836e-01 8.487505316734313965e-01
9.011056423187255859e-01 9.005474448204040527e-01
8.379098176956176758e-01 8.369506001472473145e-01
9.023436903953552246e-01 9.018437266349792480e-01
8.726021647453308105e-01 8.721448183059692383e-01
7.828718423843383789e-01 7.807937264442443848e-01
8.439143896102905273e-01 8.436106443405151367e-01
9.009791612625122070e-01 8.999046087265014648e-01
9.307394623756408691e-01 9.305818080902099609e-01
8.241132497787475586e-01 8.234882354736328125e-01
7.226669788360595703e-01 7.221836447715759277e-01
8.345814943313598633e-01 8.341808915138244629e-01
9.156847000122070312e-01 9.149067401885986328e-01
8.702226281166076660e-01 8.696152567863464355e-01
8.393599390983581543e-01 8.382492065429687500e-01
9.753801822662353516e-01 9.753620624542236328e-01
9.402236938476562500e-01 9.396889209747314453e-01
8.672065734863281250e-01 8.668684959411621094e-01
8.303728699684143066e-01 8.295649886131286621e-01
8.557665348052978516e-01 8.559027910232543945e-01
8.417763710021972656e-01 8.414778113365173340e-01
7.227133512496948242e-01 7.234897017478942871e-01
8.529381752014160156e-01 8.516411781311035156e-01
7.699156403541564941e-01 7.708562612533569336e-01
9.515436887741088867e-01 9.511964321136474609e-01
7.566196918487548828e-01 7.570794224739074707e-01
8.272817134857177734e-01 8.267517089843750000e-01
9.359943270683288574e-01 9.354771375656127930e-01
9.048277139663696289e-01 9.049330353736877441e-01
8.394080400466918945e-01 8.389006853103637695e-01
7.837406992912292480e-01 7.838098406791687012e-01
8.877158761024475098e-01 8.869725465774536133e-01
8.961967229843139648e-01 8.960004448890686035e-01
1.003690481185913086e+00 1.003294944763183594e+00
9.373432993888854980e-01 9.373139142990112305e-01
8.951234817504882812e-01 8.946724534034729004e-01
8.469544649124145508e-01 8.467725515365600586e-01
8.327841162681579590e-01 8.355705738067626953e-01
8.333163857460021973e-01 8.332828283309936523e-01
8.777612447738647461e-01 8.776081204414367676e-01
9.195604324340820312e-01 9.194701910018920898e-01
8.036164641380310059e-01 8.022509813308715820e-01
7.732322812080383301e-01 7.722542881965637207e-01
9.220705628395080566e-01 9.218403100967407227e-01
9.435428977012634277e-01 9.436098933219909668e-01
8.685886263847351074e-01 8.683274984359741211e-01
7.550686001777648926e-01 7.560651898384094238e-01
8.298126459121704102e-01 8.294654488563537598e-01
8.263412714004516602e-01 8.245479464530944824e-01
8.517591953277587891e-01 8.511415123939514160e-01
8.872012495994567871e-01 8.872171640396118164e-01
9.254667162895202637e-01 9.240161180496215820e-01
7.630767226219177246e-01 7.623035907745361328e-01
9.179033041000366211e-01 9.175857901573181152e-01
7.231470346450805664e-01 7.227338552474975586e-01
9.678275585174560547e-01 9.670984148979187012e-01
8.460338711738586426e-01 8.457571268081665039e-01
8.434384465217590332e-01 8.431366086006164551e-01
9.007264971733093262e-01 9.007364511489868164e-01
8.878158330917358398e-01 8.873367905616760254e-01
9.162899255752563477e-01 9.158942103385925293e-01
7.271709442138671875e-01 7.247679233551025391e-01
9.025249481201171875e-01 9.026440382003784180e-01
8.317058086395263672e-01 8.314127326011657715e-01
8.367181420326232910e-01 8.369605541229248047e-01
7.607173323631286621e-01 7.626268267631530762e-01
8.634364604949951172e-01 8.616081476211547852e-01
7.552717328071594238e-01 7.559939622879028320e-01
9.210712313652038574e-01 9.206053614616394043e-01
8.273050785064697266e-01 8.265900611877441406e-01
8.345853090286254883e-01 8.346144556999206543e-01
9.689686298370361328e-01 9.682347774505615234e-01
8.859173655509948730e-01 8.857367038726806641e-01
7.921517491340637207e-01 7.916446328163146973e-01
8.646942377090454102e-01 8.642022013664245605e-01
7.270444631576538086e-01 7.246820330619812012e-01
7.890552878379821777e-01 7.885752916336059570e-01
7.710751295089721680e-01 7.714749574661254883e-01
7.924180626869201660e-01 7.924941182136535645e-01
8.462442159652709961e-01 8.458840847015380859e-01
8.525823950767517090e-01 8.525424003601074219e-01
7.239116430282592773e-01 7.237064242362976074e-01
8.733413815498352051e-01 8.717188239097595215e-01
9.319754838943481445e-01 9.316896796226501465e-01
8.930135965347290039e-01 8.920781016349792480e-01
8.764799237251281738e-01 8.762034177780151367e-01
7.561138868331909180e-01 7.566962838172912598e-01
9.968048334121704102e-01 9.961913824081420898e-01
8.093350529670715332e-01 8.097113966941833496e-01
8.465586900711059570e-01 8.459932804107666016e-01
9.348032474517822266e-01 9.345436692237854004e-01
8.848091363906860352e-01 8.846695423126220703e-01
8.889604806900024414e-01 8.883653283119201660e-01
9.033799171447753906e-01 9.021533727645874023e-01
7.592703700065612793e-01 7.568345069885253906e-01
8.735261559486389160e-01 8.728181123733520508e-01
9.639089703559875488e-01 9.634360671043395996e-01
9.394932985305786133e-01 9.396944046020507812e-01
9.557155966758728027e-01 9.558044672012329102e-01
8.819679021835327148e-01 8.820825815200805664e-01
9.628672003746032715e-01 9.625287652015686035e-01
9.209664463996887207e-01 9.209410548210144043e-01
8.344949483871459961e-01 8.339313864707946777e-01
8.287174701690673828e-01 8.276044130325317383e-01
8.832813501358032227e-01 8.840474486351013184e-01
9.378963112831115723e-01 9.375664591789245605e-01
9.723838567733764648e-01 9.719037413597106934e-01
8.744120001792907715e-01 8.743884563446044922e-01
9.750193357467651367e-01 9.744155406951904297e-01
7.226306200027465820e-01 7.233650684356689453e-01
7.600105404853820801e-01 7.589120268821716309e-01
8.463696241378784180e-01 8.465326428413391113e-01
7.626616954803466797e-01 7.621968984603881836e-01
8.905697464942932129e-01 8.907868266105651855e-01
8.359308242797851562e-01 8.347064852714538574e-01
9.024888277053833008e-01 9.020684361457824707e-01
8.024008870124816895e-01 8.021038770675659180e-01
9.307912588119506836e-01 9.296222925186157227e-01
8.760557770729064941e-01 8.748197555541992188e-01
8.362174034118652344e-01 8.367618918418884277e-01
9.069395661354064941e-01 9.069961905479431152e-01
9.724276065826416016e-01 9.722298383712768555e-01
8.718428611755371094e-01 8.720498681068420410e-01
8.751177191734313965e-01 8.742343187332153320e-01
1.008925676345825195e+00 1.008810043334960938e+00
9.483200311660766602e-01 9.469549059867858887e-01
8.488889932632446289e-01 8.486408591270446777e-01
7.615111470222473145e-01 7.608956098556518555e-01
8.233743906021118164e-01 8.247287869453430176e-01
9.327068328857421875e-01 9.320748448371887207e-01
9.251462221145629883e-01 9.243832826614379883e-01
9.308602213859558105e-01 9.304597973823547363e-01
9.009843468666076660e-01 9.005134105682373047e-01
8.681482672691345215e-01 8.681040406227111816e-01
7.881076335906982422e-01 7.881383299827575684e-01
8.920596837997436523e-01 8.921363949775695801e-01
9.387930035591125488e-01 9.380916357040405273e-01
8.792357444763183594e-01 8.785351514816284180e-01
9.617445468902587891e-01 9.614902138710021973e-01
8.926109075546264648e-01 8.920590877532958984e-01
7.991850972175598145e-01 7.981929183006286621e-01
8.312155008316040039e-01 8.311728835105895996e-01
8.455436229705810547e-01 8.448544740676879883e-01
8.758515119552612305e-01 8.736198544502258301e-01
7.812251448631286621e-01 7.805942893028259277e-01
7.595111727714538574e-01 7.577452063560485840e-01
9.674503207206726074e-01 9.670076370239257812e-01
8.519294857978820801e-01 8.523544073104858398e-01
8.957369923591613770e-01 8.956210613250732422e-01
7.607993483543395996e-01 7.617276310920715332e-01
7.835618257522583008e-01 7.823944091796875000e-01
7.981168031692504883e-01 7.984429001808166504e-01
9.162428379058837891e-01 9.158240556716918945e-01
8.513408899307250977e-01 8.508488535881042480e-01
8.750113248825073242e-01 8.744877576828002930e-01
8.847089409828186035e-01 8.843528032302856445e-01
7.623587846755981445e-01 7.603501677513122559e-01
7.268605232238769531e-01 7.258355021476745605e-01
8.282637596130371094e-01 8.271952867507934570e-01
9.536255002021789551e-01 9.534053802490234375e-01
8.726586699485778809e-01 8.724194169044494629e-01
8.474326729774475098e-01 8.460227251052856445e-01
9.024332165718078613e-01 9.018330574035644531e-01
7.222990989685058594e-01 7.254340648651123047e-01
9.015793204307556152e-01 9.012169241905212402e-01
8.872678279876708984e-01 8.871780037879943848e-01
9.155994057655334473e-01 9.154469370841979980e-01
8.730390071868896484e-01 8.727145791053771973e-01
8.621767163276672363e-01 8.623220920562744141e-01
8.028982281684875488e-01 8.026022911071777344e-01
8.648225069046020508e-01 8.638824224472045898e-01
8.971725702285766602e-01 8.959781527519226074e-01
7.924675345420837402e-01 7.919074296951293945e-01
8.896520733833312988e-01 8.887822031974792480e-01
8.764345049858093262e-01 8.762982487678527832e-01
7.991940975189208984e-01 7.988472580909729004e-01
7.716241478919982910e-01 7.718243598937988281e-01
7.761859893798828125e-01 7.747193574905395508e-01
8.025744557380676270e-01 8.011941313743591309e-01
9.320501685142517090e-01 9.314296841621398926e-01
7.861139178276062012e-01 7.837981581687927246e-01
7.276062965393066406e-01 7.249097228050231934e-01
8.233562111854553223e-01 8.235517740249633789e-01
7.854144573211669922e-01 7.850863337516784668e-01
7.880966663360595703e-01 7.863698005676269531e-01
7.937957048416137695e-01 7.919517755508422852e-01
7.974423766136169434e-01 7.971329689025878906e-01
8.696234226226806641e-01 8.690183162689208984e-01
7.984687089920043945e-01 7.980737090110778809e-01
9.820338487625122070e-01 9.817579984664916992e-01
8.758901357650756836e-01 8.764165639877319336e-01
7.988738417625427246e-01 7.984948158264160156e-01
8.838768005371093750e-01 8.845088481903076172e-01
7.265597581863403320e-01 7.245988249778747559e-01
8.528747558593750000e-01 8.523170948028564453e-01
8.800292015075683594e-01 8.793986439704895020e-01
9.030621051788330078e-01 9.025512933731079102e-01
8.834753632545471191e-01 8.833719491958618164e-01
8.642299771308898926e-01 8.643115162849426270e-01
7.596312761306762695e-01 7.562251091003417969e-01
7.234030961990356445e-01 7.241888642311096191e-01
8.260084390640258789e-01 8.258601427078247070e-01
8.870319128036499023e-01 8.866665959358215332e-01
9.644702076911926270e-01 9.648543596267700195e-01
7.229558229446411133e-01 7.229989171028137207e-01
7.899342179298400879e-01 7.894750237464904785e-01
8.850337862968444824e-01 8.848341703414916992e-01
8.261017799377441406e-01 8.260393738746643066e-01
7.985619306564331055e-01 7.993223667144775391e-01
9.114743471145629883e-01 9.112278223037719727e-01
9.013738036155700684e-01 9.011745452880859375e-01
8.709981441497802734e-01 8.706100583076477051e-01
8.422999382019042969e-01 8.416861891746520996e-01
7.871664762496948242e-01 7.873193621635437012e-01
7.734485864639282227e-01 7.716736197471618652e-01
9.150028228759765625e-01 9.143413305282592773e-01
8.083120584487915039e-01 8.080817461013793945e-01
7.923038005828857422e-01 7.904580831527709961e-01
8.946861028671264648e-01 8.943153023719787598e-01
8.221678137779235840e-01 8.228155970573425293e-01
8.434388637542724609e-01 8.436408042907714844e-01
9.355546236038208008e-01 9.350202083587646484e-01
9.084053635597229004e-01 9.077932238578796387e-01
7.593594193458557129e-01 7.575843930244445801e-01
8.711214065551757812e-01 8.705386519432067871e-01
7.230910062789916992e-01 7.237862348556518555e-01
8.243554234504699707e-01 8.248828649520874023e-01
8.244343996047973633e-01 8.225464224815368652e-01
7.737400531768798828e-01 7.718656063079833984e-01
8.988813757896423340e-01 8.987380862236022949e-01
9.384295940399169922e-01 9.381742477416992188e-01
9.094390273094177246e-01 9.095684289932250977e-01
8.728051185607910156e-01 8.727986216545104980e-01
8.451011180877685547e-01 8.447598814964294434e-01
9.225521087646484375e-01 9.224256873130798340e-01
8.043398857116699219e-01 8.034958243370056152e-01
9.338181018829345703e-01 9.329414367675781250e-01
7.622151970863342285e-01 7.626059055328369141e-01
9.147577881813049316e-01 9.139071702957153320e-01
9.337675571441650391e-01 9.331789016723632812e-01
8.774144053459167480e-01 8.771480321884155273e-01
8.719848394393920898e-01 8.713585138320922852e-01
9.951844215393066406e-01 9.949046969413757324e-01
7.649403810501098633e-01 7.637196183204650879e-01
7.283171415328979492e-01 7.270550131797790527e-01
9.654584527015686035e-01 9.649488329887390137e-01
9.114127159118652344e-01 9.110015034675598145e-01
9.196930527687072754e-01 9.190716147422790527e-01
7.891725301742553711e-01 7.896708846092224121e-01
9.237134456634521484e-01 9.229013919830322266e-01
9.405557513236999512e-01 9.400880932807922363e-01
7.920031547546386719e-01 7.919121384620666504e-01
7.265180349349975586e-01 7.258710861206054688e-01
9.170132875442504883e-01 9.166122674942016602e-01
8.529288768768310547e-01 8.519412279129028320e-01
7.732473611831665039e-01 7.719741463661193848e-01
8.786281943321228027e-01 8.788247704505920410e-01
8.041051626205444336e-01 8.035859465599060059e-01
8.040857315063476562e-01 8.035106658935546875e-01
8.881585001945495605e-01 8.873537182807922363e-01
9.923892021179199219e-01 9.920392036437988281e-01
8.865588903427124023e-01 8.860935568809509277e-01
8.928529620170593262e-01 8.920271992683410645e-01
8.760472536087036133e-01 8.752106428146362305e-01
8.803995847702026367e-01 8.800883889198303223e-01
8.165093660354614258e-01 8.150998950004577637e-01
9.288684725761413574e-01 9.276033043861389160e-01
8.818725943565368652e-01 8.815224170684814453e-01
9.318400621414184570e-01 9.316611886024475098e-01
7.822594046592712402e-01 7.822208404541015625e-01
8.518648743629455566e-01 8.516815900802612305e-01
8.383271694183349609e-01 8.376187682151794434e-01
8.520739078521728516e-01 8.518152832984924316e-01
9.298916459083557129e-01 9.294669628143310547e-01
8.750762939453125000e-01 8.753619194030761719e-01
9.095795154571533203e-01 9.085012078285217285e-01
8.374737501144409180e-01 8.372747302055358887e-01
8.618364930152893066e-01 8.608174920082092285e-01
9.114756584167480469e-01 9.104533195495605469e-01
9.138444662094116211e-01 9.135809540748596191e-01
8.516518473625183105e-01 8.514411449432373047e-01
9.100441932678222656e-01 9.098744988441467285e-01
9.305115342140197754e-01 9.300536513328552246e-01
7.257369756698608398e-01 7.256405949592590332e-01
9.042278528213500977e-01 9.041088223457336426e-01
9.333488941192626953e-01 9.331718087196350098e-01
9.445580244064331055e-01 9.443641901016235352e-01
8.267329931259155273e-01 8.258638381958007812e-01
9.659278988838195801e-01 9.651278853416442871e-01
7.546554803848266602e-01 7.560499310493469238e-01
8.635692596435546875e-01 8.614733815193176270e-01
7.972031831741333008e-01 7.969285249710083008e-01
7.820756435394287109e-01 7.814131975173950195e-01
8.384839296340942383e-01 8.378785252571105957e-01
8.832004070281982422e-01 8.830867409706115723e-01
8.223213553428649902e-01 8.223182559013366699e-01
9.779301285743713379e-01 9.783183336257934570e-01
8.770123720169067383e-01 8.765691518783569336e-01
8.267481327056884766e-01 8.262144327163696289e-01
8.643525838851928711e-01 8.633214235305786133e-01
9.400256872177124023e-01 9.392585158348083496e-01
8.683690428733825684e-01 8.670033216476440430e-01
8.812679052352905273e-01 8.810229897499084473e-01
7.254050970077514648e-01 7.249249815940856934e-01
9.280679225921630859e-01 9.273300170898437500e-01
8.696219325065612793e-01 8.687087297439575195e-01
7.279193997383117676e-01 7.273233532905578613e-01
9.629119634628295898e-01 9.619640111923217773e-01
7.788112759590148926e-01 7.797346115112304688e-01
8.928511142730712891e-01 8.929076790809631348e-01
9.254873394966125488e-01 9.249535202980041504e-01
9.623696208000183105e-01 9.613597393035888672e-01
9.604694247245788574e-01 9.600653648376464844e-01
9.123783111572265625e-01 9.113798737525939941e-01
8.275426626205444336e-01 8.266453146934509277e-01
8.217639327049255371e-01 8.222518563270568848e-01
8.776938915252685547e-01 8.772912621498107910e-01
9.019010066986083984e-01 9.006441831588745117e-01
7.548372149467468262e-01 7.560423016548156738e-01
9.062893390655517578e-01 9.055552482604980469e-01
8.341847658157348633e-01 8.342061638832092285e-01
8.451009392738342285e-01 8.450269103050231934e-01
9.640578627586364746e-01 9.638231396675109863e-01
7.882805466651916504e-01 7.877789139747619629e-01
7.282496690750122070e-01 7.267599105834960938e-01
9.248049259185791016e-01 9.241511821746826172e-01
9.084196090698242188e-01 9.079954624176025391e-01
7.635169029235839844e-01 7.627785205841064453e-01
8.361431956291198730e-01 8.359427452087402344e-01
8.639009594917297363e-01 8.646850585937500000e-01
8.243368268013000488e-01 8.231555223464965820e-01
8.015739917755126953e-01 8.015273213386535645e-01
9.284310936927795410e-01 9.283392429351806641e-01
8.944373130798339844e-01 8.937483429908752441e-01
7.268705368041992188e-01 7.250778675079345703e-01
8.870486021041870117e-01 8.862829804420471191e-01
7.830047607421875000e-01 7.819589972496032715e-01
8.555228710174560547e-01 8.554469943046569824e-01
9.225111603736877441e-01 9.225567579269409180e-01
8.832064867019653320e-01 8.830221295356750488e-01
9.423018097877502441e-01 9.418529868125915527e-01
8.460325598716735840e-01 8.468272686004638672e-01
9.402921795845031738e-01 9.401056766510009766e-01
8.534780740737915039e-01 8.515407443046569824e-01
9.790360331535339355e-01 9.782707691192626953e-01
8.877110481262207031e-01 8.874194622039794922e-01
8.332449197769165039e-01 8.330696225166320801e-01
8.352888822555541992e-01 8.350731134414672852e-01
9.224407672882080078e-01 9.222559332847595215e-01
8.760958909988403320e-01 8.749170899391174316e-01
9.030690789222717285e-01 9.027352333068847656e-01
9.451484680175781250e-01 9.447939991950988770e-01
9.718670845031738281e-01 9.712139368057250977e-01
7.683445215225219727e-01 7.683665156364440918e-01
7.268103361129760742e-01 7.251057624816894531e-01
8.711338043212890625e-01 8.705145716667175293e-01
8.579068183898925781e-01 8.564364314079284668e-01
8.184249997138977051e-01 8.182058334350585938e-01
7.821902632713317871e-01 7.816610932350158691e-01
9.092050790786743164e-01 9.081790447235107422e-01
9.761928915977478027e-01 9.759427905082702637e-01
8.479052782058715820e-01 8.471797704696655273e-01
1.032750964164733887e+00 1.033081889152526855e+00
8.480768799781799316e-01 8.475710153579711914e-01
7.786936163902282715e-01 7.791081666946411133e-01
8.998985886573791504e-01 8.992971777915954590e-01
8.373129367828369141e-01 8.371075987815856934e-01
7.696641683578491211e-01 7.698199748992919922e-01
7.263360619544982910e-01 7.254016995429992676e-01
8.078647255897521973e-01 8.086224794387817383e-01
7.227614521980285645e-01 7.235525250434875488e-01
7.623900175094604492e-01 7.627142071723937988e-01
9.285604357719421387e-01 9.276140928268432617e-01
8.495222926139831543e-01 8.486412167549133301e-01
1.015897989273071289e+00 1.015707731246948242e+00
7.275323867797851562e-01 7.271970510482788086e-01
8.854225277900695801e-01 8.846493363380432129e-01
7.836265563964843750e-01 7.837671041488647461e-01
7.273705601692199707e-01 7.254366874694824219e-01
7.863010168075561523e-01 7.849335074424743652e-01
7.924402952194213867e-01 7.917107343673706055e-01
8.785336017608642578e-01 8.782900571823120117e-01
7.980899214744567871e-01 7.974277734756469727e-01
8.456672430038452148e-01 8.447465300559997559e-01
8.522854447364807129e-01 8.518614768981933594e-01
7.922880649566650391e-01 7.912932038307189941e-01
8.810951709747314453e-01 8.802350759506225586e-01
8.556340932846069336e-01 8.555061221122741699e-01
8.237548470497131348e-01 8.237243294715881348e-01
8.774265050888061523e-01 8.759559392929077148e-01
7.275830507278442383e-01 7.268972396850585938e-01
8.617426156997680664e-01 8.602038621902465820e-01
7.568272352218627930e-01 7.557621598243713379e-01
8.830804228782653809e-01 8.818405866622924805e-01
9.587235450744628906e-01 9.581290483474731445e-01
8.385433554649353027e-01 8.365932703018188477e-01
7.225587368011474609e-01 7.223616242408752441e-01
8.605155944824218750e-01 8.603240847587585449e-01
9.066802263259887695e-01 9.061590433120727539e-01
8.192530870437622070e-01 8.189377188682556152e-01
8.970285058021545410e-01 8.966794013977050781e-01
8.847810029983520508e-01 8.828029036521911621e-01
8.315104246139526367e-01 8.312030434608459473e-01
8.767158389091491699e-01 8.771044015884399414e-01
7.263138294219970703e-01 7.257439494132995605e-01
8.942207694053649902e-01 8.940130472183227539e-01
7.270734906196594238e-01 7.250908613204956055e-01
8.760148286819458008e-01 8.754969239234924316e-01
8.262836337089538574e-01 8.261255025863647461e-01
9.177669882774353027e-01 9.166221618652343750e-01
9.228591918945312500e-01 9.226844310760498047e-01
9.289603233337402344e-01 9.283586144447326660e-01
8.393452763557434082e-01 8.384881615638732910e-01
7.646596431732177734e-01 7.625266313552856445e-01
9.236304759979248047e-01 9.229666590690612793e-01
9.046043157577514648e-01 9.041451215744018555e-01
7.274878025054931641e-01 7.254763245582580566e-01
9.426801204681396484e-01 9.427238702774047852e-01
9.026370644569396973e-01 9.023949503898620605e-01
9.161015748977661133e-01 9.156696796417236328e-01
7.264401316642761230e-01 7.266030311584472656e-01
8.572707176208496094e-01 8.573435544967651367e-01
9.704385399818420410e-01 9.699682593345642090e-01
7.750491499900817871e-01 7.746983766555786133e-01
7.264157533645629883e-01 7.257473468780517578e-01
7.565670609474182129e-01 7.569556832313537598e-01
7.941570281982421875e-01 7.928658723831176758e-01
9.032802581787109375e-01 9.032624959945678711e-01
7.664083242416381836e-01 7.649560570716857910e-01
8.827966451644897461e-01 8.824728131294250488e-01
9.206000566482543945e-01 9.191554784774780273e-01
7.685360312461853027e-01 7.698594331741333008e-01
8.654370903968811035e-01 8.657484650611877441e-01
8.551324009895324707e-01 8.552781343460083008e-01
7.729713916778564453e-01 7.712265849113464355e-01
9.569571018218994141e-01 9.563589096069335938e-01
8.728888034820556641e-01 8.724197149276733398e-01
7.265409231185913086e-01 7.263634204864501953e-01
8.603532910346984863e-01 8.597324490547180176e-01
9.396759867668151855e-01 9.388480186462402344e-01
9.394960999488830566e-01 9.389668107032775879e-01
8.809071779251098633e-01 8.809092640876770020e-01
7.857676744461059570e-01 7.859707474708557129e-01
9.018580317497253418e-01 9.015657901763916016e-01
7.804921865463256836e-01 7.793441414833068848e-01
1.029134631156921387e+00 1.028680205345153809e+00
9.621319770812988281e-01 9.617505669593811035e-01
7.832968235015869141e-01 7.836071252822875977e-01
8.312799930572509766e-01 8.290100693702697754e-01
8.864173889160156250e-01 8.862619400024414062e-01
9.413920044898986816e-01 9.405609369277954102e-01
7.702248096466064453e-01 7.709142565727233887e-01
9.669672250747680664e-01 9.666191339492797852e-01
9.915148019790649414e-01 9.908037185668945312e-01
8.501713275909423828e-01 8.504583239555358887e-01
9.504422545433044434e-01 9.496058821678161621e-01
9.061318635940551758e-01 9.063688516616821289e-01
9.141972064971923828e-01 9.136756658554077148e-01
9.539601802825927734e-01 9.537093043327331543e-01
7.987662553787231445e-01 7.981584072113037109e-01
9.500184655189514160e-01 9.499409794807434082e-01
8.580216169357299805e-01 8.577710390090942383e-01
9.640288949012756348e-01 9.632132649421691895e-01
9.436630606651306152e-01 9.437516331672668457e-01
7.267950177192687988e-01 7.260006070137023926e-01
7.593820095062255859e-01 7.583074569702148438e-01
8.486264944076538086e-01 8.477824926376342773e-01
9.051273465156555176e-01 9.044695496559143066e-01
9.481309652328491211e-01 9.479125738143920898e-01
8.672734498977661133e-01 8.674447536468505859e-01
9.233740568161010742e-01 9.234765172004699707e-01
9.739270806312561035e-01 9.738112688064575195e-01
8.546723127365112305e-01 8.544291853904724121e-01
8.324692249298095703e-01 8.301504850387573242e-01
9.093241691589355469e-01 9.091947674751281738e-01
8.144635558128356934e-01 8.155512809753417969e-01
8.552967309951782227e-01 8.545858263969421387e-01
8.604446649551391602e-01 8.602303862571716309e-01
8.736915588378906250e-01 8.727070093154907227e-01
7.592481970787048340e-01 7.583256959915161133e-01
8.306447863578796387e-01 8.300083875656127930e-01
8.512019515037536621e-01 8.508867025375366211e-01
9.124976992607116699e-01 9.126864671707153320e-01
7.228482961654663086e-01 7.240561246871948242e-01
8.572750091552734375e-01 8.574809432029724121e-01
8.510250449180603027e-01 8.505374789237976074e-01
7.587787508964538574e-01 7.579334378242492676e-01
8.820754885673522949e-01 8.819571137428283691e-01
7.754356861114501953e-01 7.732173800468444824e-01
9.341260790824890137e-01 9.332935214042663574e-01
8.356767296791076660e-01 8.350878953933715820e-01
8.889583945274353027e-01 8.883861899375915527e-01
8.777294158935546875e-01 8.754649758338928223e-01
8.341048359870910645e-01 8.336204290390014648e-01
9.119242429733276367e-01 9.112707376480102539e-01
7.867385149002075195e-01 7.866932749748229980e-01
8.207987546920776367e-01 8.199486136436462402e-01
8.339956402778625488e-01 8.332484364509582520e-01
8.389433622360229492e-01 8.381131291389465332e-01
8.807444572448730469e-01 8.799400329589843750e-01
8.243565559387207031e-01 8.240003585815429688e-01
8.862874507904052734e-01 8.852834701538085938e-01
9.275518059730529785e-01 9.265384078025817871e-01
7.719389200210571289e-01 7.716476321220397949e-01
9.008534550666809082e-01 9.003737568855285645e-01
9.021468758583068848e-01 9.016222357749938965e-01
8.737654685974121094e-01 8.731393814086914062e-01
8.226219415664672852e-01 8.213887810707092285e-01
7.984737753868103027e-01 7.977853417396545410e-01
7.740902900695800781e-01 7.735252976417541504e-01
8.071277141571044922e-01 8.074321746826171875e-01
8.463842272758483887e-01 8.458187580108642578e-01
8.465613722801208496e-01 8.465452790260314941e-01
8.034337759017944336e-01 8.022873997688293457e-01
8.828173875808715820e-01 8.824893832206726074e-01
9.223213195800781250e-01 9.220661520957946777e-01
9.793749451637268066e-01 9.791190624237060547e-01
8.929084539413452148e-01 8.929096460342407227e-01
9.269827604293823242e-01 9.259469509124755859e-01
8.997860550880432129e-01 8.990411758422851562e-01
7.595233321189880371e-01 7.590395212173461914e-01
9.359095692634582520e-01 9.355729222297668457e-01
8.037074804306030273e-01 8.024729490280151367e-01
8.322756886482238770e-01 8.275528550148010254e-01
8.336405754089355469e-01 8.326104879379272461e-01
8.519453406333923340e-01 8.514365553855895996e-01
9.499823451042175293e-01 9.497246146202087402e-01
7.628598809242248535e-01 7.635021209716796875e-01
9.015492200851440430e-01 9.015768766403198242e-01
9.222135543823242188e-01 9.216830134391784668e-01
8.005455732345581055e-01 8.004316091537475586e-01
8.383518457412719727e-01 8.352797031402587891e-01
7.929695248603820801e-01 7.927917838096618652e-01
7.857992649078369141e-01 7.859711050987243652e-01
8.355005979537963867e-01 8.357831239700317383e-01
9.035905003547668457e-01 9.032337665557861328e-01
8.510998487472534180e-01 8.505520224571228027e-01
9.654939174652099609e-01 9.657713174819946289e-01
7.845621109008789062e-01 7.842094898223876953e-01
7.640064358711242676e-01 7.627660632133483887e-01
8.807682991027832031e-01 8.811508417129516602e-01
8.223208785057067871e-01 8.217555284500122070e-01
7.639615535736083984e-01 7.636420130729675293e-01
8.654189705848693848e-01 8.655319213867187500e-01
7.874221801757812500e-01 7.864586114883422852e-01
8.038603067398071289e-01 8.032383322715759277e-01
8.362769484519958496e-01 8.364157080650329590e-01
9.149100780487060547e-01 9.142314791679382324e-01
8.648381829261779785e-01 8.635489940643310547e-01
8.213203549385070801e-01 8.236892819404602051e-01
9.011721611022949219e-01 9.007127881050109863e-01
8.733462095260620117e-01 8.722829222679138184e-01
8.658853173255920410e-01 8.646961450576782227e-01
9.028522372245788574e-01 9.021731615066528320e-01
8.783554434776306152e-01 8.783252835273742676e-01
8.851885795593261719e-01 8.845084905624389648e-01
9.485756158828735352e-01 9.478745460510253906e-01
7.722232937812805176e-01 7.723544836044311523e-01
7.720122933387756348e-01 7.717378735542297363e-01
9.377219080924987793e-01 9.374388456344604492e-01
7.638230323791503906e-01 7.624115943908691406e-01
9.082502126693725586e-01 9.080806970596313477e-01
9.117233157157897949e-01 9.113852381706237793e-01
7.923221588134765625e-01 7.915737032890319824e-01
8.595509529113769531e-01 8.589028120040893555e-01
7.858463525772094727e-01 7.847408652305603027e-01
8.319408297538757324e-01 8.313863277435302734e-01
8.899005651473999023e-01 8.906958699226379395e-01
8.871292471885681152e-01 8.867509365081787109e-01
8.075953125953674316e-01 8.072781562805175781e-01
7.274984121322631836e-01 7.266806960105895996e-01
8.373067378997802734e-01 8.350843191146850586e-01
8.064293861389160156e-01 8.061988949775695801e-01
8.372889757156372070e-01 8.356565237045288086e-01
7.650579214096069336e-01 7.627410292625427246e-01
8.912057280540466309e-01 8.910560011863708496e-01
7.237312197685241699e-01 7.238959074020385742e-01
9.372740387916564941e-01 9.375783205032348633e-01
8.225460052490234375e-01 8.218077421188354492e-01
7.691379189491271973e-01 7.703726887702941895e-01
8.864408731460571289e-01 8.860678076744079590e-01
8.730803728103637695e-01 8.722674846649169922e-01
8.232157230377197266e-01 8.231624960899353027e-01
7.239395380020141602e-01 7.226565480232238770e-01
8.282444477081298828e-01 8.285090327262878418e-01
9.509170055389404297e-01 9.501188397407531738e-01
8.332002162933349609e-01 8.323687911033630371e-01
8.305441737174987793e-01 8.290606141090393066e-01
8.986856937408447266e-01 8.986643552780151367e-01
7.647823095321655273e-01 7.627049684524536133e-01
8.702259063720703125e-01 8.702512383460998535e-01
8.851312398910522461e-01 8.844320774078369141e-01
9.006547927856445312e-01 9.009190201759338379e-01
9.328922033309936523e-01 9.325779676437377930e-01
7.794114351272583008e-01 7.801193594932556152e-01
8.521431684494018555e-01 8.518980741500854492e-01
7.584470510482788086e-01 7.589644193649291992e-01
7.637447118759155273e-01 7.624218463897705078e-01
7.231858968734741211e-01 7.241215109825134277e-01
8.860644102096557617e-01 8.856055736541748047e-01
8.983753323554992676e-01 8.974665999412536621e-01
9.547148942947387695e-01 9.543892145156860352e-01
8.791011571884155273e-01 8.784505724906921387e-01
9.046196341514587402e-01 9.047566056251525879e-01
8.657904863357543945e-01 8.651013970375061035e-01
8.993721604347229004e-01 8.989594578742980957e-01
7.978091835975646973e-01 7.981705665588378906e-01
8.870266675949096680e-01 8.867979049682617188e-01
9.029963016510009766e-01 9.024453163146972656e-01
8.621157407760620117e-01 8.619310259819030762e-01
7.251617908477783203e-01 7.238690257072448730e-01
8.557159900665283203e-01 8.558843731880187988e-01
8.919511437416076660e-01 8.918473124504089355e-01
7.230471968650817871e-01 7.225959897041320801e-01
8.978060483932495117e-01 8.975050449371337891e-01
7.838295698165893555e-01 7.820763587951660156e-01
8.171014189720153809e-01 8.159278631210327148e-01
8.457212448120117188e-01 8.448691964149475098e-01
7.973497509956359863e-01 7.959237098693847656e-01
7.726597189903259277e-01 7.727213501930236816e-01
7.617855072021484375e-01 7.623851895332336426e-01
8.880752325057983398e-01 8.877677321434020996e-01
8.997131586074829102e-01 8.992327451705932617e-01
8.757631778717041016e-01 8.750990629196166992e-01
8.366576433181762695e-01 8.362466692924499512e-01
8.981818556785583496e-01 8.978583216667175293e-01
9.747902750968933105e-01 9.748156070709228516e-01
8.501901030540466309e-01 8.492859601974487305e-01
7.925803065299987793e-01 7.931799292564392090e-01
7.641773223876953125e-01 7.632204890251159668e-01
9.169622659683227539e-01 9.167100191116333008e-01
8.386997580528259277e-01 8.371381163597106934e-01
7.734268903732299805e-01 7.724123001098632812e-01
8.996686935424804688e-01 8.992137908935546875e-01
7.890748977661132812e-01 7.887775897979736328e-01
7.829046845436096191e-01 7.828110456466674805e-01
9.288508892059326172e-01 9.278604984283447266e-01
7.903798222541809082e-01 7.901846170425415039e-01
7.591664791107177734e-01 7.612619996070861816e-01
7.559214234352111816e-01 7.560969591140747070e-01
8.469083905220031738e-01 8.467822074890136719e-01
7.695685029029846191e-01 7.699565291404724121e-01
8.978517055511474609e-01 8.974816799163818359e-01
7.544615268707275391e-01 7.556263804435729980e-01
9.100331068038940430e-01 9.090455174446105957e-01
7.240513563156127930e-01 7.245189547538757324e-01
7.741732001304626465e-01 7.725023031234741211e-01
8.739901781082153320e-01 8.735698461532592773e-01
8.514280319213867188e-01 8.508940339088439941e-01
8.356648683547973633e-01 8.347564339637756348e-01
9.312139153480529785e-01 9.308798909187316895e-01
8.374594449996948242e-01 8.378343582153320312e-01
9.043297171592712402e-01 9.039791226387023926e-01
7.222450971603393555e-01 7.214951515197753906e-01
7.904771566390991211e-01 7.910659313201904297e-01
8.220664262771606445e-01 8.221610188484191895e-01
8.461815714836120605e-01 8.466373682022094727e-01
9.102419018745422363e-01 9.098341464996337891e-01
8.868222236633300781e-01 8.873509168624877930e-01
8.218263387680053711e-01 8.213541507720947266e-01
9.699637293815612793e-01 9.694901704788208008e-01
9.362272024154663086e-01 9.358499050140380859e-01
8.304909467697143555e-01 8.286408782005310059e-01
9.230236411094665527e-01 9.218866229057312012e-01
8.554096221923828125e-01 8.550055623054504395e-01
9.508688449859619141e-01 9.503653049468994141e-01
9.208856225013732910e-01 9.208142757415771484e-01
8.803997635841369629e-01 8.806322813034057617e-01
9.258909225463867188e-01 9.257268905639648438e-01
8.461381196975708008e-01 8.456430435180664062e-01
7.737096548080444336e-01 7.725732326507568359e-01
7.592440843582153320e-01 7.578517794609069824e-01
9.078735709190368652e-01 9.078330993652343750e-01
8.827975988388061523e-01 8.821003437042236328e-01
7.586798667907714844e-01 7.579423189163208008e-01
7.980772256851196289e-01 7.965145707130432129e-01
8.527001142501831055e-01 8.519977331161499023e-01
9.626336693763732910e-01 9.627080559730529785e-01
9.065953493118286133e-01 9.065340757369995117e-01
9.444509744644165039e-01 9.441875815391540527e-01
9.655401706695556641e-01 9.643627405166625977e-01
7.833492159843444824e-01 7.823781967163085938e-01
7.640966176986694336e-01 7.632605433464050293e-01
8.862776160240173340e-01 8.857341408729553223e-01
9.266573190689086914e-01 9.267764091491699219e-01
8.226686120033264160e-01 8.227010369300842285e-01
9.094573855400085449e-01 9.091921448707580566e-01
8.033605813980102539e-01 8.022222518920898438e-01
9.104467630386352539e-01 9.100117087364196777e-01
8.715075254440307617e-01 8.706193566322326660e-01
8.160696625709533691e-01 8.143427968025207520e-01
9.073536396026611328e-01 9.060160517692565918e-01
8.832604885101318359e-01 8.827672600746154785e-01
8.730558156967163086e-01 8.725446462631225586e-01
1.033170461654663086e+00 1.032891392707824707e+00
9.840458631515502930e-01 9.836677908897399902e-01
8.516150116920471191e-01 8.509055376052856445e-01
9.749256372451782227e-01 9.751240611076354980e-01
9.199324846267700195e-01 9.198545217514038086e-01
7.235304713249206543e-01 7.229810357093811035e-01
8.609938621520996094e-01 8.607379794120788574e-01
7.576752305030822754e-01 7.560419440269470215e-01
7.269604206085205078e-01 7.257093787193298340e-01
9.294136166572570801e-01 9.286223649978637695e-01
8.436940908432006836e-01 8.434072732925415039e-01
9.414573907852172852e-01 9.413167834281921387e-01
9.032075405120849609e-01 9.022276997566223145e-01
7.274693250656127930e-01 7.265134453773498535e-01
8.722716569900512695e-01 8.721529841423034668e-01
8.717344999313354492e-01 8.716575503349304199e-01
9.395500421524047852e-01 9.388181567192077637e-01
9.095396399497985840e-01 9.089713692665100098e-01
7.823099493980407715e-01 7.823444604873657227e-01
7.866249084472656250e-01 7.848294973373413086e-01
7.625372409820556641e-01 7.630817294120788574e-01
8.648235797882080078e-01 8.639665246009826660e-01
9.670328497886657715e-01 9.660654067993164062e-01
7.751988172531127930e-01 7.745227217674255371e-01
8.004766106605529785e-01 7.990100383758544922e-01
8.393388986587524414e-01 8.390429019927978516e-01
7.837409377098083496e-01 7.839594483375549316e-01
9.008347988128662109e-01 9.006546139717102051e-01
7.534636855125427246e-01 7.525232434272766113e-01
8.888418078422546387e-01 8.887319564819335938e-01
8.915102481842041016e-01 8.903449773788452148e-01
8.195430636405944824e-01 8.190963864326477051e-01
7.260133028030395508e-01 7.253897786140441895e-01
8.233498930931091309e-01 8.228861689567565918e-01
8.284628391265869141e-01 8.265211582183837891e-01
8.244633078575134277e-01 8.248431086540222168e-01
9.015403985977172852e-01 9.012191891670227051e-01
9.419915080070495605e-01 9.418478012084960938e-01
7.237045764923095703e-01 7.236742973327636719e-01
7.715633511543273926e-01 7.709704041481018066e-01
9.401569962501525879e-01 9.400030970573425293e-01
7.786142826080322266e-01 7.786274552345275879e-01
9.515517950057983398e-01 9.511557221412658691e-01
8.798593878746032715e-01 8.794522881507873535e-01
7.643125057220458984e-01 7.631773948669433594e-01
8.240208625793457031e-01 8.240013718605041504e-01
8.525122404098510742e-01 8.514425158500671387e-01
8.702726960182189941e-01 8.695114850997924805e-01
8.878037929534912109e-01 8.870851397514343262e-01
7.635506987571716309e-01 7.612891197204589844e-01
9.025222063064575195e-01 9.016459584236145020e-01
7.726752758026123047e-01 7.717960476875305176e-01
7.271542549133300781e-01 7.257454395294189453e-01
7.977576255798339844e-01 7.976916432380676270e-01
9.385321736335754395e-01 9.383295774459838867e-01
9.644361734390258789e-01 9.641023874282836914e-01
8.519248962402343750e-01 8.502163290977478027e-01
7.239047288894653320e-01 7.238293290138244629e-01
9.718739986419677734e-01 9.713345766067504883e-01
7.915802001953125000e-01 7.906343936920166016e-01
9.593212008476257324e-01 9.583370089530944824e-01
9.256398081779479980e-01 9.255692958831787109e-01
8.313463330268859863e-01 8.318405747413635254e-01
1.050353169441223145e+00 1.049110770225524902e+00
8.354680538177490234e-01 8.347682356834411621e-01
7.267791032791137695e-01 7.256204485893249512e-01
9.016410112380981445e-01 9.009870290756225586e-01
8.461521267890930176e-01 8.456911444664001465e-01
9.438066482543945312e-01 9.433826804161071777e-01
9.142445921897888184e-01 9.140568375587463379e-01
7.917901277542114258e-01 7.914530634880065918e-01
9.336224198341369629e-01 9.337136745452880859e-01
9.395238161087036133e-01 9.389944672584533691e-01
1.005590438842773438e+00 1.004523038864135742e+00
8.754754066467285156e-01 8.744847774505615234e-01
8.486588001251220703e-01 8.489263653755187988e-01
8.957464694976806641e-01 8.958858847618103027e-01
8.855885267257690430e-01 8.851903080940246582e-01
7.822503447532653809e-01 7.820008993148803711e-01
9.478874206542968750e-01 9.474488496780395508e-01
8.160527944564819336e-01 8.159127831459045410e-01
9.357474446296691895e-01 9.364081621170043945e-01
9.113416671752929688e-01 9.111585617065429688e-01
8.832728862762451172e-01 8.826898932456970215e-01
9.230372905731201172e-01 9.230679273605346680e-01
7.740619182586669922e-01 7.735224962234497070e-01
8.839583396911621094e-01 8.837497830390930176e-01
8.490279316902160645e-01 8.486478924751281738e-01
7.831263542175292969e-01 7.820683121681213379e-01
9.792024493217468262e-01 9.786053299903869629e-01
8.819166421890258789e-01 8.817636966705322266e-01
8.204001188278198242e-01 8.208066821098327637e-01
9.112040400505065918e-01 9.111464023590087891e-01
7.259232401847839355e-01 7.254154682159423828e-01
8.031095266342163086e-01 8.020221590995788574e-01
9.720203280448913574e-01 9.715792536735534668e-01
9.004480838775634766e-01 9.007725119590759277e-01
9.575225710868835449e-01 9.566859006881713867e-01
8.234698772430419922e-01 8.230381608009338379e-01
9.539435505867004395e-01 9.537241458892822266e-01
9.036588072776794434e-01 9.034391641616821289e-01
8.728329539299011230e-01 8.724185824394226074e-01
8.010028600692749023e-01 8.004526495933532715e-01
9.259612560272216797e-01 9.248119592666625977e-01
8.199449777603149414e-01 8.195764422416687012e-01
8.232303261756896973e-01 8.226734995841979980e-01
8.968502283096313477e-01 8.963591456413269043e-01
7.988556027412414551e-01 7.974030971527099609e-01
8.933165073394775391e-01 8.930329084396362305e-01
7.714014053344726562e-01 7.726297974586486816e-01
8.384938240051269531e-01 8.382619619369506836e-01
7.616263031959533691e-01 7.613121271133422852e-01
9.744261503219604492e-01 9.733934402465820312e-01
8.244206905364990234e-01 8.233445882797241211e-01
9.113636612892150879e-01 9.105574488639831543e-01
8.778709173202514648e-01 8.773724436759948730e-01
9.480997323989868164e-01 9.470345377922058105e-01
8.772248029708862305e-01 8.774706125259399414e-01
9.296754598617553711e-01 9.289535284042358398e-01
9.130001068115234375e-01 9.128470420837402344e-01
9.135380387306213379e-01 9.129158854484558105e-01
7.900944948196411133e-01 7.905976176261901855e-01
8.993038535118103027e-01 8.991055488586425781e-01
7.982977032661437988e-01 7.979575395584106445e-01
7.577528953552246094e-01 7.568653821945190430e-01
8.281841278076171875e-01 8.260467052459716797e-01
7.609474062919616699e-01 7.597761154174804688e-01
9.244470596313476562e-01 9.248481392860412598e-01
8.574429750442504883e-01 8.568616509437561035e-01
9.044144153594970703e-01 9.035241007804870605e-01
8.835762143135070801e-01 8.836132884025573730e-01
7.244164347648620605e-01 7.234402298927307129e-01
7.945340871810913086e-01 7.938665151596069336e-01
7.685855627059936523e-01 7.697888016700744629e-01
7.914331555366516113e-01 7.913513183593750000e-01
9.291957616806030273e-01 9.287661910057067871e-01
7.265480160713195801e-01 7.260955572128295898e-01
8.316940069198608398e-01 8.308636546134948730e-01
8.474885225296020508e-01 8.472533822059631348e-01
7.580578923225402832e-01 7.578549385070800781e-01
8.364649415016174316e-01 8.367831707000732422e-01
7.847411632537841797e-01 7.849259972572326660e-01
7.614058256149291992e-01 7.615680694580078125e-01
9.121375679969787598e-01 9.116787314414978027e-01
7.589335441589355469e-01 7.577005624771118164e-01
8.026753067970275879e-01 8.019631505012512207e-01
8.236997127532958984e-01 8.233008384704589844e-01
8.232663869857788086e-01 8.230395913124084473e-01
8.025569319725036621e-01 8.023602366447448730e-01
7.596212625503540039e-01 7.577361464500427246e-01
9.410306215286254883e-01 9.409459829330444336e-01
7.270081639289855957e-01 7.257110476493835449e-01
8.211406469345092773e-01 8.212282657623291016e-01
8.514209985733032227e-01 8.505347371101379395e-01
9.047055244445800781e-01 9.041929244995117188e-01
9.197930097579956055e-01 9.193333387374877930e-01
9.384164214134216309e-01 9.375887513160705566e-01
7.265847921371459961e-01 7.271618843078613281e-01
9.918888211250305176e-01 9.911792874336242676e-01
8.149830698966979980e-01 8.156200647354125977e-01
9.052959680557250977e-01 9.048188924789428711e-01
7.830472588539123535e-01 7.821195125579833984e-01
8.294283151626586914e-01 8.286115527153015137e-01
7.866317629814147949e-01 7.862866520881652832e-01
9.262565374374389648e-01 9.259501099586486816e-01
8.676519989967346191e-01 8.680434823036193848e-01
7.982131242752075195e-01 7.975736856460571289e-01
7.735119462013244629e-01 7.726865410804748535e-01
7.606724500656127930e-01 7.601745724678039551e-01
9.016122817993164062e-01 9.012161493301391602e-01
8.757470250129699707e-01 8.752909302711486816e-01
8.369039297103881836e-01 8.363355994224548340e-01
7.922310233116149902e-01 7.912538051605224609e-01
8.386639356613159180e-01 8.356347084045410156e-01
9.301341772079467773e-01 9.294798374176025391e-01
8.571088910102844238e-01 8.572536110877990723e-01
8.367261290550231934e-01 8.356207013130187988e-01
9.315927624702453613e-01 9.313015937805175781e-01
9.943274259567260742e-01 9.938673973083496094e-01
7.269988059997558594e-01 7.259328961372375488e-01
8.430881500244140625e-01 8.427560925483703613e-01
9.973096847534179688e-01 9.973369240760803223e-01
7.638782858848571777e-01 7.629151940345764160e-01
7.554711103439331055e-01 7.561565041542053223e-01
9.423206448554992676e-01 9.419849514961242676e-01
8.510166406631469727e-01 8.510007262229919434e-01
8.520321249961853027e-01 8.510343432426452637e-01
8.325211405754089355e-01 8.333033919334411621e-01
9.011287093162536621e-01 9.010326862335205078e-01
8.298004269599914551e-01 8.283090591430664062e-01
9.808971285820007324e-01 9.804189205169677734e-01
8.606310486793518066e-01 8.603034019470214844e-01
8.763521909713745117e-01 8.758624792098999023e-01
8.992737531661987305e-01 8.986020684242248535e-01
7.270391583442687988e-01 7.272102832794189453e-01
8.779452443122863770e-01 8.780701756477355957e-01
7.817367911338806152e-01 7.822878360748291016e-01
8.811458945274353027e-01 8.805947303771972656e-01
8.050246834754943848e-01 8.044360280036926270e-01
9.241961836814880371e-01 9.234607815742492676e-01
8.508165478706359863e-01 8.510975241661071777e-01
9.386878013610839844e-01 9.385817646980285645e-01
8.031810522079467773e-01 8.022791743278503418e-01
8.353292942047119141e-01 8.355232477188110352e-01
9.373147487640380859e-01 9.372546076774597168e-01
8.200722336769104004e-01 8.203045725822448730e-01
8.571821451187133789e-01 8.568330407142639160e-01
8.024320006370544434e-01 8.019970059394836426e-01
8.624696731567382812e-01 8.617913126945495605e-01
8.913691043853759766e-01 8.908880949020385742e-01
1.010034322738647461e+00 1.010161399841308594e+00
9.154008626937866211e-01 9.152402877807617188e-01
9.568548798561096191e-01 9.564764499664306641e-01
7.886716127395629883e-01 7.878024578094482422e-01
9.175589084625244141e-01 9.172468781471252441e-01
9.055616259574890137e-01 9.048994183540344238e-01
8.264192342758178711e-01 8.250374197959899902e-01
7.867757678031921387e-01 7.868293523788452148e-01
7.610869407653808594e-01 7.610640525817871094e-01
8.946051597595214844e-01 8.939344286918640137e-01
9.126718044281005859e-01 9.118646383285522461e-01
8.313472270965576172e-01 8.303595781326293945e-01
8.084228038787841797e-01 8.080340027809143066e-01
7.898656129837036133e-01 7.904345393180847168e-01
8.285037875175476074e-01 8.277676105499267578e-01
9.551533460617065430e-01 9.549693465232849121e-01
7.854375839233398438e-01 7.846440076828002930e-01
9.112099409103393555e-01 9.099720120429992676e-01
7.623469829559326172e-01 7.631881237030029297e-01
7.909750938415527344e-01 7.901575565338134766e-01
9.231575727462768555e-01 9.228623509407043457e-01
7.826334238052368164e-01 7.822359204292297363e-01
8.266899585723876953e-01 8.257755637168884277e-01
7.843605279922485352e-01 7.843244671821594238e-01
8.732381463050842285e-01 8.725407123565673828e-01
8.373298048973083496e-01 8.372787237167358398e-01
9.286735057830810547e-01 9.285799264907836914e-01
7.719417810440063477e-01 7.716996073722839355e-01
9.968600869178771973e-01 9.962936043739318848e-01
7.607581615447998047e-01 7.605858445167541504e-01
7.971156835556030273e-01 7.967519760131835938e-01
9.350987672805786133e-01 9.343422055244445801e-01
8.584128618240356445e-01 8.574418425559997559e-01
9.090045690536499023e-01 9.088719487190246582e-01
7.693954706192016602e-01 7.698498368263244629e-01
9.910268783569335938e-01 9.908838868141174316e-01
9.393371343612670898e-01 9.389823079109191895e-01
7.715414762496948242e-01 7.711806297302246094e-01
8.282388448715209961e-01 8.283582925796508789e-01
7.821589708328247070e-01 7.819857597351074219e-01
9.022075533866882324e-01 9.018032550811767578e-01
7.731988430023193359e-01 7.714529633522033691e-01
9.066893458366394043e-01 9.063014984130859375e-01
8.253756761550903320e-01 8.250982761383056641e-01
8.409594297409057617e-01 8.405666351318359375e-01
8.503564596176147461e-01 8.511275053024291992e-01
8.543387055397033691e-01 8.546993136405944824e-01
8.344275355339050293e-01 8.341724872589111328e-01
7.687966227531433105e-01 7.689204812049865723e-01
9.309072494506835938e-01 9.304257631301879883e-01
9.586048126220703125e-01 9.577515721321105957e-01
7.278268337249755859e-01 7.268190383911132812e-01
9.352034330368041992e-01 9.357298612594604492e-01
8.018946051597595215e-01 8.021235466003417969e-01
7.894655466079711914e-01 7.889728546142578125e-01
7.824755311012268066e-01 7.822288870811462402e-01
8.711350560188293457e-01 8.705698847770690918e-01
8.319694995880126953e-01 8.308137655258178711e-01
7.801128625869750977e-01 7.788936495780944824e-01
9.666128158569335938e-01 9.663641452789306641e-01
7.745770215988159180e-01 7.732397317886352539e-01
8.464832901954650879e-01 8.450142145156860352e-01
8.546382784843444824e-01 8.534949421882629395e-01
8.469204902648925781e-01 8.462157249450683594e-01
8.949347138404846191e-01 8.943651318550109863e-01
9.335586428642272949e-01 9.344238042831420898e-01
7.719010710716247559e-01 7.714587450027465820e-01
9.193410873413085938e-01 9.197995662689208984e-01
7.266414165496826172e-01 7.261180877685546875e-01
8.734165430068969727e-01 8.736319541931152344e-01
8.617184162139892578e-01 8.615667819976806641e-01
9.103906154632568359e-01 9.097267985343933105e-01
9.489740133285522461e-01 9.485949277877807617e-01
8.656740784645080566e-01 8.647379279136657715e-01
8.210965394973754883e-01 8.211175203323364258e-01
8.021526336669921875e-01 8.014503121376037598e-01
7.216422557830810547e-01 7.207113504409790039e-01
8.702960014343261719e-01 8.703569769859313965e-01
9.274728298187255859e-01 9.272895455360412598e-01
8.450018763542175293e-01 8.441984057426452637e-01
9.334309697151184082e-01 9.326748251914978027e-01
7.897825837135314941e-01 7.895571589469909668e-01
8.760001659393310547e-01 8.756024241447448730e-01
7.741957902908325195e-01 7.717119455337524414e-01
9.368910193443298340e-01 9.361213445663452148e-01
7.226561307907104492e-01 7.238021492958068848e-01
8.955900073051452637e-01 8.963724374771118164e-01
7.898110151290893555e-01 7.900931835174560547e-01
9.868617653846740723e-01 9.866085648536682129e-01
9.329382777214050293e-01 9.326323866844177246e-01
9.120988845825195312e-01 9.113172292709350586e-01
9.256239533424377441e-01 9.252374768257141113e-01
9.188266396522521973e-01 9.189055562019348145e-01
9.215816259384155273e-01 9.212474226951599121e-01
9.931724071502685547e-01 9.923983812332153320e-01
9.456711411476135254e-01 9.454879164695739746e-01
8.492177724838256836e-01 8.486968278884887695e-01
9.011056423187255859e-01 9.012430906295776367e-01
8.379098176956176758e-01 8.379096984863281250e-01
9.023436903953552246e-01 9.017409086227416992e-01
8.726021647453308105e-01 8.724297285079956055e-01
7.828718423843383789e-01 7.815013527870178223e-01
8.439143896102905273e-01 8.437604904174804688e-01
9.009791612625122070e-01 9.006357192993164062e-01
9.307394623756408691e-01 9.301355481147766113e-01
8.241132497787475586e-01 8.233557939529418945e-01
7.226669788360595703e-01 7.238061428070068359e-01
8.345814943313598633e-01 8.344370722770690918e-01
9.156847000122070312e-01 9.155856370925903320e-01
8.702226281166076660e-01 8.703303337097167969e-01
8.393599390983581543e-01 8.379724621772766113e-01
9.753801822662353516e-01 9.748249650001525879e-01
9.402236938476562500e-01 9.395674467086791992e-01
8.672065734863281250e-01 8.663870692253112793e-01
8.303728699684143066e-01 8.294378519058227539e-01
8.557665348052978516e-01 8.553924560546875000e-01
8.417763710021972656e-01 8.406230807304382324e-01
7.227133512496948242e-01 7.224303483963012695e-01
8.529381752014160156e-01 8.528681993484497070e-01
7.699156403541564941e-01 7.693277597427368164e-01
9.515436887741088867e-01 9.505119919776916504e-01
7.566196918487548828e-01 7.582165002822875977e-01
8.272817134857177734e-01 8.274683356285095215e-01
9.359943270683288574e-01 9.349467158317565918e-01
9.048277139663696289e-01 9.044411182403564453e-01
8.394080400466918945e-01 8.392619490623474121e-01
7.837406992912292480e-01 7.840180993080139160e-01
8.877158761024475098e-01 8.872372508049011230e-01
8.961967229843139648e-01 8.960965275764465332e-01
1.003690481185913086e+00 1.003352761268615723e+00
9.373432993888854980e-01 9.367358684539794922e-01
8.951234817504882812e-01 8.951929211616516113e-01
8.469544649124145508e-01 8.462154269218444824e-01
8.327841162681579590e-01 8.326647281646728516e-01
8.333163857460021973e-01 8.331204652786254883e-01
8.777612447738647461e-01 8.778747916221618652e-01
9.195604324340820312e-01 9.193137884140014648e-01
8.036164641380310059e-01 8.017312288284301758e-01
7.732322812080383301e-01 7.740234136581420898e-01
9.220705628395080566e-01 9.213085174560546875e-01
9.435428977012634277e-01 9.433830380439758301e-01
8.685886263847351074e-01 8.680195212364196777e-01
7.550686001777648926e-01 7.568128705024719238e-01
8.298126459121704102e-01 8.291290998458862305e-01
8.263412714004516602e-01 8.238554000854492188e-01
8.517591953277587891e-01 8.506597876548767090e-01
8.872012495994567871e-01 8.875465989112854004e-01
9.254667162895202637e-01 9.252161979675292969e-01
7.630767226219177246e-01 7.620928883552551270e-01
9.179033041000366211e-01 9.179136753082275391e-01
7.231470346450805664e-01 7.235407233238220215e-01
9.678275585174560547e-01 9.679243564605712891e-01
8.460338711738586426e-01 8.455604910850524902e-01
8.434384465217590332e-01 8.437837362289428711e-01
9.007264971733093262e-01 8.998863101005554199e-01
8.878158330917358398e-01 8.879315257072448730e-01
9.162899255752563477e-01 9.159628152847290039e-01
7.271709442138671875e-01 7.260390520095825195e-01
9.025249481201171875e-01 9.022076129913330078e-01
8.317058086395263672e-01 8.318124413490295410e-01
8.367181420326232910e-01 8.357849121093750000e-01
7.607173323631286621e-01 7.624938488006591797e-01
8.634364604949951172e-01 8.633019924163818359e-01
7.552717328071594238e-01 7.567262649536132812e-01
9.210712313652038574e-01 9.206053614616394043e-01
8.273050785064697266e-01 8.259577751159667969e-01
8.345853090286254883e-01 8.335101008415222168e-01
9.689686298370361328e-01 9.689483046531677246e-01
8.859173655509948730e-01 8.853877186775207520e-01
7.921517491340637207e-01 7.909687161445617676e-01
8.646942377090454102e-01 8.644446134567260742e-01
7.270444631576538086e-01 7.256294488906860352e-01
7.890552878379821777e-01 7.886115908622741699e-01
7.710751295089721680e-01 7.706222534179687500e-01
7.924180626869201660e-01 7.915788292884826660e-01
8.462442159652709961e-01 8.456990718841552734e-01
8.525823950767517090e-01 8.511472344398498535e-01
7.239116430282592773e-01 7.233247160911560059e-01
8.733413815498352051e-01 8.729839324951171875e-01
9.319754838943481445e-01 9.318499565124511719e-01
8.930135965347290039e-01 8.926259875297546387e-01
8.764799237251281738e-01 8.751953840255737305e-01
7.561138868331909180e-01 7.561408877372741699e-01
9.968048334121704102e-01 9.964557886123657227e-01
8.093350529670715332e-01 8.092143535614013672e-01
8.465586900711059570e-01 8.453578948974609375e-01
9.348032474517822266e-01 9.346091151237487793e-01
8.848091363906860352e-01 8.849235177040100098e-01
8.889604806900024414e-01 8.883930444717407227e-01
9.033799171447753906e-01 9.028825163841247559e-01
7.592703700065612793e-01 7.593941092491149902e-01
8.735261559486389160e-01 8.738840818405151367e-01
9.639089703559875488e-01 9.640951752662658691e-01
9.394932985305786133e-01 9.390432834625244141e-01
9.557155966758728027e-01 9.548194408416748047e-01
8.819679021835327148e-01 8.812543749809265137e-01
9.628672003746032715e-01 9.628900885581970215e-01
9.209664463996887207e-01 9.206420779228210449e-01
8.344949483871459961e-01 8.341558575630187988e-01
8.287174701690673828e-01 8.271909952163696289e-01
8.832813501358032227e-01 8.833039402961730957e-01
9.378963112831115723e-01 9.373564124107360840e-01
9.723838567733764648e-01 9.718751907348632812e-01
8.744120001792907715e-01 8.744787573814392090e-01
9.750193357467651367e-01 9.745455384254455566e-01
7.226306200027465820e-01 7.242652773857116699e-01
7.600105404853820801e-01 7.593148350715637207e-01
8.463696241378784180e-01 8.452512025833129883e-01
7.626616954803466797e-01 7.632519006729125977e-01
8.905697464942932129e-01 8.904008865356445312e-01
8.359308242797851562e-01 8.350389599800109863e-01
9.024888277053833008e-01 9.023467302322387695e-01
8.024008870124816895e-01 8.008802533149719238e-01
9.307912588119506836e-01 9.295926094055175781e-01
8.760557770729064941e-01 8.750224709510803223e-01
8.362174034118652344e-01 8.368701934814453125e-01
9.069395661354064941e-01 9.061648845672607422e-01
9.724276065826416016e-01 9.721015691757202148e-01
8.718428611755371094e-01 8.729027509689331055e-01
8.751177191734313965e-01 8.747286796569824219e-01
1.008925676345825195e+00 1.008582472801208496e+00
9.483200311660766602e-01 9.478888511657714844e-01
8.488889932632446289e-01 8.490094542503356934e-01
7.615111470222473145e-01 7.619884014129638672e-01
8.233743906021118164e-01 8.230764269828796387e-01
9.327068328857421875e-01 9.321463704109191895e-01
9.251462221145629883e-01 9.249525666236877441e-01
9.308602213859558105e-01 9.308592677116394043e-01
9.009843468666076660e-01 9.002841711044311523e-01
8.681482672691345215e-01 8.683210015296936035e-01
7.881076335906982422e-01 7.878126502037048340e-01
8.920596837997436523e-01 8.922832608222961426e-01
9.387930035591125488e-01 9.390072822570800781e-01
8.792357444763183594e-01 8.791328668594360352e-01
9.617445468902587891e-01 9.617356657981872559e-01
8.926109075546264648e-01 8.925352692604064941e-01
7.991850972175598145e-01 7.968451976776123047e-01
8.312155008316040039e-01 8.305816650390625000e-01
8.455436229705810547e-01 8.445916175842285156e-01
8.758515119552612305e-01 8.749843239784240723e-01
7.812251448631286621e-01 7.802876234054565430e-01
7.595111727714538574e-01 7.602031826972961426e-01
9.674503207206726074e-01 9.665313363075256348e-01
8.519294857978820801e-01 8.509381413459777832e-01
8.957369923591613770e-01 8.953692913055419922e-01
7.607993483543395996e-01 7.619149088859558105e-01
7.835618257522583008e-01 7.831292152404785156e-01
7.981168031692504883e-01 7.964112162590026855e-01
9.162428379058837891e-01 9.160657525062561035e-01
8.513408899307250977e-01 8.508980870246887207e-01
8.750113248825073242e-01 8.746936917304992676e-01
8.847089409828186035e-01 8.842973709106445312e-01
7.623587846755981445e-01 7.609403729438781738e-01
7.268605232238769531e-01 7.254434823989868164e-01
8.282637596130371094e-01 8.279930949211120605e-01
9.536255002021789551e-01 9.529379606246948242e-01
8.726586699485778809e-01 8.708923459053039551e-01
8.474326729774475098e-01 8.470780253410339355e-01
9.024332165718078613e-01 9.022062420845031738e-01
7.222990989685058594e-01 7.232289910316467285e-01
9.015793204307556152e-01 9.019287228584289551e-01
8.872678279876708984e-01 8.858227133750915527e-01
9.155994057655334473e-01 9.151711463928222656e-01
8.730390071868896484e-01 8.724309802055358887e-01
8.621767163276672363e-01 8.621603846549987793e-01
8.028982281684875488e-01 8.019345998764038086e-01
8.648225069046020508e-01 8.631893396377563477e-01
8.971725702285766602e-01 8.966163396835327148e-01
7.924675345420837402e-01 7.910234332084655762e-01
8.896520733833312988e-01 8.894526958465576172e-01
8.764345049858093262e-01 8.763397932052612305e-01
7.991940975189208984e-01 7.989308238029479980e-01
7.716241478919982910e-01 7.715863585472106934e-01
7.761859893798828125e-01 7.755576968193054199e-01
8.025744557380676270e-01 8.015822172164916992e-01
9.320501685142517090e-01 9.314979910850524902e-01
7.861139178276062012e-01 7.860169410705566406e-01
7.276062965393066406e-01 7.257124185562133789e-01
8.233562111854553223e-01 8.227425217628479004e-01
7.854144573211669922e-01 7.835479974746704102e-01
7.880966663360595703e-01 7.880783677101135254e-01
7.937957048416137695e-01 7.927891612052917480e-01
7.974423766136169434e-01 7.968494892120361328e-01
8.696234226226806641e-01 8.691906929016113281e-01
7.984687089920043945e-01 7.978170514106750488e-01
9.820338487625122070e-01 9.811913967132568359e-01
8.758901357650756836e-01 8.755801916122436523e-01
7.988738417625427246e-01 7.980870008468627930e-01
8.838768005371093750e-01 8.840339779853820801e-01
7.265597581863403320e-01 7.253970503807067871e-01
8.528747558593750000e-01 8.518118858337402344e-01
8.800292015075683594e-01 8.796915411949157715e-01
9.030621051788330078e-01 9.031661748886108398e-01
8.834753632545471191e-01 8.830524086952209473e-01
8.642299771308898926e-01 8.642023801803588867e-01
7.596312761306762695e-01 7.574020028114318848e-01
7.234030961990356445e-01 7.242652177810668945e-01
8.260084390640258789e-01 8.252092599868774414e-01
8.870319128036499023e-01 8.862654566764831543e-01
9.644702076911926270e-01 9.641292095184326172e-01
7.229558229446411133e-01 7.232962250709533691e-01
7.899342179298400879e-01 7.898938655853271484e-01
8.850337862968444824e-01 8.851639032363891602e-01
8.261017799377441406e-01 8.263321518898010254e-01
7.985619306564331055e-01 7.987371087074279785e-01
9.114743471145629883e-01 9.106608629226684570e-01
9.013738036155700684e-01 9.012088775634765625e-01
8.709981441497802734e-01 8.699990510940551758e-01
8.422999382019042969e-01 8.417155146598815918e-01
7.871664762496948242e-01 7.868431806564331055e-01
7.734485864639282227e-01 7.727174162864685059e-01
9.150028228759765625e-01 9.149180650711059570e-01
8.083120584487915039e-01 8.075177073478698730e-01
7.923038005828857422e-01 7.916895747184753418e-01
8.946861028671264648e-01 8.946531414985656738e-01
8.221678137779235840e-01 8.217934966087341309e-01
8.434388637542724609e-01 8.424979448318481445e-01
9.355546236038208008e-01 9.346457719802856445e-01
9.084053635597229004e-01 9.086659550666809082e-01
7.593594193458557129e-01 7.578190565109252930e-01
8.711214065551757812e-01 8.707176446914672852e-01
7.230910062789916992e-01 7.222410440444946289e-01
8.243554234504699707e-01 8.240538835525512695e-01
8.244343996047973633e-01 8.228624463081359863e-01
7.737400531768798828e-01 7.736300826072692871e-01
8.988813757896423340e-01 8.992282152175903320e-01
9.384295940399169922e-01 9.384834170341491699e-01
9.094390273094177246e-01 9.083930850028991699e-01
8.728051185607910156e-01 8.717048168182373047e-01
8.451011180877685547e-01 8.449376225471496582e-01
9.225521087646484375e-01 9.221675395965576172e-01
8.043398857116699219e-01 8.032937645912170410e-01
9.338181018829345703e-01 9.335347414016723633e-01
7.622151970863342285e-01 7.623838186264038086e-01
9.147577881813049316e-01 9.145561456680297852e-01
9.337675571441650391e-01 9.331690669059753418e-01
8.774144053459167480e-01 8.780141472816467285e-01
8.719848394393920898e-01 8.721311092376708984e-01
9.951844215393066406e-01 9.948916435241699219e-01
7.649403810501098633e-01 7.646514177322387695e-01
