6.879159482195973396e-04 2.900720341131091118e-03
5.804433603771030903e-04 2.878082217648625374e-03
4.774720873683691025e-04 2.874478232115507126e-03
4.730761284008622169e-04 2.907821210101246834e-03
4.694866074714809656e-04 2.885692520067095757e-03
4.496346227824687958e-04 2.885266905650496483e-03
4.221783019602298737e-04 2.881991444155573845e-03
4.959139623679220676e-04 2.921774983406066895e-03
5.669148522429168224e-04 2.938786754384636879e-03
5.582714220508933067e-04 2.895454177632927895e-03
4.749689833261072636e-04 2.914042212069034576e-03
5.027467268519103527e-04 2.918331883847713470e-03
6.003085873089730740e-04 3.065852215513586998e-03
6.580962799489498138e-04 2.897344296798110008e-03
4.702707519754767418e-04 2.885507652536034584e-03
4.641051637008786201e-04 2.885821741074323654e-03
4.522665112745016813e-04 2.880480373278260231e-03
4.740120493806898594e-04 2.921631326898932457e-03
5.644931225106120110e-04 2.896738238632678986e-03
5.633385153487324715e-04 3.018736140802502632e-03
7.155332132242619991e-04 2.938524587079882622e-03
5.425892304629087448e-04 2.871266566216945648e-03
4.922752850688993931e-04 2.887692535296082497e-03
4.465381789486855268e-04 2.928684465587139130e-03
4.985751002095639706e-04 2.926089800894260406e-03
6.876792176626622677e-04 2.883843611925840378e-03
5.437127547338604927e-04 2.895994111895561218e-03
5.008779698982834816e-04 2.969031687825918198e-03
5.605620681308209896e-04 2.898299600929021835e-03
5.055078072473406792e-04 2.896677935495972633e-03
5.144199240021407604e-04 2.914363052695989609e-03
6.438503623940050602e-04 3.080961294472217560e-03
6.751259206794202328e-04 2.895248821005225182e-03
5.465700523927807808e-04 2.893328201025724411e-03
5.083068972453474998e-04 2.905650995671749115e-03
4.621061380021274090e-04 2.958507975563406944e-03
6.581857451237738132e-04 2.960258629173040390e-03
5.856819916516542435e-04 2.899753395467996597e-03
4.975964548066258430e-04 2.881322754546999931e-03
5.272920825518667698e-04 2.959181088954210281e-03
5.400007357820868492e-04 2.916705328971147537e-03
4.620169056579470634e-04 2.880990039557218552e-03
5.142025183886289597e-04 2.919903257861733437e-03
5.185875925235450268e-04 2.882965607568621635e-03
4.708786145783960819e-04 2.892411081120371819e-03
4.914519959129393101e-04 2.946670167148113251e-03
4.913914017379283905e-04 2.938651945441961288e-03
5.287589156068861485e-04 2.897721948102116585e-03
5.841251113452017307e-04 2.918643876910209656e-03
4.815819556824862957e-04 2.899253275245428085e-03
4.998771473765373230e-04 3.023892641067504883e-03
7.723500020802021027e-04 2.919209422543644905e-03
6.193282897584140301e-04 2.897462574765086174e-03
5.543193547055125237e-04 2.936571836471557617e-03
5.193292745389044285e-04 2.932557603344321251e-03
5.754330777563154697e-04 2.950642257928848267e-03
6.463350728154182434e-04 2.959766890853643417e-03
5.794762400910258293e-04 2.914418466389179230e-03
5.306536331772804260e-04 2.917826641350984573e-03
5.202540196478366852e-04 3.018428105860948563e-03
6.222430383786559105e-04 2.938382793217897415e-03
4.996254574507474899e-04 2.912177937105298042e-03
4.749019281007349491e-04 2.900496358051896095e-03
5.542009021155536175e-04 2.961143152788281441e-03
6.011375226080417633e-04 2.913164207711815834e-03
4.753581306431442499e-04 3.109859302639961243e-03
7.047289982438087463e-04 2.922650193795561790e-03
5.554942763410508633e-04 2.971075940877199173e-03
7.206207956187427044e-04 2.992077963426709175e-03
8.401445229537785053e-04 2.952650189399719238e-03
6.656813784502446651e-04 2.920838538557291031e-03
7.432239945046603680e-04 2.900477964431047440e-03
5.634332192130386829e-04 2.976806601509451866e-03
6.837655673734843731e-04 2.920745173469185829e-03
4.874783044215291739e-04 2.886274131014943123e-03
4.795229760929942131e-04 2.918605459854006767e-03
4.847856762353330851e-04 2.882385160773992538e-03
4.936855984851717949e-04 2.923279767856001854e-03
6.161225610412657261e-04 2.943660132586956024e-03
5.637502763420343399e-04 2.952400362119078636e-03
6.499133305624127388e-04 2.945545827969908714e-03
5.618266295641660690e-04 3.067494370043277740e-03
9.529404342174530029e-04 2.959429984912276268e-03
6.805904558859765530e-04 2.915644552558660507e-03
6.069127121008932590e-04 2.928774571046233177e-03
6.258595967665314674e-04 2.985754748806357384e-03
6.430273060686886311e-04 2.982128877192735672e-03
6.478038267232477665e-04 2.908722264692187309e-03
5.427867290563881397e-04 2.906820038333535194e-03
5.115172243677079678e-04 2.905447268858551979e-03
4.620624240487813950e-04 2.921489765867590904e-03
5.335728637874126434e-04 2.881936263293027878e-03
6.349311443045735359e-04 2.907846821472048759e-03
5.000959499739110470e-04 2.916028723120689392e-03
5.569274071604013443e-04 2.913526492193341255e-03
6.261501694098114967e-04 2.897253725677728653e-03
5.970768397673964500e-04 2.920319326221942902e-03
6.314631318673491478e-04 2.923366613686084747e-03
5.946453893557190895e-04 2.934915013611316681e-03
5.603697500191628933e-04 2.939028432592749596e-03
6.540455506183207035e-04 2.979276468977332115e-03
6.161503843031823635e-04 2.943584695458412170e-03
5.136107793077826500e-04 2.912819385528564453e-03
4.827496595680713654e-04 2.930551767349243164e-03
6.295791827142238617e-04 2.930420916527509689e-03
5.161848384886980057e-04 2.990037202835083008e-03
6.256562191992998123e-04 2.910943934693932533e-03
4.978731740266084671e-04 2.889903495088219643e-03
4.572557227220386267e-04 2.895752899348735809e-03
4.550953453872352839e-04 2.883391687646508217e-03
5.766449030488729477e-04 2.998017705976963043e-03
6.321246037259697914e-04 3.289654618129134178e-03
9.395006927661597729e-04 3.098975867033004761e-03
9.259609505534172058e-04 3.052680520340800285e-03
6.938476581126451492e-04 2.892525168135762215e-03
6.033773533999919891e-04 2.904297085478901863e-03
4.995432100258767605e-04 2.892991993576288223e-03
5.878564552403986454e-04 2.934451913461089134e-03
7.356242858804762363e-04 2.909651491791009903e-03
6.024371832609176636e-04 3.017578041180968285e-03
6.684812833555042744e-04 3.036896698176860809e-03
8.687055669724941254e-04 2.902040025219321251e-03
