3.434660029597580433e-04 2.073040464892983437e-03
2.447625447530299425e-04 2.053539967164397240e-03
2.762594085652381182e-04 2.057029865682125092e-03
3.023717436008155346e-04 2.051489660516381264e-03
2.496298111509531736e-04 2.058346988633275032e-03
2.163741883123293519e-04 2.064239466562867165e-03
2.112606307491660118e-04 2.059205435216426849e-03
2.091754868160933256e-04 2.055244054645299911e-03
2.641974424477666616e-04 2.059911843389272690e-03
2.479656250216066837e-04 2.062733052298426628e-03
2.070460177492350340e-04 2.067492343485355377e-03
2.546891919337213039e-04 2.077348297461867332e-03
3.003682359121739864e-04 2.069868613034486771e-03
2.561948203947395086e-04 2.063903026282787323e-03
2.057544479612261057e-04 2.058931626379489899e-03
2.082077262457460165e-04 2.054538344964385033e-03
2.472518535796552896e-04 2.054850338026881218e-03
2.637536672409623861e-04 2.054550219327211380e-03
2.180065057473257184e-04 2.057364210486412048e-03
2.150459913536906242e-04 2.082310616970062256e-03
3.639139176812022924e-04 2.097890479490160942e-03
3.804034204222261906e-04 2.069805050268769264e-03
2.350246213609352708e-04 2.054342767223715782e-03
2.590178046375513077e-04 2.072950592264533043e-03
4.387719091027975082e-04 2.095407340675592422e-03
5.221983883529901505e-04 2.086161635816097260e-03
4.513923195190727711e-04 2.054547658190131187e-03
2.672141708899289370e-04 2.065423643216490746e-03
2.890873292926698923e-04 2.116031944751739502e-03
5.447880248539149761e-04 2.145769540220499039e-03
5.889278254471719265e-04 2.094309311360120773e-03
3.027718339581042528e-04 2.054761629551649094e-03
2.988503256347030401e-04 2.084819134324789047e-03
4.879160551354289055e-04 2.100764773786067963e-03
5.028276355005800724e-04 2.070968039333820343e-03
3.078401787206530571e-04 2.074976684525609016e-03
2.819410583470016718e-04 2.114842180162668228e-03
4.455388989299535751e-04 2.098712371662259102e-03
3.588026447687298059e-04 2.072523115202784538e-03
2.171166706830263138e-04 2.060303231701254845e-03
3.067615034524351358e-04 2.063973806798458099e-03
3.680644440464675426e-04 2.059578895568847656e-03
2.749911509454250336e-04 2.058870159089565277e-03
2.205795026384294033e-04 2.050639130175113678e-03
1.998687803279608488e-04 2.053508302196860313e-03
1.986866991501301527e-04 2.055920194834470749e-03
1.982054818654432893e-04 2.052658470347523689e-03
1.962386450031772256e-04 2.052476862445473671e-03
2.150133077520877123e-04 2.054882701486349106e-03
2.749725535977631807e-04 2.053838921710848808e-03
2.876372600439935923e-04 2.053264062851667404e-03
2.534781524445861578e-04 2.055358840152621269e-03
2.627101493999361992e-04 2.056587487459182739e-03
3.247224958613514900e-04 2.070590620860457420e-03
4.074603784829378128e-04 2.059457590803503990e-03
2.862268593162298203e-04 2.058592159301042557e-03
2.015192003455013037e-04 2.067803638055920601e-03
2.445720601826906204e-04 2.068949630483984947e-03
2.323686348972842097e-04 2.060447819530963898e-03
1.967665448319166899e-04 2.060094382613897324e-03
2.475274086464196444e-04 2.059998223558068275e-03
2.906007575802505016e-04 2.059016609564423561e-03
3.011783410329371691e-04 2.057757694274187088e-03
2.755765744950622320e-04 2.051521791145205498e-03
2.135891263606026769e-04 2.057590754702687263e-03
1.982759713428094983e-04 2.061677398160099983e-03
1.976625644601881504e-04 2.060897415503859520e-03
1.884572993731126189e-04 2.055058488622307777e-03
1.919272181112319231e-04 2.054400043562054634e-03
2.115982060786336660e-04 2.054215641692280769e-03
2.446455764584243298e-04 2.059788210317492485e-03
3.440302389208227396e-04 2.073488663882017136e-03
4.207991296425461769e-04 2.058230340480804443e-03
2.980441786348819733e-04 2.053768141195178032e-03
2.001542161451652646e-04 2.065196400508284569e-03
2.432005130685865879e-04 2.086256165057420731e-03
3.904823970515280962e-04 2.120960969477891922e-03
5.592920933850109577e-04 2.144102938473224640e-03
6.090899696573615074e-04 2.125295111909508705e-03
5.217882571741938591e-04 2.103700535371899605e-03
3.494941047392785549e-04 2.070253947749733925e-03
2.095279924105852842e-04 2.055866410955786705e-03
2.557678380981087685e-04 2.056246623396873474e-03
2.846906427294015884e-04 2.060387050732970238e-03
2.738712937571108341e-04 2.060290891677141190e-03
2.308750990778207779e-04 2.061324194073677063e-03
2.118245611200109124e-04 2.078043995425105095e-03
2.811668091453611851e-04 2.076756907626986504e-03
2.661524049472063780e-04 2.074036281555891037e-03
2.343916130485013127e-04 2.066686283797025681e-03
2.081917336909100413e-04 2.060615690425038338e-03
1.912507868837565184e-04 2.055614255368709564e-03
1.983776164706796408e-04 2.054894808679819107e-03
1.941474765771999955e-04 2.058835467323660851e-03
1.955931656993925571e-04 2.072326838970184326e-03
2.981883299071341753e-04 2.108093118295073509e-03
4.752026870846748352e-04 2.137928502634167671e-03
6.100926548242568970e-04 2.140071475878357887e-03
6.004238384775817394e-04 2.134345937520265579e-03
5.296512390486896038e-04 2.112095709890127182e-03
4.329587682150304317e-04 2.093778224661946297e-03
3.332608903292566538e-04 2.084410982206463814e-03
2.710863773245364428e-04 2.067336346954107285e-03
2.182567259296774864e-04 2.054072218015789986e-03
2.302443608641624451e-04 2.068379661068320274e-03
3.999384643975645304e-04 2.096071140840649605e-03
5.364826647564768791e-04 2.121200086548924446e-03
6.109742098487913609e-04 2.115163486450910568e-03
5.728719406761229038e-04 2.098255557939410210e-03
4.445007361937314272e-04 2.063497900962829590e-03
2.476643130648881197e-04 2.100399229675531387e-03
4.097055061720311642e-04 2.159866038709878922e-03
7.917373441159725189e-04 2.239709720015525818e-03
1.018938026390969753e-03 2.274619182571768761e-03
9.109299280680716038e-04 2.139987191185355186e-03
5.342816002666950226e-04 2.053194446489214897e-03
2.697329618968069553e-04 2.083677798509597778e-03
4.746394406538456678e-04 2.106263535097241402e-03
5.265856743790209293e-04 2.087336732074618340e-03
3.522905171848833561e-04 2.076971111819148064e-03
2.523135626688599586e-04 2.107526175677776337e-03
4.283265443518757820e-04 2.131744287908077240e-03
5.712668062187731266e-04 2.136683324351906776e-03
5.177977145649492741e-04 2.106263535097241402e-03
3.990120603702962399e-04 2.081719227135181427e-03
3.305609570816159248e-04 2.069288399070501328e-03
2.256777952425181866e-04 2.061624312773346901e-03
2.375232870690524578e-04 2.062665764242410660e-03
2.678856835700571537e-04 2.064646454527974129e-03
2.597692364361137152e-04 2.058522542938590050e-03
2.264948125230148435e-04 2.059810562059283257e-03
2.095039380947127938e-04 2.073636511340737343e-03
2.935842494480311871e-04 2.091887639835476875e-03
3.760289109777659178e-04 2.098426921293139458e-03
4.193476343061774969e-04 2.090110443532466888e-03
3.583360812626779079e-04 2.075129421427845955e-03
2.417073555989190936e-04 2.060770988464355469e-03
2.048153692157939076e-04 2.062632469460368156e-03
2.487006713636219501e-04 2.061427105218172073e-03
2.564111782703548670e-04 2.057098783552646637e-03
2.324734086869284511e-04 2.055296674370765686e-03
1.995175407500937581e-04 2.066279761493206024e-03
2.213862753706052899e-04 2.072292612865567207e-03
2.503896248526871204e-04 2.071538241580128670e-03
2.601795713417232037e-04 2.083788625895977020e-03
3.125605871900916100e-04 2.082711784169077873e-03
2.874392375815659761e-04 2.060525119304656982e-03
2.014236524701118469e-04 2.057135570794343948e-03
3.359396068844944239e-04 2.075935481116175652e-03
4.577817744575440884e-04 2.079507336020469666e-03
4.589091404341161251e-04 2.077789744362235069e-03
4.357642319519072771e-04 2.070416929200291634e-03
3.794827207457274199e-04 2.054858952760696411e-03
2.632163814269006252e-04 2.049776259809732437e-03
2.042931446339935064e-04 2.058029640465974808e-03
2.172480308217927814e-04 2.060232684016227722e-03
2.003183035412803292e-04 2.057475736364722252e-03
1.958330540219321847e-04 2.059801016002893448e-03
1.920361683005467057e-04 2.058799378573894501e-03
1.943231181940063834e-04 2.052589086815714836e-03
2.035201614489778876e-04 2.057660371065139771e-03
1.934328902279958129e-04 2.082984661683440208e-03
3.323302662465721369e-04 2.102615777403116226e-03
4.514256434049457312e-04 2.112396061420440674e-03
5.042050615884363651e-04 2.137789735570549965e-03
5.284581566229462624e-04 2.116832416504621506e-03
4.594742495100945234e-04 2.094093477353453636e-03
3.797450917772948742e-04 2.094251336529850960e-03
3.223869425710290670e-04 2.076775534078478813e-03
2.646413631737232208e-04 2.056019613519310951e-03
2.112093352479860187e-04 2.062669256702065468e-03
3.212630981579422951e-04 2.082275226712226868e-03
5.140068824402987957e-04 2.130827866494655609e-03
6.623764638788998127e-04 2.113250549882650375e-03
5.157778505235910416e-04 2.064745407551527023e-03
2.661256003193557262e-04 2.069278620183467865e-03
2.818388165906071663e-04 2.116646850481629372e-03
4.997533978894352913e-04 2.155750524252653122e-03
6.504021002911031246e-04 2.157954266294836998e-03
6.713217590004205704e-04 2.118976088240742683e-03
5.106074386276304722e-04 2.095389412716031075e-03
2.886075817514210939e-04 2.063314663246273994e-03
2.673570415936410427e-04 2.075067255645990372e-03
3.920257731806486845e-04 2.088596578687429428e-03
4.422061610966920853e-04 2.081011421978473663e-03
4.372763214632868767e-04 2.064210362732410431e-03
3.420687862671911716e-04 2.065392676740884781e-03
2.524835872463881969e-04 2.067949855700135231e-03
2.314761077286675572e-04 2.091612899675965309e-03
4.487598780542612076e-04 2.161963842809200287e-03
6.865637260489165783e-04 2.173972083255648613e-03
7.165914867073297501e-04 2.132571069523692131e-03
5.337315378710627556e-04 2.095123054459691048e-03
2.978913835249841213e-04 2.071004826575517654e-03
2.225277567049488425e-04 2.059649908915162086e-03
2.791272127069532871e-04 2.064263680949807167e-03
3.761293482966721058e-04 2.097847172990441322e-03
5.224159103818237782e-04 2.094088355079293251e-03
4.524355172179639339e-04 2.071284223347902298e-03
2.998732379637658596e-04 2.066552871838212013e-03
2.271738776471465826e-04 2.094621770083904266e-03
3.997947787865996361e-04 2.154327230527997017e-03
6.167009123601019382e-04 2.171694999560713768e-03
6.758123054169118404e-04 2.138692652806639671e-03
6.083335611037909985e-04 2.136768540367484093e-03
5.229691741988062859e-04 2.098506549373269081e-03
3.182331565767526627e-04 2.058869227766990662e-03
2.389081928413361311e-04 2.073551993817090988e-03
3.954517014790326357e-04 2.093436196446418762e-03
4.909486742690205574e-04 2.069588983431458473e-03
3.744609130080789328e-04 2.054041717201471329e-03
2.315399615326896310e-04 2.071750815957784653e-03
3.073773405048996210e-04 2.116313669830560684e-03
5.640764720737934113e-04 2.137074014171957970e-03
5.816069315187633038e-04 2.118756528943777084e-03
4.139132215641438961e-04 2.068327507004141808e-03
