3.645395812988281250e+02 3.648166198730468750e+02
3.642408142089843750e+02 3.641217956542968750e+02
1.764395599365234375e+02 1.767023925781250000e+02
1.825554046630859375e+02 1.825405731201171875e+02
2.467087860107421875e+02 2.474768829345703125e+02
2.327551116943359375e+02 2.326529846191406250e+02
1.506475677490234375e+02 1.508264770507812500e+02
2.678855895996093750e+02 2.681756896972656250e+02
2.568591918945312500e+02 2.571958923339843750e+02
2.050494537353515625e+02 2.052497253417968750e+02
1.585853881835937500e+02 1.587855224609375000e+02
4.189458312988281250e+02 4.188991088867187500e+02
2.122478027343750000e+02 2.123782043457031250e+02
3.582427673339843750e+02 3.582041625976562500e+02
3.593347167968750000e+02 3.598256225585937500e+02
1.574532928466796875e+02 1.578517913818359375e+02
3.476441650390625000e+02 3.480387573242187500e+02
2.202837066650390625e+02 2.202603759765625000e+02
2.161405639648437500e+02 2.163496856689453125e+02
2.304214477539062500e+02 2.304737548828125000e+02
1.875835113525390625e+02 1.878657379150390625e+02
3.657479553222656250e+02 3.651041259765625000e+02
1.781559753417968750e+02 1.784867706298828125e+02
1.850085449218750000e+02 1.851887359619140625e+02
2.665760803222656250e+02 2.671963500976562500e+02
3.671684265136718750e+02 3.673732910156250000e+02
3.349220886230468750e+02 3.349233398437500000e+02
3.853265380859375000e+02 3.854583740234375000e+02
3.678549194335937500e+02 3.681169128417968750e+02
2.385435333251953125e+02 2.385649414062500000e+02
3.511200561523437500e+02 3.516329650878906250e+02
1.418047332763671875e+02 1.419188385009765625e+02
3.318615112304687500e+02 3.320491027832031250e+02
2.219102172851562500e+02 2.220121002197265625e+02
3.787092895507812500e+02 3.784143676757812500e+02
3.587319335937500000e+02 3.582621459960937500e+02
4.269519958496093750e+02 4.266521911621093750e+02
4.102942199707031250e+02 4.107476501464843750e+02
2.388700714111328125e+02 2.392753601074218750e+02
3.317466430664062500e+02 3.322195129394531250e+02
1.736035003662109375e+02 1.738399505615234375e+02
1.747950286865234375e+02 1.752767791748046875e+02
2.450021057128906250e+02 2.448612823486328125e+02
2.385713958740234375e+02 2.390870208740234375e+02
1.608681335449218750e+02 1.607815246582031250e+02
3.470742187500000000e+02 3.482807617187500000e+02
1.405454101562500000e+02 1.405236053466796875e+02
1.938446044921875000e+02 1.937601013183593750e+02
2.702633056640625000e+02 2.700354614257812500e+02
1.976138763427734375e+02 1.974142761230468750e+02
3.612648925781250000e+02 3.615736389160156250e+02
4.054632263183593750e+02 4.060170593261718750e+02
3.460769042968750000e+02 3.459479064941406250e+02
3.475321044921875000e+02 3.470485839843750000e+02
3.319671630859375000e+02 3.319573059082031250e+02
1.563057250976562500e+02 1.564833221435546875e+02
1.608813018798828125e+02 1.609040527343750000e+02
2.053928527832031250e+02 2.053417205810546875e+02
2.576996459960937500e+02 2.575770568847656250e+02
1.718514709472656250e+02 1.717754364013671875e+02
2.510689239501953125e+02 2.513084411621093750e+02
1.471753082275390625e+02 1.471633300781250000e+02
2.275307922363281250e+02 2.278665313720703125e+02
4.179215087890625000e+02 4.177648315429687500e+02
1.843008270263671875e+02 1.848306579589843750e+02
2.661754455566406250e+02 2.667102050781250000e+02
3.311951293945312500e+02 3.311842651367187500e+02
2.609972229003906250e+02 2.607118225097656250e+02
1.594566955566406250e+02 1.596106109619140625e+02
3.350376586914062500e+02 3.353276367187500000e+02
1.400066986083984375e+02 1.400940856933593750e+02
3.613834838867187500e+02 3.611969299316406250e+02
2.369184722900390625e+02 2.371021575927734375e+02
1.854746856689453125e+02 1.855998687744140625e+02
2.276797790527343750e+02 2.275245208740234375e+02
3.574060058593750000e+02 3.569689331054687500e+02
3.486123657226562500e+02 3.488804016113281250e+02
2.671184387207031250e+02 2.674319152832031250e+02
2.237929687500000000e+02 2.240474853515625000e+02
1.759182281494140625e+02 1.757540130615234375e+02
3.969196777343750000e+02 3.965920715332031250e+02
1.988951721191406250e+02 1.989053497314453125e+02
2.486470947265625000e+02 2.487109832763671875e+02
2.607333068847656250e+02 2.610129699707031250e+02
2.258191986083984375e+02 2.256208038330078125e+02
3.515094299316406250e+02 3.519166259765625000e+02
1.696996765136718750e+02 1.696989593505859375e+02
2.415963287353515625e+02 2.418565979003906250e+02
3.577852172851562500e+02 3.571245727539062500e+02
1.521508026123046875e+02 1.522396240234375000e+02
2.260359954833984375e+02 2.263596038818359375e+02
3.630872802734375000e+02 3.625605163574218750e+02
2.900325012207031250e+02 2.902832946777343750e+02
3.702095031738281250e+02 3.700693359375000000e+02
3.488323059082031250e+02 3.490339965820312500e+02
3.460463562011718750e+02 3.463071289062500000e+02
2.518173522949218750e+02 2.512800750732421875e+02
3.588071899414062500e+02 3.586397705078125000e+02
4.339112243652343750e+02 4.337934570312500000e+02
3.466656799316406250e+02 3.468716735839843750e+02
2.767607421875000000e+02 2.769582214355468750e+02
3.315738830566406250e+02 3.321833496093750000e+02
3.574431152343750000e+02 3.572981872558593750e+02
1.880449829101562500e+02 1.884559631347656250e+02
4.047626037597656250e+02 4.046793518066406250e+02
3.932586059570312500e+02 3.932259826660156250e+02
1.880480346679687500e+02 1.881024169921875000e+02
3.903134765625000000e+02 3.900289306640625000e+02
1.354248809814453125e+02 1.353079681396484375e+02
3.325206909179687500e+02 3.324953002929687500e+02
2.256239318847656250e+02 2.254528045654296875e+02
3.791546020507812500e+02 3.795409545898437500e+02
2.521123352050781250e+02 2.520496826171875000e+02
1.666369628906250000e+02 1.667093048095703125e+02
1.913598937988281250e+02 1.912850189208984375e+02
2.392886199951171875e+02 2.390776214599609375e+02
1.709274749755859375e+02 1.711292572021484375e+02
2.109862060546875000e+02 2.114943237304687500e+02
2.385928649902343750e+02 2.383432312011718750e+02
1.748324737548828125e+02 1.749043426513671875e+02
1.819406890869140625e+02 1.818449554443359375e+02
2.271633300781250000e+02 2.272360687255859375e+02
2.890476379394531250e+02 2.888905944824218750e+02
2.601148376464843750e+02 2.601213073730468750e+02
1.759145202636718750e+02 1.758998260498046875e+02
2.458592681884765625e+02 2.461183319091796875e+02
3.586542358398437500e+02 3.593371582031250000e+02
3.457388610839843750e+02 3.457550964355468750e+02
1.758229980468750000e+02 1.761331481933593750e+02
4.259371643066406250e+02 4.255649414062500000e+02
3.460403137207031250e+02 3.454369506835937500e+02
2.258925323486328125e+02 2.264401550292968750e+02
2.542188415527343750e+02 2.547174682617187500e+02
3.082249755859375000e+02 3.083172912597656250e+02
1.590178070068359375e+02 1.589653167724609375e+02
1.966812438964843750e+02 1.965768890380859375e+02
1.932092742919921875e+02 1.935239105224609375e+02
3.647301025390625000e+02 3.649944458007812500e+02
3.473723754882812500e+02 3.475660705566406250e+02
1.507194366455078125e+02 1.509664306640625000e+02
1.787027587890625000e+02 1.787826690673828125e+02
3.786443786621093750e+02 3.783441162109375000e+02
1.730191345214843750e+02 1.729917602539062500e+02
3.645515441894531250e+02 3.648885498046875000e+02
2.161765594482421875e+02 2.162917480468750000e+02
1.871796112060546875e+02 1.872654876708984375e+02
3.775074157714843750e+02 3.776011657714843750e+02
1.980614318847656250e+02 1.979878540039062500e+02
1.576934204101562500e+02 1.573612060546875000e+02
4.148604125976562500e+02 4.147947998046875000e+02
2.202376861572265625e+02 2.204152679443359375e+02
1.848601684570312500e+02 1.849339294433593750e+02
1.827281036376953125e+02 1.827889709472656250e+02
1.797407989501953125e+02 1.796000061035156250e+02
1.478963317871093750e+02 1.481634063720703125e+02
3.348319396972656250e+02 3.350787963867187500e+02
2.444488983154296875e+02 2.450387115478515625e+02
3.465696716308593750e+02 3.469407348632812500e+02
3.319403991699218750e+02 3.313842163085937500e+02
1.606677093505859375e+02 1.606530914306640625e+02
2.483057403564453125e+02 2.486469726562500000e+02
1.792611999511718750e+02 1.794126739501953125e+02
1.486592407226562500e+02 1.490646667480468750e+02
3.318592224121093750e+02 3.320003662109375000e+02
1.911641235351562500e+02 1.911822509765625000e+02
2.727770385742187500e+02 2.730874633789062500e+02
3.099185485839843750e+02 3.103730163574218750e+02
1.677897186279296875e+02 1.679921417236328125e+02
3.631747741699218750e+02 3.636586303710937500e+02
3.649732055664062500e+02 3.641196594238281250e+02
3.481032714843750000e+02 3.481105957031250000e+02
2.467169799804687500e+02 2.462256011962890625e+02
2.217805633544921875e+02 2.215201263427734375e+02
3.691936340332031250e+02 3.693341674804687500e+02
2.252590179443359375e+02 2.253225097656250000e+02
2.564865722656250000e+02 2.565510253906250000e+02
3.646161804199218750e+02 3.647144775390625000e+02
1.603005981445312500e+02 1.602015838623046875e+02
3.471150207519531250e+02 3.468751831054687500e+02
1.287212982177734375e+02 1.287170410156250000e+02
4.226066894531250000e+02 4.227821350097656250e+02
2.368175964355468750e+02 2.367604064941406250e+02
3.307525634765625000e+02 3.316585388183593750e+02
3.792132873535156250e+02 3.791814575195312500e+02
2.367287292480468750e+02 2.365898437500000000e+02
2.339742431640625000e+02 2.338674926757812500e+02
1.701140594482421875e+02 1.704668884277343750e+02
1.571160278320312500e+02 1.571666259765625000e+02
3.318439025878906250e+02 3.320783386230468750e+02
3.586718750000000000e+02 3.586241455078125000e+02
1.660326690673828125e+02 1.659345092773437500e+02
3.616356506347656250e+02 3.619483947753906250e+02
1.851289062500000000e+02 1.851706237792968750e+02
1.985281219482421875e+02 1.986380462646484375e+02
3.478707580566406250e+02 3.470808715820312500e+02
2.341010894775390625e+02 2.338672637939453125e+02
1.809803924560546875e+02 1.812157592773437500e+02
1.269821395874023438e+02 1.271547241210937500e+02
2.636825561523437500e+02 2.637630615234375000e+02
3.477925109863281250e+02 3.474844665527343750e+02
4.403881530761718750e+02 4.404089355468750000e+02
3.580227355957031250e+02 3.572015380859375000e+02
3.319253540039062500e+02 3.323361206054687500e+02
2.260318756103515625e+02 2.261821289062500000e+02
1.592779388427734375e+02 1.592355499267578125e+02
1.659890289306640625e+02 1.661674804687500000e+02
4.054783325195312500e+02 4.059293212890625000e+02
3.346200256347656250e+02 3.345091247558593750e+02
2.108228302001953125e+02 2.110985260009765625e+02
3.809225769042968750e+02 3.811638488769531250e+02
2.040921478271484375e+02 2.039193878173828125e+02
1.654663391113281250e+02 1.654398193359375000e+02
1.735229339599609375e+02 1.737103424072265625e+02
2.436764221191406250e+02 2.435240173339843750e+02
3.844987792968750000e+02 3.842990417480468750e+02
3.321192321777343750e+02 3.323159484863281250e+02
1.936899414062500000e+02 1.942236785888671875e+02
2.461629638671875000e+02 2.461995239257812500e+02
1.623907012939453125e+02 1.624886627197265625e+02
1.724124603271484375e+02 1.726915130615234375e+02
3.695845031738281250e+02 3.696678161621093750e+02
2.451292266845703125e+02 2.451490173339843750e+02
1.875768127441406250e+02 1.875355224609375000e+02
2.323232421875000000e+02 2.323045196533203125e+02
1.929853820800781250e+02 1.928709106445312500e+02
1.821238861083984375e+02 1.823022308349609375e+02
1.974895477294921875e+02 1.975247192382812500e+02
1.287258148193359375e+02 1.288177185058593750e+02
3.630462341308593750e+02 3.630938110351562500e+02
1.836846466064453125e+02 1.838439331054687500e+02
3.766815795898437500e+02 3.766900939941406250e+02
1.610741577148437500e+02 1.610335083007812500e+02
1.697830810546875000e+02 1.697994842529296875e+02
1.910449066162109375e+02 1.913469085693359375e+02
4.464592895507812500e+02 4.462454833984375000e+02
3.586621093750000000e+02 3.589148559570312500e+02
1.559922790527343750e+02 1.561075744628906250e+02
1.714098205566406250e+02 1.714524383544921875e+02
3.643838806152343750e+02 3.643968505859375000e+02
1.798449707031250000e+02 1.799952697753906250e+02
2.616561889648437500e+02 2.619470825195312500e+02
2.367409820556640625e+02 2.370942230224609375e+02
1.935397949218750000e+02 1.932982177734375000e+02
3.358723754882812500e+02 3.356406555175781250e+02
2.368789978027343750e+02 2.373928680419921875e+02
1.830291137695312500e+02 1.830503997802734375e+02
2.010460205078125000e+02 2.012943878173828125e+02
2.130003051757812500e+02 2.130971527099609375e+02
2.342308502197265625e+02 2.343688964843750000e+02
1.798309020996093750e+02 1.798152618408203125e+02
2.714995422363281250e+02 2.719043273925781250e+02
1.392259826660156250e+02 1.392762298583984375e+02
4.033690490722656250e+02 4.031795043945312500e+02
2.808607482910156250e+02 2.812365417480468750e+02
2.367137298583984375e+02 2.368772583007812500e+02
3.796025085449218750e+02 3.798174743652343750e+02
2.091070098876953125e+02 2.092558746337890625e+02
2.257066345214843750e+02 2.260439758300781250e+02
2.610827026367187500e+02 2.613511657714843750e+02
3.577079772949218750e+02 3.577375488281250000e+02
3.897517700195312500e+02 3.890868530273437500e+02
3.485656738281250000e+02 3.480093688964843750e+02
3.306851501464843750e+02 3.310518493652343750e+02
2.332965850830078125e+02 2.333194274902343750e+02
1.491371917724609375e+02 1.489946746826171875e+02
2.536702728271484375e+02 2.545255126953125000e+02
2.913442993164062500e+02 2.913734436035156250e+02
1.757550354003906250e+02 1.754579010009765625e+02
2.147680816650390625e+02 2.148992156982421875e+02
1.672802429199218750e+02 1.671994323730468750e+02
2.038202209472656250e+02 2.040019378662109375e+02
2.256989593505859375e+02 2.268675231933593750e+02
2.078609619140625000e+02 2.081206970214843750e+02
2.258782958984375000e+02 2.256079559326171875e+02
3.490642700195312500e+02 3.491002197265625000e+02
2.405519409179687500e+02 2.407063598632812500e+02
3.443283691406250000e+02 3.448328552246093750e+02
1.546180267333984375e+02 1.546405944824218750e+02
2.607949829101562500e+02 2.609505615234375000e+02
1.768855285644531250e+02 1.769694976806640625e+02
4.204553222656250000e+02 4.201043395996093750e+02
3.347741394042968750e+02 3.346073608398437500e+02
3.784288635253906250e+02 3.780351257324218750e+02
3.590992736816406250e+02 3.591939392089843750e+02
3.706457824707031250e+02 3.702627868652343750e+02
1.707893829345703125e+02 1.703846893310546875e+02
3.321273193359375000e+02 3.323872680664062500e+02
1.734597015380859375e+02 1.735710754394531250e+02
2.473428344726562500e+02 2.475139770507812500e+02
3.456840515136718750e+02 3.465429382324218750e+02
3.931556091308593750e+02 3.925854492187500000e+02
3.641383666992187500e+02 3.643572692871093750e+02
3.486609802246093750e+02 3.487355041503906250e+02
1.762997131347656250e+02 1.764234161376953125e+02
3.459749755859375000e+02 3.458085021972656250e+02
2.372551574707031250e+02 2.376884765625000000e+02
2.342699127197265625e+02 2.341436767578125000e+02
3.792548828125000000e+02 3.790148010253906250e+02
3.648014831542968750e+02 3.651520996093750000e+02
3.456765136718750000e+02 3.462089538574218750e+02
1.927225799560546875e+02 1.929855957031250000e+02
3.320554504394531250e+02 3.320045166015625000e+02
2.366074676513671875e+02 2.361015625000000000e+02
2.565071411132812500e+02 2.563068542480468750e+02
1.589249114990234375e+02 1.592817382812500000e+02
1.649156188964843750e+02 1.649449920654296875e+02
2.297946777343750000e+02 2.301080780029296875e+02
3.305176086425781250e+02 3.303347778320312500e+02
2.392686614990234375e+02 2.393494873046875000e+02
3.768744506835937500e+02 3.767341003417968750e+02
1.452557525634765625e+02 1.456092987060546875e+02
3.724507141113281250e+02 3.723737182617187500e+02
3.822973022460937500e+02 3.818994750976562500e+02
3.685831909179687500e+02 3.683358154296875000e+02
2.049696655273437500e+02 2.056421661376953125e+02
4.165338439941406250e+02 4.167429199218750000e+02
2.258078460693359375e+02 2.256647338867187500e+02
3.576187438964843750e+02 3.572431335449218750e+02
3.493133544921875000e+02 3.493340454101562500e+02
2.104651794433593750e+02 2.108412933349609375e+02
1.467922515869140625e+02 1.467160339355468750e+02
1.797442932128906250e+02 1.801752624511718750e+02
2.250483398437500000e+02 2.249040832519531250e+02
3.842597351074218750e+02 3.845285644531250000e+02
2.876075744628906250e+02 2.877978210449218750e+02
1.830785217285156250e+02 1.834628906250000000e+02
2.392183837890625000e+02 2.389862518310546875e+02
1.660020446777343750e+02 1.663592224121093750e+02
2.313862152099609375e+02 2.314430847167968750e+02
3.320682067871093750e+02 3.323345031738281250e+02
3.910035400390625000e+02 3.912075195312500000e+02
1.974455718994140625e+02 1.976627044677734375e+02
3.482728271484375000e+02 3.483535766601562500e+02
3.461542358398437500e+02 3.454513549804687500e+02
3.091498107910156250e+02 3.094534912109375000e+02
1.811835937500000000e+02 1.813896026611328125e+02
1.794537048339843750e+02 1.794951629638671875e+02
3.850911254882812500e+02 3.853961791992187500e+02
1.986795349121093750e+02 1.987695465087890625e+02
3.819980773925781250e+02 3.819923400878906250e+02
1.794615020751953125e+02 1.794608001708984375e+02
2.444566497802734375e+02 2.447837829589843750e+02
1.760684051513671875e+02 1.760295104980468750e+02
1.477499847412109375e+02 1.479665679931640625e+02
3.318760375976562500e+02 3.315787048339843750e+02
2.761697387695312500e+02 2.766118469238281250e+02
3.631288757324218750e+02 3.636129150390625000e+02
1.963728332519531250e+02 1.963242034912109375e+02
3.689685974121093750e+02 3.690211486816406250e+02
1.830745544433593750e+02 1.832278442382812500e+02
1.824581298828125000e+02 1.823352813720703125e+02
1.630450897216796875e+02 1.632246093750000000e+02
3.646112976074218750e+02 3.645018615722656250e+02
1.795304260253906250e+02 1.796677856445312500e+02
6.070697021484375000e+02 6.071920166015625000e+02
2.366997222900390625e+02 2.369141540527343750e+02
2.494606323242187500e+02 2.495106506347656250e+02
2.309092559814453125e+02 2.311444549560546875e+02
2.646159057617187500e+02 2.649304504394531250e+02
2.963787536621093750e+02 2.965213623046875000e+02
3.455879211425781250e+02 3.456338195800781250e+02
1.889738464355468750e+02 1.891457214355468750e+02
4.947844238281250000e+02 4.948520507812500000e+02
2.261383056640625000e+02 2.266067810058593750e+02
1.603864898681640625e+02 1.605524749755859375e+02
1.509671020507812500e+02 1.508367309570312500e+02
2.346637725830078125e+02 2.338739013671875000e+02
3.672985229492187500e+02 3.675712890625000000e+02
3.474875793457031250e+02 3.475894165039062500e+02
2.027653656005859375e+02 2.030799407958984375e+02
1.531046447753906250e+02 1.531326751708984375e+02
2.384091491699218750e+02 2.385338287353515625e+02
3.671297607421875000e+02 3.670649108886718750e+02
3.713172302246093750e+02 3.713112487792968750e+02
2.385662536621093750e+02 2.386195678710937500e+02
1.763610076904296875e+02 1.764420623779296875e+02
3.656911010742187500e+02 3.653389892578125000e+02
2.021272277832031250e+02 2.024720001220703125e+02
3.523632507324218750e+02 3.517294006347656250e+02
3.709717712402343750e+02 3.712637939453125000e+02
2.077726440429687500e+02 2.079625396728515625e+02
3.646915588378906250e+02 3.639851074218750000e+02
2.346534423828125000e+02 2.347864837646484375e+02
3.665260314941406250e+02 3.666074829101562500e+02
2.514438018798828125e+02 2.516946716308593750e+02
2.443175659179687500e+02 2.444059906005859375e+02
1.831359558105468750e+02 1.831274566650390625e+02
3.593374023437500000e+02 3.591122741699218750e+02
1.950811462402343750e+02 1.953191833496093750e+02
3.475356445312500000e+02 3.475987548828125000e+02
2.261368103027343750e+02 2.262814636230468750e+02
2.971290283203125000e+02 2.974459533691406250e+02
2.482475280761718750e+02 2.483189086914062500e+02
1.481815490722656250e+02 1.481737823486328125e+02
3.577211303710937500e+02 3.571034851074218750e+02
3.295386657714843750e+02 3.298884887695312500e+02
2.952559814453125000e+02 2.955219421386718750e+02
3.588950805664062500e+02 3.588301086425781250e+02
3.833781127929687500e+02 3.833936462402343750e+02
3.616547241210937500e+02 3.617991943359375000e+02
1.540685577392578125e+02 1.546866607666015625e+02
3.576854248046875000e+02 3.580161437988281250e+02
1.907988128662109375e+02 1.911308746337890625e+02
1.746047058105468750e+02 1.745672302246093750e+02
3.899209289550781250e+02 3.902785034179687500e+02
2.623431091308593750e+02 2.626674499511718750e+02
2.603475646972656250e+02 2.607597351074218750e+02
2.442140350341796875e+02 2.444047393798828125e+02
3.579438781738281250e+02 3.582783508300781250e+02
1.674165039062500000e+02 1.673127593994140625e+02
1.995153503417968750e+02 1.996810760498046875e+02
3.346353454589843750e+02 3.353981628417968750e+02
1.782304077148437500e+02 1.779862976074218750e+02
2.310563659667968750e+02 2.309771423339843750e+02
2.274182586669921875e+02 2.274479217529296875e+02
3.627444763183593750e+02 3.625001220703125000e+02
4.120075378417968750e+02 4.120643005371093750e+02
1.743040161132812500e+02 1.745747070312500000e+02
3.663731994628906250e+02 3.664580383300781250e+02
2.384816589355468750e+02 2.384991302490234375e+02
3.571707763671875000e+02 3.573392333984375000e+02
2.478146667480468750e+02 2.480831146240234375e+02
2.518466949462890625e+02 2.518894653320312500e+02
2.517510070800781250e+02 2.517383117675781250e+02
1.626395568847656250e+02 1.628560943603515625e+02
1.785717010498046875e+02 1.786660919189453125e+02
3.593867187500000000e+02 3.590749816894531250e+02
2.878262634277343750e+02 2.876255798339843750e+02
3.321972961425781250e+02 3.322042846679687500e+02
1.506629943847656250e+02 1.507783050537109375e+02
1.894348754882812500e+02 1.896978912353515625e+02
2.161936340332031250e+02 2.164744720458984375e+02
1.982390899658203125e+02 1.983129730224609375e+02
2.460042114257812500e+02 2.463825683593750000e+02
2.345159606933593750e+02 2.350890350341796875e+02
3.641134948730468750e+02 3.642376098632812500e+02
3.328277587890625000e+02 3.331686401367187500e+02
4.122006835937500000e+02 4.121633911132812500e+02
2.127373352050781250e+02 2.129912109375000000e+02
2.462239990234375000e+02 2.461433410644531250e+02
1.982182769775390625e+02 1.982401885986328125e+02
3.711900024414062500e+02 3.715489807128906250e+02
2.542532348632812500e+02 2.544454650878906250e+02
3.583297729492187500e+02 3.596004943847656250e+02
2.925176696777343750e+02 2.928232116699218750e+02
3.323522338867187500e+02 3.326126098632812500e+02
1.535656280517578125e+02 1.537001190185546875e+02
3.702628784179687500e+02 3.703165588378906250e+02
2.164778289794921875e+02 2.164024353027343750e+02
2.949091796875000000e+02 2.949062805175781250e+02
1.558876037597656250e+02 1.560634613037109375e+02
1.479940185546875000e+02 1.478515319824218750e+02
1.509875488281250000e+02 1.513435821533203125e+02
1.961716461181640625e+02 1.958220367431640625e+02
2.461473236083984375e+02 2.460697631835937500e+02
1.897309417724609375e+02 1.898879089355468750e+02
1.849786071777343750e+02 1.851298217773437500e+02
1.467796020507812500e+02 1.470602416992187500e+02
3.897968444824218750e+02 3.898372497558593750e+02
1.541942901611328125e+02 1.546954803466796875e+02
1.911760559082031250e+02 1.914077758789062500e+02
3.616555480957031250e+02 3.616098632812500000e+02
3.947730407714843750e+02 3.945611572265625000e+02
4.403866271972656250e+02 4.403099365234375000e+02
4.713153076171875000e+02 4.711486206054687500e+02
2.363363647460937500e+02 2.365492553710937500e+02
3.322918395996093750e+02 3.326196289062500000e+02
1.795154571533203125e+02 1.798105926513671875e+02
1.687700958251953125e+02 1.692400970458984375e+02
2.659932556152343750e+02 2.663279113769531250e+02
2.414394073486328125e+02 2.423222351074218750e+02
2.019084930419921875e+02 2.016794433593750000e+02
1.830094299316406250e+02 1.829837036132812500e+02
1.871219024658203125e+02 1.872462005615234375e+02
2.392332611083984375e+02 2.397254638671875000e+02
2.460781250000000000e+02 2.456805114746093750e+02
1.855853881835937500e+02 1.856236724853515625e+02
3.321963806152343750e+02 3.318353576660156250e+02
2.629428710937500000e+02 2.630960388183593750e+02
3.642532043457031250e+02 3.646734008789062500e+02
1.651384124755859375e+02 1.653780059814453125e+02
3.457546691894531250e+02 3.458717956542968750e+02
1.742156066894531250e+02 1.747625732421875000e+02
2.126413116455078125e+02 2.129544677734375000e+02
4.327122802734375000e+02 4.325430297851562500e+02
1.409897918701171875e+02 1.410349731445312500e+02
3.638760986328125000e+02 3.641445312500000000e+02
1.422618103027343750e+02 1.423406677246093750e+02
1.899306793212890625e+02 1.901924896240234375e+02
3.487185974121093750e+02 3.487120056152343750e+02
1.852058105468750000e+02 1.848812103271484375e+02
1.580022888183593750e+02 1.580865478515625000e+02
2.459247131347656250e+02 2.461398468017578125e+02
2.383956146240234375e+02 2.384714813232421875e+02
3.881036071777343750e+02 3.879052429199218750e+02
2.568018798828125000e+02 2.566921081542968750e+02
1.568151855468750000e+02 1.569611053466796875e+02
3.634424133300781250e+02 3.637882690429687500e+02
3.579452209472656250e+02 3.574828186035156250e+02
2.191559753417968750e+02 2.192247467041015625e+02
1.720211181640625000e+02 1.721232147216796875e+02
4.086625061035156250e+02 4.084225463867187500e+02
3.462821044921875000e+02 3.463416442871093750e+02
3.818758239746093750e+02 3.815455322265625000e+02
2.326100158691406250e+02 2.328444366455078125e+02
2.562319335937500000e+02 2.562909851074218750e+02
2.635192565917968750e+02 2.638592529296875000e+02
1.920673370361328125e+02 1.917276916503906250e+02
3.472524108886718750e+02 3.477253417968750000e+02
1.639203948974609375e+02 1.640608367919921875e+02
3.320359497070312500e+02 3.319974670410156250e+02
1.702143249511718750e+02 1.698372802734375000e+02
2.750767517089843750e+02 2.752433166503906250e+02
2.475321044921875000e+02 2.478809967041015625e+02
1.542480163574218750e+02 1.544208374023437500e+02
1.426114959716796875e+02 1.427371368408203125e+02
1.593853149414062500e+02 1.596152343750000000e+02
3.319244995117187500e+02 3.316090698242187500e+02
4.514025573730468750e+02 4.513307800292968750e+02
1.743660278320312500e+02 1.745468444824218750e+02
4.234153137207031250e+02 4.234819030761718750e+02
3.476636962890625000e+02 3.475981750488281250e+02
4.021436157226562500e+02 4.020938720703125000e+02
3.461655273437500000e+02 3.464011230468750000e+02
1.899533691406250000e+02 1.898637695312500000e+02
2.343827972412109375e+02 2.341865844726562500e+02
2.437396697998046875e+02 2.440737762451171875e+02
2.092263641357421875e+02 2.093506469726562500e+02
1.622001800537109375e+02 1.623437805175781250e+02
2.259985504150390625e+02 2.266984252929687500e+02
2.571913452148437500e+02 2.574489440917968750e+02
3.320276184082031250e+02 3.317090759277343750e+02
3.806688232421875000e+02 3.808578491210937500e+02
3.590133666992187500e+02 3.589553527832031250e+02
3.828341064453125000e+02 3.826469116210937500e+02
2.461262512207031250e+02 2.465466613769531250e+02
1.808413085937500000e+02 1.811287994384765625e+02
3.316759948730468750e+02 3.328015441894531250e+02
4.136280822753906250e+02 4.131487426757812500e+02
1.755057525634765625e+02 1.753683166503906250e+02
1.843889465332031250e+02 1.845065612792968750e+02
2.540371398925781250e+02 2.541880340576171875e+02
3.459544677734375000e+02 3.458377380371093750e+02
1.926026458740234375e+02 1.925496215820312500e+02
3.666247253417968750e+02 3.667351074218750000e+02
3.965774230957031250e+02 3.967071838378906250e+02
1.748520965576171875e+02 1.753264923095703125e+02
1.509482116699218750e+02 1.514026031494140625e+02
1.940109558105468750e+02 1.942350311279296875e+02
2.102772216796875000e+02 2.102313690185546875e+02
3.457658996582031250e+02 3.455347900390625000e+02
4.147007141113281250e+02 4.145554199218750000e+02
1.708967132568359375e+02 1.710886077880859375e+02
1.829217071533203125e+02 1.829147338867187500e+02
1.750330505371093750e+02 1.753820953369140625e+02
4.272324523925781250e+02 4.275328369140625000e+02
1.720803375244140625e+02 1.721375122070312500e+02
1.502880706787109375e+02 1.504038238525390625e+02
2.442277832031250000e+02 2.443215026855468750e+02
2.365557708740234375e+02 2.368138427734375000e+02
1.576775512695312500e+02 1.576040344238281250e+02
2.055467071533203125e+02 2.055383300781250000e+02
3.346254272460937500e+02 3.349764404296875000e+02
2.688125305175781250e+02 2.690015563964843750e+02
1.816610260009765625e+02 1.816263122558593750e+02
3.323195190429687500e+02 3.322967834472656250e+02
3.493252258300781250e+02 3.497523803710937500e+02
2.475773315429687500e+02 2.477126770019531250e+02
3.481542663574218750e+02 3.479569702148437500e+02
4.226728515625000000e+02 4.223679809570312500e+02
3.840332641601562500e+02 3.841304931640625000e+02
1.504699096679687500e+02 1.504162902832031250e+02
2.310766754150390625e+02 2.312854766845703125e+02
4.601621704101562500e+02 4.603631591796875000e+02
1.759619140625000000e+02 1.764098663330078125e+02
3.852778015136718750e+02 3.853413696289062500e+02
1.996845245361328125e+02 1.998770294189453125e+02
1.878893127441406250e+02 1.882629089355468750e+02
1.857775573730468750e+02 1.860337829589843750e+02
4.244727783203125000e+02 4.246280212402343750e+02
2.690442810058593750e+02 2.690211486816406250e+02
2.232753906250000000e+02 2.234042816162109375e+02
4.068197021484375000e+02 4.068702697753906250e+02
3.486291198730468750e+02 3.488255920410156250e+02
2.389303131103515625e+02 2.389402160644531250e+02
1.592742919921875000e+02 1.593099365234375000e+02
1.564513549804687500e+02 1.565896148681640625e+02
2.108417816162109375e+02 2.110116119384765625e+02
1.936346588134765625e+02 1.937671966552734375e+02
1.470050659179687500e+02 1.473388366699218750e+02
2.280691986083984375e+02 2.279230041503906250e+02
1.630151214599609375e+02 1.636107635498046875e+02
2.044799346923828125e+02 2.044487915039062500e+02
1.958819427490234375e+02 1.959575958251953125e+02
1.775669097900390625e+02 1.774816284179687500e+02
2.031871795654296875e+02 2.032531433105468750e+02
2.256547241210937500e+02 2.258757019042968750e+02
3.855852355957031250e+02 3.858152160644531250e+02
2.460979919433593750e+02 2.463586883544921875e+02
1.759722900390625000e+02 1.764753265380859375e+02
3.642817993164062500e+02 3.640827941894531250e+02
3.458453063964843750e+02 3.452444458007812500e+02
2.278050842285156250e+02 2.278277587890625000e+02
2.543899993896484375e+02 2.544323577880859375e+02
1.539639739990234375e+02 1.540305023193359375e+02
3.475503540039062500e+02 3.478056640625000000e+02
3.627125549316406250e+02 3.623352050781250000e+02
2.259346466064453125e+02 2.263955230712890625e+02
2.035668487548828125e+02 2.033841247558593750e+02
1.840158538818359375e+02 1.840430145263671875e+02
2.675669860839843750e+02 2.679528503417968750e+02
1.953138732910156250e+02 1.956290893554687500e+02
3.482115173339843750e+02 3.480671081542968750e+02
3.321381225585937500e+02 3.322113647460937500e+02
3.826713562011718750e+02 3.831661071777343750e+02
1.811560363769531250e+02 1.812984924316406250e+02
4.144421386718750000e+02 4.147282409667968750e+02
2.516286926269531250e+02 2.519237060546875000e+02
1.647184295654296875e+02 1.649439697265625000e+02
3.324703369140625000e+02 3.320420227050781250e+02
2.017583160400390625e+02 2.018953247070312500e+02
1.619393768310546875e+02 1.620650939941406250e+02
1.636766204833984375e+02 1.639813385009765625e+02
2.374355926513671875e+02 2.378278961181640625e+02
2.475960540771484375e+02 2.473714294433593750e+02
2.366419525146484375e+02 2.364531097412109375e+02
2.466522369384765625e+02 2.460902862548828125e+02
1.971686553955078125e+02 1.973264160156250000e+02
2.274338836669921875e+02 2.274083557128906250e+02
2.052633972167968750e+02 2.053894653320312500e+02
1.936832122802734375e+02 1.937265167236328125e+02
3.851518554687500000e+02 3.850561523437500000e+02
3.588626708984375000e+02 3.596754455566406250e+02
3.678853759765625000e+02 3.678159790039062500e+02
3.646397094726562500e+02 3.646161804199218750e+02
2.887397766113281250e+02 2.891534729003906250e+02
3.653386840820312500e+02 3.653749084472656250e+02
3.317684020996093750e+02 3.320526428222656250e+02
2.365746917724609375e+02 2.364276123046875000e+02
3.628630371093750000e+02 3.633706970214843750e+02
3.678930664062500000e+02 3.683914489746093750e+02
2.254949035644531250e+02 2.253088684082031250e+02
3.616978149414062500e+02 3.616615600585937500e+02
1.883436584472656250e+02 1.884195556640625000e+02
2.257960205078125000e+02 2.256112670898437500e+02
1.880258483886718750e+02 1.881891174316406250e+02
2.544684143066406250e+02 2.543252716064453125e+02
2.256889343261718750e+02 2.257237396240234375e+02
1.619724731445312500e+02 1.620965728759765625e+02
3.321886596679687500e+02 3.317148742675781250e+02
2.523488464355468750e+02 2.527905426025390625e+02
4.105607299804687500e+02 4.107876892089843750e+02
2.147006378173828125e+02 2.147873992919921875e+02
1.523455352783203125e+02 1.523042907714843750e+02
1.483836975097656250e+02 1.486582183837890625e+02
3.457168884277343750e+02 3.458356018066406250e+02
3.320132141113281250e+02 3.321947937011718750e+02
2.328515777587890625e+02 2.331200866699218750e+02
1.448641510009765625e+02 1.452667694091796875e+02
1.661037139892578125e+02 1.659750366210937500e+02
3.321319580078125000e+02 3.315228271484375000e+02
3.699880676269531250e+02 3.706318054199218750e+02
1.455179443359375000e+02 1.453901672363281250e+02
2.348452148437500000e+02 2.348630981445312500e+02
2.257265167236328125e+02 2.263303985595703125e+02
1.709555358886718750e+02 1.712346496582031250e+02
1.671555633544921875e+02 1.675704956054687500e+02
2.622917480468750000e+02 2.627715148925781250e+02
2.543310852050781250e+02 2.548739929199218750e+02
3.731306457519531250e+02 3.730074768066406250e+02
3.587929382324218750e+02 3.587944030761718750e+02
2.042544708251953125e+02 2.041048431396484375e+02
3.673486938476562500e+02 3.676773681640625000e+02
3.702043457031250000e+02 3.704270935058593750e+02
1.497389068603515625e+02 1.500802001953125000e+02
2.353660278320312500e+02 2.351867523193359375e+02
2.540374755859375000e+02 2.546188812255859375e+02
2.128002471923828125e+02 2.128725585937500000e+02
1.496510925292968750e+02 1.495083923339843750e+02
3.457061767578125000e+02 3.460318298339843750e+02
1.872724609375000000e+02 1.873212432861328125e+02
3.321529235839843750e+02 3.320433349609375000e+02
2.340523834228515625e+02 2.340688476562500000e+02
2.340138549804687500e+02 2.336848602294921875e+02
3.586393127441406250e+02 3.582324523925781250e+02
2.006559600830078125e+02 2.010156250000000000e+02
1.660877075195312500e+02 1.665736694335937500e+02
2.789092407226562500e+02 2.793289794921875000e+02
1.911152954101562500e+02 1.912555999755859375e+02
3.942299499511718750e+02 3.940744323730468750e+02
1.961892547607421875e+02 1.964256744384765625e+02
2.359146270751953125e+02 2.364817504882812500e+02
1.591421661376953125e+02 1.594128570556640625e+02
3.482950134277343750e+02 3.480787353515625000e+02
4.417027282714843750e+02 4.416372985839843750e+02
1.805479736328125000e+02 1.805644378662109375e+02
1.478087463378906250e+02 1.481645965576171875e+02
1.907589874267578125e+02 1.909058685302734375e+02
2.557334594726562500e+02 2.561127319335937500e+02
3.519269104003906250e+02 3.521538391113281250e+02
3.313711242675781250e+02 3.315168762207031250e+02
1.775928039550781250e+02 1.775828857421875000e+02
2.969259338378906250e+02 2.974054260253906250e+02
2.835087280273437500e+02 2.840364990234375000e+02
2.259218597412109375e+02 2.258424530029296875e+02
1.822241973876953125e+02 1.823143005371093750e+02
1.849475708007812500e+02 1.855280761718750000e+02
2.260660705566406250e+02 2.266031494140625000e+02
3.322903747558593750e+02 3.319234008789062500e+02
1.722277069091796875e+02 1.722523803710937500e+02
1.818293457031250000e+02 1.818756713867187500e+02
3.578400573730468750e+02 3.575758361816406250e+02
1.566189727783203125e+02 1.567383422851562500e+02
2.359542236328125000e+02 2.362543640136718750e+02
2.363464813232421875e+02 2.372735137939453125e+02
1.521642456054687500e+02 1.524119110107421875e+02
2.609543457031250000e+02 2.612773742675781250e+02
2.919581909179687500e+02 2.920578613281250000e+02
2.611292724609375000e+02 2.601860961914062500e+02
1.777800140380859375e+02 1.779630279541015625e+02
1.439980468750000000e+02 1.439434661865234375e+02
3.762682189941406250e+02 3.762052612304687500e+02
2.062159423828125000e+02 2.064189910888671875e+02
1.470638427734375000e+02 1.471299591064453125e+02
4.608920593261718750e+02 4.612526245117187500e+02
3.631204528808593750e+02 3.631183166503906250e+02
1.794324035644531250e+02 1.797064971923828125e+02
3.920471191406250000e+02 3.919790649414062500e+02
4.118758850097656250e+02 4.118594970703125000e+02
1.976625671386718750e+02 1.977931518554687500e+02
1.773658752441406250e+02 1.774870758056640625e+02
2.106423034667968750e+02 2.110511627197265625e+02
2.390602722167968750e+02 2.390542297363281250e+02
2.655114440917968750e+02 2.652495117187500000e+02
2.218109741210937500e+02 2.218566894531250000e+02
2.133948059082031250e+02 2.134799041748046875e+02
2.482042541503906250e+02 2.483766937255859375e+02
1.994980926513671875e+02 1.995991210937500000e+02
1.827168426513671875e+02 1.829731140136718750e+02
3.307947692871093750e+02 3.320793762207031250e+02
1.887964019775390625e+02 1.891263122558593750e+02
1.859371185302734375e+02 1.864405822753906250e+02
1.894319915771484375e+02 1.895497436523437500e+02
2.325363006591796875e+02 2.329831085205078125e+02
1.709518585205078125e+02 1.710038452148437500e+02
3.465382690429687500e+02 3.464747619628906250e+02
2.608081970214843750e+02 2.598667602539062500e+02
2.309140319824218750e+02 2.313654479980468750e+02
3.652351074218750000e+02 3.655133972167968750e+02
2.439282989501953125e+02 2.438878784179687500e+02
1.468443298339843750e+02 1.470831604003906250e+02
2.403795928955078125e+02 2.408295898437500000e+02
3.247495422363281250e+02 3.249730224609375000e+02
2.538701324462890625e+02 2.545758819580078125e+02
1.743705291748046875e+02 1.749340667724609375e+02
2.467628479003906250e+02 2.464961700439453125e+02
2.257263793945312500e+02 2.258520965576171875e+02
4.078372802734375000e+02 4.084842834472656250e+02
1.884002380371093750e+02 1.891925964355468750e+02
3.327942810058593750e+02 3.331989746093750000e+02
1.768177185058593750e+02 1.768789520263671875e+02
1.919720764160156250e+02 1.921104431152343750e+02
3.349252319335937500e+02 3.354961242675781250e+02
3.042545166015625000e+02 3.039857788085937500e+02
3.615440673828125000e+02 3.617982788085937500e+02
4.265124816894531250e+02 4.267210998535156250e+02
2.012362823486328125e+02 2.012604217529296875e+02
3.035096130371093750e+02 3.033083801269531250e+02
1.667646026611328125e+02 1.667084960937500000e+02
1.749516143798828125e+02 1.746395721435546875e+02
2.387562408447265625e+02 2.391022186279296875e+02
2.326489105224609375e+02 2.326018829345703125e+02
2.580972290039062500e+02 2.582861938476562500e+02
1.952087554931640625e+02 1.952787017822265625e+02
3.464162597656250000e+02 3.464635009765625000e+02
1.770252227783203125e+02 1.773475189208984375e+02
2.438273925781250000e+02 2.441988525390625000e+02
2.523578643798828125e+02 2.524924926757812500e+02
2.424563751220703125e+02 2.423248291015625000e+02
3.711472167968750000e+02 3.711645812988281250e+02
3.344833679199218750e+02 3.349194641113281250e+02
1.624503631591796875e+02 1.626888122558593750e+02
2.701601257324218750e+02 2.706689147949218750e+02
3.470543823242187500e+02 3.473921508789062500e+02
2.394246368408203125e+02 2.396381835937500000e+02
2.469229278564453125e+02 2.466757049560546875e+02
2.340322875976562500e+02 2.342434234619140625e+02
3.654221801757812500e+02 3.655045166015625000e+02
2.333693542480468750e+02 2.335489044189453125e+02
1.419434051513671875e+02 1.421067810058593750e+02
3.319931640625000000e+02 3.318660888671875000e+02
1.581948547363281250e+02 1.582925109863281250e+02
3.630654907226562500e+02 3.632645568847656250e+02
2.611656494140625000e+02 2.614722290039062500e+02
1.484692993164062500e+02 1.485265197753906250e+02
1.910149536132812500e+02 1.908461761474609375e+02
1.885688629150390625e+02 1.886802368164062500e+02
3.960665588378906250e+02 3.957010498046875000e+02
1.827966613769531250e+02 1.829070129394531250e+02
1.811087036132812500e+02 1.808104553222656250e+02
3.167581176757812500e+02 3.165484313964843750e+02
4.172071533203125000e+02 4.172896118164062500e+02
2.387143096923828125e+02 2.392039337158203125e+02
2.392101135253906250e+02 2.393311309814453125e+02
2.963485107421875000e+02 2.964440002441406250e+02
2.543017883300781250e+02 2.542313690185546875e+02
1.821472320556640625e+02 1.825717620849609375e+02
1.565910034179687500e+02 1.566764984130859375e+02
2.166811981201171875e+02 2.165282592773437500e+02
3.592362060546875000e+02 3.598156127929687500e+02
3.321698913574218750e+02 3.321816711425781250e+02
1.907822265625000000e+02 1.907650299072265625e+02
2.458258514404296875e+02 2.456701354980468750e+02
2.333179473876953125e+02 2.334457092285156250e+02
3.674519653320312500e+02 3.674199829101562500e+02
1.768845367431640625e+02 1.773684997558593750e+02
1.725021209716796875e+02 1.726474456787109375e+02
3.977388610839843750e+02 3.979280395507812500e+02
2.871373291015625000e+02 2.873101806640625000e+02
3.957601623535156250e+02 3.958831481933593750e+02
3.615885314941406250e+02 3.611135559082031250e+02
1.428058319091796875e+02 1.430401916503906250e+02
3.934265747070312500e+02 3.935947265625000000e+02
3.574318237304687500e+02 3.573403320312500000e+02
3.321994018554687500e+02 3.320580139160156250e+02
3.671574096679687500e+02 3.666121826171875000e+02
3.322578125000000000e+02 3.313223571777343750e+02
3.488602905273437500e+02 3.486283569335937500e+02
2.880803833007812500e+02 2.874141845703125000e+02
2.499817657470703125e+02 2.503594512939453125e+02
2.722341003417968750e+02 2.722441101074218750e+02
3.318422241210937500e+02 3.317181701660156250e+02
2.651262512207031250e+02 2.655220031738281250e+02
3.613364562988281250e+02 3.614389953613281250e+02
3.317036743164062500e+02 3.316010742187500000e+02
3.649358520507812500e+02 3.646315917968750000e+02
2.274579772949218750e+02 2.275904998779296875e+02
1.427071990966796875e+02 1.429991760253906250e+02
2.258699493408203125e+02 2.259528961181640625e+02
3.993786926269531250e+02 3.992809143066406250e+02
1.809354095458984375e+02 1.809597015380859375e+02
3.680980224609375000e+02 3.682870483398437500e+02
1.963384094238281250e+02 1.967340087890625000e+02
1.816855926513671875e+02 1.815424194335937500e+02
2.362607116699218750e+02 2.362354736328125000e+02
2.539863281250000000e+02 2.541786193847656250e+02
3.348107604980468750e+02 3.350892639160156250e+02
2.608022766113281250e+02 2.607017211914062500e+02
3.455118408203125000e+02 3.453329772949218750e+02
3.076375122070312500e+02 3.079067077636718750e+02
3.120173950195312500e+02 3.120357360839843750e+02
2.382481079101562500e+02 2.382711791992187500e+02
3.352601928710937500e+02 3.350989685058593750e+02
2.483149566650390625e+02 2.485969390869140625e+02
1.630234680175781250e+02 1.630488128662109375e+02
3.828230895996093750e+02 3.830326232910156250e+02
2.482607421875000000e+02 2.484027709960937500e+02
1.586430511474609375e+02 1.586762084960937500e+02
1.734858245849609375e+02 1.733627624511718750e+02
2.541569824218750000e+02 2.546998901367187500e+02
3.353301391601562500e+02 3.354748840332031250e+02
4.463474426269531250e+02 4.466651611328125000e+02
3.320463562011718750e+02 3.325452880859375000e+02
2.573019104003906250e+02 2.575388793945312500e+02
2.346456756591796875e+02 2.348473663330078125e+02
2.074015350341796875e+02 2.075451049804687500e+02
1.658420104980468750e+02 1.657490081787109375e+02
1.750985260009765625e+02 1.752929687500000000e+02
3.893967895507812500e+02 3.896094055175781250e+02
3.473378601074218750e+02 3.470491027832031250e+02
1.682375640869140625e+02 1.684339447021484375e+02
1.502656860351562500e+02 1.502180328369140625e+02
3.317650756835937500e+02 3.323082580566406250e+02
2.222051849365234375e+02 2.221635589599609375e+02
2.104148712158203125e+02 2.107803497314453125e+02
1.941674499511718750e+02 1.943826599121093750e+02
3.353773803710937500e+02 3.355847778320312500e+02
2.582726135253906250e+02 2.588113098144531250e+02
1.849929504394531250e+02 1.850645294189453125e+02
3.578464355468750000e+02 3.577030334472656250e+02
3.356675720214843750e+02 3.361224365234375000e+02
3.463410034179687500e+02 3.461992492675781250e+02
2.254051818847656250e+02 2.255696105957031250e+02
1.524924468994140625e+02 1.525345306396484375e+02
3.470559082031250000e+02 3.470677490234375000e+02
1.993386383056640625e+02 1.997513427734375000e+02
2.765131835937500000e+02 2.765162048339843750e+02
3.581592102050781250e+02 3.578555603027343750e+02
2.569187622070312500e+02 2.568374023437500000e+02
2.601044311523437500e+02 2.601636352539062500e+02
3.589061279296875000e+02 3.583215942382812500e+02
2.108896636962890625e+02 2.112628784179687500e+02
1.910278625488281250e+02 1.914861145019531250e+02
3.321555786132812500e+02 3.327765197753906250e+02
2.660003662109375000e+02 2.666622009277343750e+02
3.014829406738281250e+02 3.016259155273437500e+02
2.031046752929687500e+02 2.032572937011718750e+02
1.607397613525390625e+02 1.608741302490234375e+02
3.651315002441406250e+02 3.647245788574218750e+02
2.106382141113281250e+02 2.108404998779296875e+02
3.684643249511718750e+02 3.685337829589843750e+02
4.010457153320312500e+02 4.010289001464843750e+02
2.406453399658203125e+02 2.407617492675781250e+02
3.639242858886718750e+02 3.635467224121093750e+02
2.409038238525390625e+02 2.414240570068359375e+02
4.381061401367187500e+02 4.382519836425781250e+02
2.020004119873046875e+02 2.018527374267578125e+02
3.592596740722656250e+02 3.588079223632812500e+02
1.842680969238281250e+02 1.837938690185546875e+02
3.439964904785156250e+02 3.439880065917968750e+02
1.694657592773437500e+02 1.696480560302734375e+02
1.753532257080078125e+02 1.749436187744140625e+02
1.760859069824218750e+02 1.760684204101562500e+02
1.702549438476562500e+02 1.704876708984375000e+02
1.764661254882812500e+02 1.763589324951171875e+02
2.257310791015625000e+02 2.256231384277343750e+02
1.706157379150390625e+02 1.706969451904296875e+02
2.629651184082031250e+02 2.632897949218750000e+02
1.732108764648437500e+02 1.731269378662109375e+02
1.856161041259765625e+02 1.860802459716796875e+02
3.320446472167968750e+02 3.320201721191406250e+02
3.457562866210937500e+02 3.459267883300781250e+02
1.688350372314453125e+02 1.690772399902343750e+02
2.669876403808593750e+02 2.671639709472656250e+02
1.590562591552734375e+02 1.593928070068359375e+02
2.655060729980468750e+02 2.657556762695312500e+02
1.762171173095703125e+02 1.765742645263671875e+02
1.727992553710937500e+02 1.728030242919921875e+02
1.823535308837890625e+02 1.824972381591796875e+02
3.814035949707031250e+02 3.814009399414062500e+02
1.697638549804687500e+02 1.700362243652343750e+02
3.763347167968750000e+02 3.766914672851562500e+02
2.601482238769531250e+02 2.600978088378906250e+02
1.898541564941406250e+02 1.900585937500000000e+02
4.113380432128906250e+02 4.111694030761718750e+02
3.513319702148437500e+02 3.512323303222656250e+02
1.736421966552734375e+02 1.741127929687500000e+02
1.808885955810546875e+02 1.813264160156250000e+02
1.706297760009765625e+02 1.709499969482421875e+02
3.320446777343750000e+02 3.318591918945312500e+02
2.602764282226562500e+02 2.604172973632812500e+02
1.839976806640625000e+02 1.840822753906250000e+02
3.461613464355468750e+02 3.462453613281250000e+02
4.207578125000000000e+02 4.210586242675781250e+02
3.566981506347656250e+02 3.574516601562500000e+02
1.762444305419921875e+02 1.765132293701171875e+02
1.800618133544921875e+02 1.800949554443359375e+02
1.414727478027343750e+02 1.416690368652343750e+02
2.542742767333984375e+02 2.542964172363281250e+02
1.799263305664062500e+02 1.800433654785156250e+02
1.582171630859375000e+02 1.583981323242187500e+02
3.650763854980468750e+02 3.652763977050781250e+02
3.825022583007812500e+02 3.825363159179687500e+02
3.861542663574218750e+02 3.861726989746093750e+02
3.929257202148437500e+02 3.928950500488281250e+02
2.012999572753906250e+02 2.012701568603515625e+02
2.340609436035156250e+02 2.342748870849609375e+02
2.820454711914062500e+02 2.823047180175781250e+02
2.840639648437500000e+02 2.841774902343750000e+02
3.596751403808593750e+02 3.598370056152343750e+02
1.512032012939453125e+02 1.513227233886718750e+02
1.792395477294921875e+02 1.793336029052734375e+02
1.932314300537109375e+02 1.934163513183593750e+02
3.799354553222656250e+02 3.797939147949218750e+02
2.257558746337890625e+02 2.258945159912109375e+02
3.574948730468750000e+02 3.574943542480468750e+02
3.677018737792968750e+02 3.677138671875000000e+02
1.939738769531250000e+02 1.940233764648437500e+02
1.853027496337890625e+02 1.855275573730468750e+02
3.648339538574218750e+02 3.653318176269531250e+02
1.622723999023437500e+02 1.624081115722656250e+02
2.086295013427734375e+02 2.089365997314453125e+02
1.772991180419921875e+02 1.771942443847656250e+02
1.592948608398437500e+02 1.597050781250000000e+02
1.616830291748046875e+02 1.616544494628906250e+02
1.622736663818359375e+02 1.622986755371093750e+02
3.455770874023437500e+02 3.459462890625000000e+02
2.935121459960937500e+02 2.937276000976562500e+02
2.361165771484375000e+02 2.360232696533203125e+02
2.386192169189453125e+02 2.382094573974609375e+02
3.836197814941406250e+02 3.843864135742187500e+02
1.794669494628906250e+02 1.796776885986328125e+02
1.638889007568359375e+02 1.640264739990234375e+02
3.480974426269531250e+02 3.478520812988281250e+02
2.026143646240234375e+02 2.032512054443359375e+02
1.483426208496093750e+02 1.484673919677734375e+02
3.649909362792968750e+02 3.641759338378906250e+02
2.382475585937500000e+02 2.379288330078125000e+02
2.276065368652343750e+02 2.280808410644531250e+02
3.690668640136718750e+02 3.690254821777343750e+02
3.854610595703125000e+02 3.851629943847656250e+02
1.422581634521484375e+02 1.422549591064453125e+02
1.683427429199218750e+02 1.688486328125000000e+02
1.835562133789062500e+02 1.836213836669921875e+02
3.696629028320312500e+02 3.701936645507812500e+02
3.474894714355468750e+02 3.483594665527343750e+02
1.964454498291015625e+02 1.968173980712890625e+02
2.352923736572265625e+02 2.344911956787109375e+02
3.481612548828125000e+02 3.482388305664062500e+02
2.667244873046875000e+02 2.667925415039062500e+02
3.645395812988281250e+02 3.644433898925781250e+02
3.642408142089843750e+02 3.644249572753906250e+02
1.764395599365234375e+02 1.769073181152343750e+02
1.825554046630859375e+02 1.827692718505859375e+02
2.467087860107421875e+02 2.470782928466796875e+02
2.327551116943359375e+02 2.330083923339843750e+02
1.506475677490234375e+02 1.503486938476562500e+02
2.678855895996093750e+02 2.677302856445312500e+02
2.568591918945312500e+02 2.574096069335937500e+02
2.050494537353515625e+02 2.051295013427734375e+02
1.585853881835937500e+02 1.588293304443359375e+02
4.189458312988281250e+02 4.190258178710937500e+02
2.122478027343750000e+02 2.126268463134765625e+02
3.582427673339843750e+02 3.579710388183593750e+02
3.593347167968750000e+02 3.596706237792968750e+02
1.574532928466796875e+02 1.575239868164062500e+02
3.476441650390625000e+02 3.484019165039062500e+02
2.202837066650390625e+02 2.203267517089843750e+02
2.161405639648437500e+02 2.161603240966796875e+02
2.304214477539062500e+02 2.306588897705078125e+02
1.875835113525390625e+02 1.877964782714843750e+02
3.657479553222656250e+02 3.661918640136718750e+02
1.781559753417968750e+02 1.782757873535156250e+02
1.850085449218750000e+02 1.850762939453125000e+02
2.665760803222656250e+02 2.661835021972656250e+02
3.671684265136718750e+02 3.672402648925781250e+02
3.349220886230468750e+02 3.352245483398437500e+02
3.853265380859375000e+02 3.846862792968750000e+02
3.678549194335937500e+02 3.680111389160156250e+02
2.385435333251953125e+02 2.384923095703125000e+02
3.511200561523437500e+02 3.515909729003906250e+02
1.418047332763671875e+02 1.419272460937500000e+02
3.318615112304687500e+02 3.318169860839843750e+02
2.219102172851562500e+02 2.221218719482421875e+02
3.787092895507812500e+02 3.788809509277343750e+02
3.587319335937500000e+02 3.584316406250000000e+02
4.269519958496093750e+02 4.272695312500000000e+02
4.102942199707031250e+02 4.100978393554687500e+02
2.388700714111328125e+02 2.390984954833984375e+02
3.317466430664062500e+02 3.315650329589843750e+02
1.736035003662109375e+02 1.737846832275390625e+02
1.747950286865234375e+02 1.748305358886718750e+02
2.450021057128906250e+02 2.448137359619140625e+02
2.385713958740234375e+02 2.382778778076171875e+02
1.608681335449218750e+02 1.608786621093750000e+02
3.470742187500000000e+02 3.486201782226562500e+02
1.405454101562500000e+02 1.406698913574218750e+02
1.938446044921875000e+02 1.940927276611328125e+02
2.702633056640625000e+02 2.706522216796875000e+02
1.976138763427734375e+02 1.980023651123046875e+02
3.612648925781250000e+02 3.609859924316406250e+02
4.054632263183593750e+02 4.056032104492187500e+02
3.460769042968750000e+02 3.461473999023437500e+02
3.475321044921875000e+02 3.471336669921875000e+02
3.319671630859375000e+02 3.321015625000000000e+02
1.563057250976562500e+02 1.564352264404296875e+02
1.608813018798828125e+02 1.611107940673828125e+02
2.053928527832031250e+02 2.055209350585937500e+02
2.576996459960937500e+02 2.578918457031250000e+02
1.718514709472656250e+02 1.723512878417968750e+02
2.510689239501953125e+02 2.517536315917968750e+02
1.471753082275390625e+02 1.472107543945312500e+02
2.275307922363281250e+02 2.278562164306640625e+02
4.179215087890625000e+02 4.182522583007812500e+02
1.843008270263671875e+02 1.844429321289062500e+02
2.661754455566406250e+02 2.660184020996093750e+02
3.311951293945312500e+02 3.311748657226562500e+02
2.609972229003906250e+02 2.612232055664062500e+02
1.594566955566406250e+02 1.594682006835937500e+02
3.350376586914062500e+02 3.352228393554687500e+02
1.400066986083984375e+02 1.399236297607421875e+02
3.613834838867187500e+02 3.618812866210937500e+02
2.369184722900390625e+02 2.371204528808593750e+02
1.854746856689453125e+02 1.856471557617187500e+02
2.276797790527343750e+02 2.278957672119140625e+02
3.574060058593750000e+02 3.569548645019531250e+02
3.486123657226562500e+02 3.483065185546875000e+02
2.671184387207031250e+02 2.676215820312500000e+02
2.237929687500000000e+02 2.238702697753906250e+02
1.759182281494140625e+02 1.762056274414062500e+02
3.969196777343750000e+02 3.972477111816406250e+02
1.988951721191406250e+02 1.990213928222656250e+02
2.486470947265625000e+02 2.486288604736328125e+02
2.607333068847656250e+02 2.603598327636718750e+02
2.258191986083984375e+02 2.259537353515625000e+02
3.515094299316406250e+02 3.516677856445312500e+02
1.696996765136718750e+02 1.697987365722656250e+02
2.415963287353515625e+02 2.415714569091796875e+02
3.577852172851562500e+02 3.585604248046875000e+02
1.521508026123046875e+02 1.522494201660156250e+02
2.260359954833984375e+02 2.261197509765625000e+02
3.630872802734375000e+02 3.633559265136718750e+02
2.900325012207031250e+02 2.902754821777343750e+02
3.702095031738281250e+02 3.703977050781250000e+02
3.488323059082031250e+02 3.489215393066406250e+02
3.460463562011718750e+02 3.455439147949218750e+02
2.518173522949218750e+02 2.521198425292968750e+02
3.588071899414062500e+02 3.586699218750000000e+02
4.339112243652343750e+02 4.341850891113281250e+02
3.466656799316406250e+02 3.456427307128906250e+02
2.767607421875000000e+02 2.766619567871093750e+02
3.315738830566406250e+02 3.323878784179687500e+02
3.574431152343750000e+02 3.574250488281250000e+02
1.880449829101562500e+02 1.881150970458984375e+02
4.047626037597656250e+02 4.051277770996093750e+02
3.932586059570312500e+02 3.932909240722656250e+02
1.880480346679687500e+02 1.881856994628906250e+02
3.903134765625000000e+02 3.902192687988281250e+02
1.354248809814453125e+02 1.356077880859375000e+02
3.325206909179687500e+02 3.323865661621093750e+02
2.256239318847656250e+02 2.261783142089843750e+02
3.791546020507812500e+02 3.789253845214843750e+02
2.521123352050781250e+02 2.518661041259765625e+02
1.666369628906250000e+02 1.669618225097656250e+02
1.913598937988281250e+02 1.915981750488281250e+02
2.392886199951171875e+02 2.393084716796875000e+02
1.709274749755859375e+02 1.711293182373046875e+02
2.109862060546875000e+02 2.109814910888671875e+02
2.385928649902343750e+02 2.387384185791015625e+02
1.748324737548828125e+02 1.750481719970703125e+02
1.819406890869140625e+02 1.822247161865234375e+02
2.271633300781250000e+02 2.269174194335937500e+02
2.890476379394531250e+02 2.893721008300781250e+02
2.601148376464843750e+02 2.604743347167968750e+02
1.759145202636718750e+02 1.755680389404296875e+02
2.458592681884765625e+02 2.461245117187500000e+02
3.586542358398437500e+02 3.588992309570312500e+02
3.457388610839843750e+02 3.458714294433593750e+02
1.758229980468750000e+02 1.759392395019531250e+02
4.259371643066406250e+02 4.262291259765625000e+02
3.460403137207031250e+02 3.456210937500000000e+02
2.258925323486328125e+02 2.256932525634765625e+02
2.542188415527343750e+02 2.540130004882812500e+02
3.082249755859375000e+02 3.084101562500000000e+02
1.590178070068359375e+02 1.587659454345703125e+02
1.966812438964843750e+02 1.968747711181640625e+02
1.932092742919921875e+02 1.935928497314453125e+02
3.647301025390625000e+02 3.646263122558593750e+02
3.473723754882812500e+02 3.475136413574218750e+02
1.507194366455078125e+02 1.509924011230468750e+02
1.787027587890625000e+02 1.786667175292968750e+02
3.786443786621093750e+02 3.791159667968750000e+02
1.730191345214843750e+02 1.732024230957031250e+02
3.645515441894531250e+02 3.644093627929687500e+02
2.161765594482421875e+02 2.160508270263671875e+02
1.871796112060546875e+02 1.871128997802734375e+02
3.775074157714843750e+02 3.770059814453125000e+02
1.980614318847656250e+02 1.980516662597656250e+02
1.576934204101562500e+02 1.576919708251953125e+02
4.148604125976562500e+02 4.155975036621093750e+02
2.202376861572265625e+02 2.201416778564453125e+02
1.848601684570312500e+02 1.848509063720703125e+02
1.827281036376953125e+02 1.826263122558593750e+02
1.797407989501953125e+02 1.799745483398437500e+02
1.478963317871093750e+02 1.480300292968750000e+02
3.348319396972656250e+02 3.349925842285156250e+02
2.444488983154296875e+02 2.445392608642578125e+02
3.465696716308593750e+02 3.469460754394531250e+02
3.319403991699218750e+02 3.315548706054687500e+02
1.606677093505859375e+02 1.607677001953125000e+02
2.483057403564453125e+02 2.486132049560546875e+02
1.792611999511718750e+02 1.793159179687500000e+02
1.486592407226562500e+02 1.488804168701171875e+02
3.318592224121093750e+02 3.317773437500000000e+02
1.911641235351562500e+02 1.914939575195312500e+02
2.727770385742187500e+02 2.730859375000000000e+02
3.099185485839843750e+02 3.098780517578125000e+02
1.677897186279296875e+02 1.679035034179687500e+02
3.631747741699218750e+02 3.634014587402343750e+02
3.649732055664062500e+02 3.647997131347656250e+02
3.481032714843750000e+02 3.487119750976562500e+02
2.467169799804687500e+02 2.467264556884765625e+02
2.217805633544921875e+02 2.217085113525390625e+02
3.691936340332031250e+02 3.693467407226562500e+02
2.252590179443359375e+02 2.252357025146484375e+02
2.564865722656250000e+02 2.567087707519531250e+02
3.646161804199218750e+02 3.643350524902343750e+02
1.603005981445312500e+02 1.602371368408203125e+02
3.471150207519531250e+02 3.466990051269531250e+02
1.287212982177734375e+02 1.286799621582031250e+02
4.226066894531250000e+02 4.226296997070312500e+02
2.368175964355468750e+02 2.368391418457031250e+02
3.307525634765625000e+02 3.319253540039062500e+02
3.792132873535156250e+02 3.791336975097656250e+02
2.367287292480468750e+02 2.370455627441406250e+02
2.339742431640625000e+02 2.343054046630859375e+02
1.701140594482421875e+02 1.701661224365234375e+02
1.571160278320312500e+02 1.569311370849609375e+02
3.318439025878906250e+02 3.318871765136718750e+02
3.586718750000000000e+02 3.592184448242187500e+02
1.660326690673828125e+02 1.661988830566406250e+02
3.616356506347656250e+02 3.616459960937500000e+02
1.851289062500000000e+02 1.850438690185546875e+02
1.985281219482421875e+02 1.988450622558593750e+02
3.478707580566406250e+02 3.476895141601562500e+02
2.341010894775390625e+02 2.340332794189453125e+02
1.809803924560546875e+02 1.812892913818359375e+02
1.269821395874023438e+02 1.269679641723632812e+02
2.636825561523437500e+02 2.637298583984375000e+02
3.477925109863281250e+02 3.475535888671875000e+02
4.403881530761718750e+02 4.403861083984375000e+02
3.580227355957031250e+02 3.581852722167968750e+02
3.319253540039062500e+02 3.305424804687500000e+02
2.260318756103515625e+02 2.255084838867187500e+02
1.592779388427734375e+02 1.590940399169921875e+02
1.659890289306640625e+02 1.660279235839843750e+02
4.054783325195312500e+02 4.046557006835937500e+02
3.346200256347656250e+02 3.335263061523437500e+02
2.108228302001953125e+02 2.108927001953125000e+02
3.809225769042968750e+02 3.808594360351562500e+02
2.040921478271484375e+02 2.039193878173828125e+02
1.654663391113281250e+02 1.658304595947265625e+02
1.735229339599609375e+02 1.738422241210937500e+02
2.436764221191406250e+02 2.437996215820312500e+02
3.844987792968750000e+02 3.848949584960937500e+02
3.321192321777343750e+02 3.319882202148437500e+02
1.936899414062500000e+02 1.932424011230468750e+02
2.461629638671875000e+02 2.461058197021484375e+02
1.623907012939453125e+02 1.624963531494140625e+02
1.724124603271484375e+02 1.724119262695312500e+02
3.695845031738281250e+02 3.697702636718750000e+02
2.451292266845703125e+02 2.452824096679687500e+02
1.875768127441406250e+02 1.876437377929687500e+02
2.323232421875000000e+02 2.323623046875000000e+02
1.929853820800781250e+02 1.931970672607421875e+02
1.821238861083984375e+02 1.825706939697265625e+02
1.974895477294921875e+02 1.978226623535156250e+02
1.287258148193359375e+02 1.287013244628906250e+02
3.630462341308593750e+02 3.629643859863281250e+02
1.836846466064453125e+02 1.837093811035156250e+02
3.766815795898437500e+02 3.767347106933593750e+02
1.610741577148437500e+02 1.611271667480468750e+02
1.697830810546875000e+02 1.699500122070312500e+02
1.910449066162109375e+02 1.911690216064453125e+02
4.464592895507812500e+02 4.466444702148437500e+02
3.586621093750000000e+02 3.589132080078125000e+02
1.559922790527343750e+02 1.560512084960937500e+02
1.714098205566406250e+02 1.715990600585937500e+02
3.643838806152343750e+02 3.651838684082031250e+02
1.798449707031250000e+02 1.797548828125000000e+02
2.616561889648437500e+02 2.620811767578125000e+02
2.367409820556640625e+02 2.368749694824218750e+02
1.935397949218750000e+02 1.938712310791015625e+02
3.358723754882812500e+02 3.352381286621093750e+02
2.368789978027343750e+02 2.371937866210937500e+02
1.830291137695312500e+02 1.830268249511718750e+02
2.010460205078125000e+02 2.012726593017578125e+02
2.130003051757812500e+02 2.131492462158203125e+02
2.342308502197265625e+02 2.344592285156250000e+02
1.798309020996093750e+02 1.796799926757812500e+02
2.714995422363281250e+02 2.718260498046875000e+02
1.392259826660156250e+02 1.391271667480468750e+02
4.033690490722656250e+02 4.034996337890625000e+02
2.808607482910156250e+02 2.814859619140625000e+02
2.367137298583984375e+02 2.370679931640625000e+02
3.796025085449218750e+02 3.797323608398437500e+02
2.091070098876953125e+02 2.093365478515625000e+02
2.257066345214843750e+02 2.257233886718750000e+02
2.610827026367187500e+02 2.606421203613281250e+02
3.577079772949218750e+02 3.569791870117187500e+02
3.897517700195312500e+02 3.897619934082031250e+02
3.485656738281250000e+02 3.480165405273437500e+02
3.306851501464843750e+02 3.307875061035156250e+02
2.332965850830078125e+02 2.334436492919921875e+02
1.491371917724609375e+02 1.491972503662109375e+02
2.536702728271484375e+02 2.530284576416015625e+02
2.913442993164062500e+02 2.911943969726562500e+02
1.757550354003906250e+02 1.759506835937500000e+02
2.147680816650390625e+02 2.146382598876953125e+02
1.672802429199218750e+02 1.672859802246093750e+02
2.038202209472656250e+02 2.040211029052734375e+02
2.256989593505859375e+02 2.257090148925781250e+02
2.078609619140625000e+02 2.079024658203125000e+02
2.258782958984375000e+02 2.256439971923828125e+02
3.490642700195312500e+02 3.490133972167968750e+02
2.405519409179687500e+02 2.406586151123046875e+02
3.443283691406250000e+02 3.449305114746093750e+02
1.546180267333984375e+02 1.548928375244140625e+02
2.607949829101562500e+02 2.608954467773437500e+02
1.768855285644531250e+02 1.768614044189453125e+02
4.204553222656250000e+02 4.207640991210937500e+02
3.347741394042968750e+02 3.344570922851562500e+02
3.784288635253906250e+02 3.784274291992187500e+02
3.590992736816406250e+02 3.585623474121093750e+02
3.706457824707031250e+02 3.705801391601562500e+02
1.707893829345703125e+02 1.706475067138671875e+02
3.321273193359375000e+02 3.326539306640625000e+02
1.734597015380859375e+02 1.735841979980468750e+02
2.473428344726562500e+02 2.477503051757812500e+02
3.456840515136718750e+02 3.460610656738281250e+02
3.931556091308593750e+02 3.934561462402343750e+02
3.641383666992187500e+02 3.645285339355468750e+02
3.486609802246093750e+02 3.478973388671875000e+02
1.762997131347656250e+02 1.757621765136718750e+02
3.459749755859375000e+02 3.459414978027343750e+02
2.372551574707031250e+02 2.372904968261718750e+02
2.342699127197265625e+02 2.341346435546875000e+02
3.792548828125000000e+02 3.792327270507812500e+02
3.648014831542968750e+02 3.645545654296875000e+02
3.456765136718750000e+02 3.460126953125000000e+02
1.927225799560546875e+02 1.929162139892578125e+02
3.320554504394531250e+02 3.323533325195312500e+02
2.366074676513671875e+02 2.365020446777343750e+02
2.565071411132812500e+02 2.564949645996093750e+02
1.589249114990234375e+02 1.594487152099609375e+02
1.649156188964843750e+02 1.649743957519531250e+02
2.297946777343750000e+02 2.297861022949218750e+02
3.305176086425781250e+02 3.310816345214843750e+02
2.392686614990234375e+02 2.394013671875000000e+02
3.768744506835937500e+02 3.773458251953125000e+02
1.452557525634765625e+02 1.453197326660156250e+02
3.724507141113281250e+02 3.724929809570312500e+02
3.822973022460937500e+02 3.821803588867187500e+02
3.685831909179687500e+02 3.686847534179687500e+02
2.049696655273437500e+02 2.053697967529296875e+02
4.165338439941406250e+02 4.165611572265625000e+02
2.258078460693359375e+02 2.256963806152343750e+02
3.576187438964843750e+02 3.576336059570312500e+02
3.493133544921875000e+02 3.487197875976562500e+02
2.104651794433593750e+02 2.106162872314453125e+02
1.467922515869140625e+02 1.472923736572265625e+02
1.797442932128906250e+02 1.797266998291015625e+02
2.250483398437500000e+02 2.249355010986328125e+02
3.842597351074218750e+02 3.841769104003906250e+02
2.876075744628906250e+02 2.879844055175781250e+02
1.830785217285156250e+02 1.832904510498046875e+02
2.392183837890625000e+02 2.391265563964843750e+02
1.660020446777343750e+02 1.660001220703125000e+02
2.313862152099609375e+02 2.316573486328125000e+02
3.320682067871093750e+02 3.326571350097656250e+02
3.910035400390625000e+02 3.904942321777343750e+02
1.974455718994140625e+02 1.974236907958984375e+02
3.482728271484375000e+02 3.488189086914062500e+02
3.461542358398437500e+02 3.460201110839843750e+02
3.091498107910156250e+02 3.094499816894531250e+02
1.811835937500000000e+02 1.817693481445312500e+02
1.794537048339843750e+02 1.796192016601562500e+02
3.850911254882812500e+02 3.849058227539062500e+02
1.986795349121093750e+02 1.989312133789062500e+02
3.819980773925781250e+02 3.830635070800781250e+02
1.794615020751953125e+02 1.795767822265625000e+02
2.444566497802734375e+02 2.445056457519531250e+02
1.760684051513671875e+02 1.762379760742187500e+02
1.477499847412109375e+02 1.478802795410156250e+02
3.318760375976562500e+02 3.321577453613281250e+02
2.761697387695312500e+02 2.765796813964843750e+02
3.631288757324218750e+02 3.633412475585937500e+02
1.963728332519531250e+02 1.963772430419921875e+02
3.689685974121093750e+02 3.687844543457031250e+02
1.830745544433593750e+02 1.833059844970703125e+02
1.824581298828125000e+02 1.826295623779296875e+02
1.630450897216796875e+02 1.630179748535156250e+02
3.646112976074218750e+02 3.644534606933593750e+02
1.795304260253906250e+02 1.792974700927734375e+02
6.070697021484375000e+02 6.071200561523437500e+02
2.366997222900390625e+02 2.372029113769531250e+02
2.494606323242187500e+02 2.496431121826171875e+02
2.309092559814453125e+02 2.313765869140625000e+02
2.646159057617187500e+02 2.645962829589843750e+02
2.963787536621093750e+02 2.963875427246093750e+02
3.455879211425781250e+02 3.460246887207031250e+02
1.889738464355468750e+02 1.892206420898437500e+02
4.947844238281250000e+02 4.949349975585937500e+02
2.261383056640625000e+02 2.261248474121093750e+02
1.603864898681640625e+02 1.610696868896484375e+02
1.509671020507812500e+02 1.508055877685546875e+02
2.346637725830078125e+02 2.345591125488281250e+02
3.672985229492187500e+02 3.671090087890625000e+02
3.474875793457031250e+02 3.472571411132812500e+02
2.027653656005859375e+02 2.029835052490234375e+02
1.531046447753906250e+02 1.528795318603515625e+02
2.384091491699218750e+02 2.383954162597656250e+02
3.671297607421875000e+02 3.673808898925781250e+02
3.713172302246093750e+02 3.702181396484375000e+02
2.385662536621093750e+02 2.389620819091796875e+02
1.763610076904296875e+02 1.764167633056640625e+02
3.656911010742187500e+02 3.656204223632812500e+02
2.021272277832031250e+02 2.020319976806640625e+02
3.523632507324218750e+02 3.524168701171875000e+02
3.709717712402343750e+02 3.713674926757812500e+02
2.077726440429687500e+02 2.079452209472656250e+02
3.646915588378906250e+02 3.645611572265625000e+02
2.346534423828125000e+02 2.347293243408203125e+02
3.665260314941406250e+02 3.664238586425781250e+02
2.514438018798828125e+02 2.518500976562500000e+02
2.443175659179687500e+02 2.442820434570312500e+02
1.831359558105468750e+02 1.833662719726562500e+02
3.593374023437500000e+02 3.596018981933593750e+02
1.950811462402343750e+02 1.951371459960937500e+02
3.475356445312500000e+02 3.479277954101562500e+02
2.261368103027343750e+02 2.266388549804687500e+02
2.971290283203125000e+02 2.969991760253906250e+02
2.482475280761718750e+02 2.480647888183593750e+02
1.481815490722656250e+02 1.482477569580078125e+02
3.577211303710937500e+02 3.574218444824218750e+02
3.295386657714843750e+02 3.296195983886718750e+02
2.952559814453125000e+02 2.955219421386718750e+02
3.588950805664062500e+02 3.587338867187500000e+02
3.833781127929687500e+02 3.828520202636718750e+02
3.616547241210937500e+02 3.614675292968750000e+02
1.540685577392578125e+02 1.542511444091796875e+02
3.576854248046875000e+02 3.580864562988281250e+02
1.907988128662109375e+02 1.909535522460937500e+02
1.746047058105468750e+02 1.749943084716796875e+02
3.899209289550781250e+02 3.905015563964843750e+02
2.623431091308593750e+02 2.628629760742187500e+02
2.603475646972656250e+02 2.602480773925781250e+02
2.442140350341796875e+02 2.446634826660156250e+02
3.579438781738281250e+02 3.577290649414062500e+02
1.674165039062500000e+02 1.675369720458984375e+02
1.995153503417968750e+02 1.997167816162109375e+02
3.346353454589843750e+02 3.352030944824218750e+02
1.782304077148437500e+02 1.785417785644531250e+02
2.310563659667968750e+02 2.319204864501953125e+02
2.274182586669921875e+02 2.271755371093750000e+02
3.627444763183593750e+02 3.628847656250000000e+02
4.120075378417968750e+02 4.122617187500000000e+02
1.743040161132812500e+02 1.743719940185546875e+02
3.663731994628906250e+02 3.661021728515625000e+02
2.384816589355468750e+02 2.388943176269531250e+02
3.571707763671875000e+02 3.577543640136718750e+02
2.478146667480468750e+02 2.476183471679687500e+02
2.518466949462890625e+02 2.523429718017578125e+02
2.517510070800781250e+02 2.524391784667968750e+02
1.626395568847656250e+02 1.626547546386718750e+02
1.785717010498046875e+02 1.789626159667968750e+02
3.593867187500000000e+02 3.588830261230468750e+02
2.878262634277343750e+02 2.882686767578125000e+02
3.321972961425781250e+02 3.326352233886718750e+02
1.506629943847656250e+02 1.507866058349609375e+02
1.894348754882812500e+02 1.893903350830078125e+02
2.161936340332031250e+02 2.162376403808593750e+02
1.982390899658203125e+02 1.985053405761718750e+02
2.460042114257812500e+02 2.464090270996093750e+02
2.345159606933593750e+02 2.347360229492187500e+02
3.641134948730468750e+02 3.646961364746093750e+02
3.328277587890625000e+02 3.330100708007812500e+02
4.122006835937500000e+02 4.124751892089843750e+02
2.127373352050781250e+02 2.125811920166015625e+02
2.462239990234375000e+02 2.464849700927734375e+02
1.982182769775390625e+02 1.983234863281250000e+02
3.711900024414062500e+02 3.714077758789062500e+02
2.542532348632812500e+02 2.538833618164062500e+02
3.583297729492187500e+02 3.589749755859375000e+02
2.925176696777343750e+02 2.924505310058593750e+02
3.323522338867187500e+02 3.321734313964843750e+02
1.535656280517578125e+02 1.538566894531250000e+02
3.702628784179687500e+02 3.697927551269531250e+02
2.164778289794921875e+02 2.162883300781250000e+02
2.949091796875000000e+02 2.951749572753906250e+02
1.558876037597656250e+02 1.566734619140625000e+02
1.479940185546875000e+02 1.479181671142578125e+02
1.509875488281250000e+02 1.513807830810546875e+02
1.961716461181640625e+02 1.964785766601562500e+02
2.461473236083984375e+02 2.463855133056640625e+02
1.897309417724609375e+02 1.901260986328125000e+02
1.849786071777343750e+02 1.848808898925781250e+02
1.467796020507812500e+02 1.466383972167968750e+02
3.897968444824218750e+02 3.900144958496093750e+02
1.541942901611328125e+02 1.537457122802734375e+02
1.911760559082031250e+02 1.913611907958984375e+02
3.616555480957031250e+02 3.618743591308593750e+02
3.947730407714843750e+02 3.952483520507812500e+02
4.403866271972656250e+02 4.404797363281250000e+02
4.713153076171875000e+02 4.715881042480468750e+02
2.363363647460937500e+02 2.368994903564453125e+02
3.322918395996093750e+02 3.324846191406250000e+02
1.795154571533203125e+02 1.798146667480468750e+02
1.687700958251953125e+02 1.687601165771484375e+02
2.659932556152343750e+02 2.657908325195312500e+02
2.414394073486328125e+02 2.412921752929687500e+02
2.019084930419921875e+02 2.019313812255859375e+02
1.830094299316406250e+02 1.829699249267578125e+02
1.871219024658203125e+02 1.870771026611328125e+02
2.392332611083984375e+02 2.393397979736328125e+02
2.460781250000000000e+02 2.467705535888671875e+02
1.855853881835937500e+02 1.857351989746093750e+02
3.321963806152343750e+02 3.317192687988281250e+02
2.629428710937500000e+02 2.631375427246093750e+02
3.642532043457031250e+02 3.642571716308593750e+02
1.651384124755859375e+02 1.652821960449218750e+02
3.457546691894531250e+02 3.455449523925781250e+02
1.742156066894531250e+02 1.744580993652343750e+02
2.126413116455078125e+02 2.127954406738281250e+02
4.327122802734375000e+02 4.327662658691406250e+02
1.409897918701171875e+02 1.411668548583984375e+02
3.638760986328125000e+02 3.642411804199218750e+02
1.422618103027343750e+02 1.421682739257812500e+02
1.899306793212890625e+02 1.902343902587890625e+02
3.487185974121093750e+02 3.489118957519531250e+02
1.852058105468750000e+02 1.852186889648437500e+02
1.580022888183593750e+02 1.578942718505859375e+02
2.459247131347656250e+02 2.453359069824218750e+02
2.383956146240234375e+02 2.388183135986328125e+02
3.881036071777343750e+02 3.884105224609375000e+02
2.568018798828125000e+02 2.571013183593750000e+02
1.568151855468750000e+02 1.566833953857421875e+02
3.634424133300781250e+02 3.635188903808593750e+02
3.579452209472656250e+02 3.579511413574218750e+02
2.191559753417968750e+02 2.193498535156250000e+02
1.720211181640625000e+02 1.720972747802734375e+02
4.086625061035156250e+02 4.090535583496093750e+02
3.462821044921875000e+02 3.461245727539062500e+02
3.818758239746093750e+02 3.820805053710937500e+02
2.326100158691406250e+02 2.327071075439453125e+02
2.562319335937500000e+02 2.559673156738281250e+02
2.635192565917968750e+02 2.641167907714843750e+02
1.920673370361328125e+02 1.921210632324218750e+02
3.472524108886718750e+02 3.468133850097656250e+02
1.639203948974609375e+02 1.640485839843750000e+02
3.320359497070312500e+02 3.315307006835937500e+02
1.702143249511718750e+02 1.699226684570312500e+02
2.750767517089843750e+02 2.752853698730468750e+02
2.475321044921875000e+02 2.467352752685546875e+02
1.542480163574218750e+02 1.546588745117187500e+02
1.426114959716796875e+02 1.428329620361328125e+02
1.593853149414062500e+02 1.594925842285156250e+02
3.319244995117187500e+02 3.318536987304687500e+02
4.514025573730468750e+02 4.516891174316406250e+02
1.743660278320312500e+02 1.743931121826171875e+02
4.234153137207031250e+02 4.237304077148437500e+02
3.476636962890625000e+02 3.475167236328125000e+02
4.021436157226562500e+02 4.021179199218750000e+02
3.461655273437500000e+02 3.468513793945312500e+02
1.899533691406250000e+02 1.898637695312500000e+02
2.343827972412109375e+02 2.350414428710937500e+02
2.437396697998046875e+02 2.440131530761718750e+02
2.092263641357421875e+02 2.093306121826171875e+02
1.622001800537109375e+02 1.625707244873046875e+02
2.259985504150390625e+02 2.258039093017578125e+02
2.571913452148437500e+02 2.573013000488281250e+02
3.320276184082031250e+02 3.316853027343750000e+02
3.806688232421875000e+02 3.805146179199218750e+02
3.590133666992187500e+02 3.593385620117187500e+02
3.828341064453125000e+02 3.829271850585937500e+02
2.461262512207031250e+02 2.456534271240234375e+02
1.808413085937500000e+02 1.807671203613281250e+02
3.316759948730468750e+02 3.317690734863281250e+02
4.136280822753906250e+02 4.138408813476562500e+02
1.755057525634765625e+02 1.754197540283203125e+02
1.843889465332031250e+02 1.847565765380859375e+02
2.540371398925781250e+02 2.539443054199218750e+02
3.459544677734375000e+02 3.462117004394531250e+02
1.926026458740234375e+02 1.926543426513671875e+02
3.666247253417968750e+02 3.665642700195312500e+02
3.965774230957031250e+02 3.969077758789062500e+02
1.748520965576171875e+02 1.748645324707031250e+02
1.509482116699218750e+02 1.516870574951171875e+02
1.940109558105468750e+02 1.941508636474609375e+02
2.102772216796875000e+02 2.106764678955078125e+02
3.457658996582031250e+02 3.465300292968750000e+02
4.147007141113281250e+02 4.148923645019531250e+02
1.708967132568359375e+02 1.708215179443359375e+02
1.829217071533203125e+02 1.830469970703125000e+02
1.750330505371093750e+02 1.745091094970703125e+02
4.272324523925781250e+02 4.271539306640625000e+02
1.720803375244140625e+02 1.721375427246093750e+02
1.502880706787109375e+02 1.500294494628906250e+02
2.442277832031250000e+02 2.440005187988281250e+02
2.365557708740234375e+02 2.364964752197265625e+02
1.576775512695312500e+02 1.578107757568359375e+02
2.055467071533203125e+02 2.058864593505859375e+02
3.346254272460937500e+02 3.347897033691406250e+02
2.688125305175781250e+02 2.682708740234375000e+02
1.816610260009765625e+02 1.816250457763671875e+02
3.323195190429687500e+02 3.313122253417968750e+02
3.493252258300781250e+02 3.492859802246093750e+02
2.475773315429687500e+02 2.479445648193359375e+02
3.481542663574218750e+02 3.483767700195312500e+02
4.226728515625000000e+02 4.226677246093750000e+02
3.840332641601562500e+02 3.844353942871093750e+02
1.504699096679687500e+02 1.503318176269531250e+02
2.310766754150390625e+02 2.304719696044921875e+02
4.601621704101562500e+02 4.599992065429687500e+02
1.759619140625000000e+02 1.761379852294921875e+02
3.852778015136718750e+02 3.857967224121093750e+02
1.996845245361328125e+02 1.998487091064453125e+02
1.878893127441406250e+02 1.881674499511718750e+02
1.857775573730468750e+02 1.858893890380859375e+02
4.244727783203125000e+02 4.248062438964843750e+02
2.690442810058593750e+02 2.691842346191406250e+02
2.232753906250000000e+02 2.233059387207031250e+02
4.068197021484375000e+02 4.068200378417968750e+02
3.486291198730468750e+02 3.484396667480468750e+02
2.389303131103515625e+02 2.388993225097656250e+02
1.592742919921875000e+02 1.593017578125000000e+02
1.564513549804687500e+02 1.563860778808593750e+02
2.108417816162109375e+02 2.109151458740234375e+02
1.936346588134765625e+02 1.938349304199218750e+02
1.470050659179687500e+02 1.470165863037109375e+02
2.280691986083984375e+02 2.282682342529296875e+02
1.630151214599609375e+02 1.634617156982421875e+02
2.044799346923828125e+02 2.049519653320312500e+02
1.958819427490234375e+02 1.961168670654296875e+02
1.775669097900390625e+02 1.777753295898437500e+02
2.031871795654296875e+02 2.028762664794921875e+02
2.256547241210937500e+02 2.260842895507812500e+02
3.855852355957031250e+02 3.854889221191406250e+02
2.460979919433593750e+02 2.462714385986328125e+02
1.759722900390625000e+02 1.761009368896484375e+02
3.642817993164062500e+02 3.644693603515625000e+02
3.458453063964843750e+02 3.454721069335937500e+02
2.278050842285156250e+02 2.277805480957031250e+02
2.543899993896484375e+02 2.543609161376953125e+02
1.539639739990234375e+02 1.541073303222656250e+02
3.475503540039062500e+02 3.475841979980468750e+02
3.627125549316406250e+02 3.628978881835937500e+02
2.259346466064453125e+02 2.258318328857421875e+02
2.035668487548828125e+02 2.037503356933593750e+02
1.840158538818359375e+02 1.840750885009765625e+02
2.675669860839843750e+02 2.686166687011718750e+02
1.953138732910156250e+02 1.954461975097656250e+02
3.482115173339843750e+02 3.481101989746093750e+02
3.321381225585937500e+02 3.324807128906250000e+02
3.826713562011718750e+02 3.826834716796875000e+02
1.811560363769531250e+02 1.814301605224609375e+02
4.144421386718750000e+02 4.140538635253906250e+02
2.516286926269531250e+02 2.520838317871093750e+02
1.647184295654296875e+02 1.653261108398437500e+02
3.324703369140625000e+02 3.322841491699218750e+02
2.017583160400390625e+02 2.020334930419921875e+02
1.619393768310546875e+02 1.620678558349609375e+02
1.636766204833984375e+02 1.639444885253906250e+02
2.374355926513671875e+02 2.376343841552734375e+02
2.475960540771484375e+02 2.473226165771484375e+02
2.366419525146484375e+02 2.365058288574218750e+02
2.466522369384765625e+02 2.466837463378906250e+02
1.971686553955078125e+02 1.975997314453125000e+02
2.274338836669921875e+02 2.277668151855468750e+02
2.052633972167968750e+02 2.056582031250000000e+02
1.936832122802734375e+02 1.938647308349609375e+02
3.851518554687500000e+02 3.852895202636718750e+02
3.588626708984375000e+02 3.594682006835937500e+02
3.678853759765625000e+02 3.680318298339843750e+02
3.646397094726562500e+02 3.649219665527343750e+02
2.887397766113281250e+02 2.885830078125000000e+02
3.653386840820312500e+02 3.649310607910156250e+02
3.317684020996093750e+02 3.316000671386718750e+02
2.365746917724609375e+02 2.367973632812500000e+02
3.628630371093750000e+02 3.631153564453125000e+02
3.678930664062500000e+02 3.680711364746093750e+02
2.254949035644531250e+02 2.258233489990234375e+02
3.616978149414062500e+02 3.615690917968750000e+02
1.883436584472656250e+02 1.887077331542968750e+02
2.257960205078125000e+02 2.258493347167968750e+02
1.880258483886718750e+02 1.879649505615234375e+02
2.544684143066406250e+02 2.544936218261718750e+02
2.256889343261718750e+02 2.256929931640625000e+02
1.619724731445312500e+02 1.621702728271484375e+02
3.321886596679687500e+02 3.318930358886718750e+02
2.523488464355468750e+02 2.522337799072265625e+02
4.105607299804687500e+02 4.103380126953125000e+02
2.147006378173828125e+02 2.150779418945312500e+02
1.523455352783203125e+02 1.523488616943359375e+02
1.483836975097656250e+02 1.485577850341796875e+02
3.457168884277343750e+02 3.462794494628906250e+02
3.320132141113281250e+02 3.321066284179687500e+02
2.328515777587890625e+02 2.331320648193359375e+02
1.448641510009765625e+02 1.449284515380859375e+02
1.661037139892578125e+02 1.660597686767578125e+02
3.321319580078125000e+02 3.319113159179687500e+02
3.699880676269531250e+02 3.699613037109375000e+02
1.455179443359375000e+02 1.457032623291015625e+02
2.348452148437500000e+02 2.347657623291015625e+02
2.257265167236328125e+02 2.255471954345703125e+02
1.709555358886718750e+02 1.711776123046875000e+02
1.671555633544921875e+02 1.669652404785156250e+02
2.622917480468750000e+02 2.621206054687500000e+02
2.543310852050781250e+02 2.542552947998046875e+02
3.731306457519531250e+02 3.732742919921875000e+02
3.587929382324218750e+02 3.600050659179687500e+02
2.042544708251953125e+02 2.043555908203125000e+02
3.673486938476562500e+02 3.673354187011718750e+02
3.702043457031250000e+02 3.705273742675781250e+02
1.497389068603515625e+02 1.503859405517578125e+02
2.353660278320312500e+02 2.355590515136718750e+02
2.540374755859375000e+02 2.544512176513671875e+02
2.128002471923828125e+02 2.127869720458984375e+02
1.496510925292968750e+02 1.492838897705078125e+02
3.457061767578125000e+02 3.462402343750000000e+02
1.872724609375000000e+02 1.874828033447265625e+02
3.321529235839843750e+02 3.318844299316406250e+02
2.340523834228515625e+02 2.343657684326171875e+02
2.340138549804687500e+02 2.341885528564453125e+02
3.586393127441406250e+02 3.587150268554687500e+02
2.006559600830078125e+02 2.011362915039062500e+02
1.660877075195312500e+02 1.660971527099609375e+02
2.789092407226562500e+02 2.790629882812500000e+02
1.911152954101562500e+02 1.913829498291015625e+02
3.942299499511718750e+02 3.947594909667968750e+02
1.961892547607421875e+02 1.964542541503906250e+02
2.359146270751953125e+02 2.356119995117187500e+02
1.591421661376953125e+02 1.589386444091796875e+02
3.482950134277343750e+02 3.480456237792968750e+02
4.417027282714843750e+02 4.418832397460937500e+02
1.805479736328125000e+02 1.808077392578125000e+02
1.478087463378906250e+02 1.478847198486328125e+02
1.907589874267578125e+02 1.913736114501953125e+02
2.557334594726562500e+02 2.556107330322265625e+02
3.519269104003906250e+02 3.521106262207031250e+02
