2.051469637081027031e-03 5.073171574622392654e-03
1.764638232998549938e-03 4.248294513672590256e-03
1.238767174072563648e-03 3.899684641510248184e-03
1.016114256344735622e-03 4.153780639171600342e-03
9.960492607206106186e-04 4.037444014102220535e-03
9.737965883687138557e-04 4.439296666532754898e-03
1.105925533920526505e-03 4.053935408592224121e-03
7.335289265029132366e-04 3.957721870392560959e-03
8.160984725691378117e-04 4.336399026215076447e-03
7.954479660838842392e-04 3.982470370829105377e-03
9.280764497816562653e-04 4.011790268123149872e-03
7.122932001948356628e-04 3.984601702541112900e-03
7.107625133357942104e-04 4.200917202979326248e-03
6.301118992269039154e-04 4.058727994561195374e-03
7.612582412548363209e-04 4.070613998919725418e-03
6.410488858819007874e-04 4.084330983459949493e-03
8.424238185398280621e-04 4.068511538207530975e-03
6.274098413996398449e-04 4.041596315801143646e-03
7.378575974144041538e-04 4.146409220993518829e-03
6.712110480293631554e-04 4.018762614578008652e-03
6.096672732383012772e-04 4.021343775093555450e-03
6.714192568324506283e-04 4.162353463470935822e-03
6.447579362429678440e-04 4.089121706783771515e-03
6.743788253515958786e-04 4.065796732902526855e-03
6.397349643521010876e-04 4.181894473731517792e-03
8.566927863284945488e-04 4.391690250486135483e-03
1.075083040632307529e-03 4.134476650506258011e-03
8.608960197307169437e-04 4.024406895041465759e-03
7.754440885037183762e-04 4.099274519830942154e-03
8.568337652832269669e-04 4.026504699140787125e-03
6.003833259455859661e-04 4.008218646049499512e-03
1.003597280941903591e-03 3.992510493844747543e-03
7.975517073646187782e-04 4.065790679305791855e-03
8.788139093667268753e-04 4.276228137314319611e-03
1.551752095110714436e-03 4.462776705622673035e-03
1.237109070643782616e-03 4.532541614025831223e-03
1.692232792265713215e-03 4.515500739216804504e-03
1.721956883557140827e-03 4.156623501330614090e-03
1.382681075483560562e-03 4.264418035745620728e-03
1.560479053296148777e-03 5.247133318334817886e-03
1.937159919179975986e-03 4.284220747649669647e-03
1.126071438193321228e-03 4.418499302119016647e-03
1.017779228277504444e-03 4.054728429764509201e-03
1.096909050829708576e-03 4.157206043601036072e-03
8.846023702062666416e-04 4.164001904428005219e-03
8.304748334921896458e-04 4.300992935895919800e-03
9.212806471623480320e-04 4.108864348381757736e-03
1.026762765832245350e-03 4.484261851757764816e-03
1.198079669848084450e-03 4.224416799843311310e-03
1.330163562670350075e-03 4.457755479961633682e-03
1.725274138152599335e-03 4.821924958378076553e-03
1.525336760096251965e-03 4.307990893721580505e-03
1.299353200010955334e-03 4.918105434626340866e-03
1.497334334999322891e-03 4.283850081264972687e-03
1.505688764154911041e-03 4.935621749609708786e-03
1.180477673187851906e-03 4.318340681493282318e-03
1.171296113170683384e-03 4.325001500546932220e-03
9.514378034509718418e-04 4.424955230206251144e-03
1.200202503241598606e-03 4.269228782504796982e-03
1.055694185197353363e-03 4.167449194937944412e-03
9.435151005163788795e-04 4.238021560013294220e-03
1.112349447794258595e-03 4.495949950069189072e-03
1.666742609813809395e-03 4.193976987153291702e-03
1.238753204233944416e-03 4.316371865570545197e-03
1.107131363824009895e-03 5.136339459568262100e-03
1.318953465670347214e-03 4.435627255588769913e-03
1.218412769958376884e-03 4.501622170209884644e-03
1.095025800168514252e-03 4.417854361236095428e-03
1.057260902598500252e-03 4.865170922130346298e-03
1.223496161401271820e-03 4.321939777582883835e-03
1.597603317350149155e-03 4.259763285517692566e-03
1.248062588274478912e-03 4.189491737633943558e-03
1.174871809780597687e-03 4.919479601085186005e-03
1.472142175771296024e-03 4.274602513760328293e-03
1.233875053003430367e-03 4.422051832079887390e-03
1.147659262642264366e-03 4.286673385649919510e-03
1.399612752720713615e-03 5.823372397571802139e-03
1.634131302125751972e-03 4.149137064814567566e-03
1.335250097326934338e-03 5.329274106770753860e-03
1.822656369768083096e-03 4.980253521353006363e-03
1.986180432140827179e-03 4.492004401981830597e-03
1.404225942678749561e-03 5.478730425238609314e-03
1.226026448421180248e-03 4.606064409017562866e-03
1.382637536153197289e-03 4.230597522109746933e-03
1.609301543794572353e-03 4.249757621437311172e-03
1.060498645529150963e-03 4.422024358063936234e-03
1.091241720132529736e-03 4.305374808609485626e-03
9.386001620441675186e-04 4.410662222653627396e-03
9.294936317019164562e-04 4.501213319599628448e-03
1.029078615829348564e-03 4.234870430082082748e-03
8.995113894343376160e-04 4.399989265948534012e-03
9.320715325884521008e-04 4.414037801325321198e-03
8.142562583088874817e-04 4.325640387833118439e-03
9.090941748581826687e-04 4.266100004315376282e-03
1.246017520315945148e-03 4.332752898335456848e-03
9.738510707393288612e-04 4.274031147360801697e-03
7.726368494331836700e-04 4.312906414270401001e-03
9.896425763145089149e-04 4.415519069880247116e-03
9.338102536275982857e-04 4.969073459506034851e-03
1.720905536785721779e-03 4.354126285761594772e-03
1.168743823654949665e-03 4.608240909874439240e-03
2.042152220383286476e-03 5.552279762923717499e-03
2.319230698049068451e-03 4.569326993077993393e-03
1.438235398381948471e-03 4.474425222724676132e-03
1.037833746522665024e-03 4.311576019972562790e-03
8.752928115427494049e-04 4.504012875258922577e-03
1.228352426551282406e-03 4.661435261368751526e-03
1.278655137866735458e-03 4.494928289204835892e-03
