9.587235450744628906e-01 9.625343084335327148e-01
8.385433554649353027e-01 8.366235494613647461e-01
7.225587368011474609e-01 7.221890687942504883e-01
8.605155944824218750e-01 8.600370287895202637e-01
9.066802263259887695e-01 9.058660864830017090e-01
8.192530870437622070e-01 8.177420496940612793e-01
8.970285058021545410e-01 8.980678915977478027e-01
8.847810029983520508e-01 8.860080242156982422e-01
8.315104246139526367e-01 8.279916048049926758e-01
8.767158389091491699e-01 8.761574625968933105e-01
7.263138294219970703e-01 7.236655354499816895e-01
8.942207694053649902e-01 8.935733437538146973e-01
7.270734906196594238e-01 7.244037389755249023e-01
8.760148286819458008e-01 8.747319579124450684e-01
8.262836337089538574e-01 8.244896531105041504e-01
9.177669882774353027e-01 9.179359078407287598e-01
9.228591918945312500e-01 9.259044528007507324e-01
9.289603233337402344e-01 9.292281270027160645e-01
8.393452763557434082e-01 8.372781872749328613e-01
7.646596431732177734e-01 7.637996077537536621e-01
9.236304759979248047e-01 9.262401461601257324e-01
9.046043157577514648e-01 9.028854966163635254e-01
7.274878025054931641e-01 7.248657345771789551e-01
9.426801204681396484e-01 9.444579482078552246e-01
9.026370644569396973e-01 9.046851396560668945e-01
9.161015748977661133e-01 9.153597354888916016e-01
7.264401316642761230e-01 7.247724533081054688e-01
8.572707176208496094e-01 8.547031879425048828e-01
9.704385399818420410e-01 9.727144837379455566e-01
7.750491499900817871e-01 7.734707593917846680e-01
7.264157533645629883e-01 7.245576381683349609e-01
7.565670609474182129e-01 7.562482953071594238e-01
7.941570281982421875e-01 7.926847934722900391e-01
9.032802581787109375e-01 9.057388305664062500e-01
7.664083242416381836e-01 7.640625834465026855e-01
8.827966451644897461e-01 8.826082944869995117e-01
9.206000566482543945e-01 9.198495149612426758e-01
7.685360312461853027e-01 7.677921056747436523e-01
8.654370903968811035e-01 8.647553324699401855e-01
8.551324009895324707e-01 8.535358309745788574e-01
7.729713916778564453e-01 7.720475792884826660e-01
9.569571018218994141e-01 9.582102298736572266e-01
8.728888034820556641e-01 8.702529072761535645e-01
7.265409231185913086e-01 7.237749099731445312e-01
8.603532910346984863e-01 8.610550761222839355e-01
9.396759867668151855e-01 9.404023885726928711e-01
9.394960999488830566e-01 9.386528134346008301e-01
8.809071779251098633e-01 8.791697621345520020e-01
7.857676744461059570e-01 7.851350903511047363e-01
9.018580317497253418e-01 9.017747044563293457e-01
7.804921865463256836e-01 7.787008285522460938e-01
1.029134631156921387e+00 1.032357335090637207e+00
9.621319770812988281e-01 9.633693695068359375e-01
7.832968235015869141e-01 7.832087278366088867e-01
8.312799930572509766e-01 8.309965133666992188e-01
8.864173889160156250e-01 8.856641650199890137e-01
9.413920044898986816e-01 9.425798058509826660e-01
7.702248096466064453e-01 7.692111730575561523e-01
9.669672250747680664e-01 9.691537022590637207e-01
9.915148019790649414e-01 9.937621355056762695e-01
8.501713275909423828e-01 8.488401770591735840e-01
9.504422545433044434e-01 9.519172310829162598e-01
9.061318635940551758e-01 9.074312448501586914e-01
9.141972064971923828e-01 9.129300713539123535e-01
9.539601802825927734e-01 9.558208584785461426e-01
7.987662553787231445e-01 7.987729907035827637e-01
9.500184655189514160e-01 9.527705907821655273e-01
8.580216169357299805e-01 8.574411273002624512e-01
9.640288949012756348e-01 9.663827419281005859e-01
9.436630606651306152e-01 9.444749951362609863e-01
7.267950177192687988e-01 7.241595387458801270e-01
7.593820095062255859e-01 7.571095228195190430e-01
8.486264944076538086e-01 8.477522134780883789e-01
9.051273465156555176e-01 9.039172530174255371e-01
9.481309652328491211e-01 9.505926966667175293e-01
8.672734498977661133e-01 8.656813502311706543e-01
9.233740568161010742e-01 9.224470853805541992e-01
9.739270806312561035e-01 9.760395884513854980e-01
8.546723127365112305e-01 8.523241281509399414e-01
8.324692249298095703e-01 8.316387534141540527e-01
9.093241691589355469e-01 9.085212349891662598e-01
8.144635558128356934e-01 8.137127757072448730e-01
8.552967309951782227e-01 8.547472357749938965e-01
8.604446649551391602e-01 8.585008382797241211e-01
8.736915588378906250e-01 8.734996914863586426e-01
7.592481970787048340e-01 7.573595643043518066e-01
8.306447863578796387e-01 8.293865919113159180e-01
8.512019515037536621e-01 8.485084772109985352e-01
9.124976992607116699e-01 9.116377234458923340e-01
7.228482961654663086e-01 7.225914597511291504e-01
8.572750091552734375e-01 8.565336465835571289e-01
8.510250449180603027e-01 8.507825732231140137e-01
7.587787508964538574e-01 7.559031844139099121e-01
8.820754885673522949e-01 8.817046880722045898e-01
7.754356861114501953e-01 7.748134136199951172e-01
9.341260790824890137e-01 9.335807561874389648e-01
8.356767296791076660e-01 8.345994353294372559e-01
8.889583945274353027e-01 8.882992267608642578e-01
8.777294158935546875e-01 8.777041435241699219e-01
8.341048359870910645e-01 8.333199024200439453e-01
9.119242429733276367e-01 9.124471545219421387e-01
7.867385149002075195e-01 7.845098376274108887e-01
8.207987546920776367e-01 8.193901777267456055e-01
8.339956402778625488e-01 8.329337239265441895e-01
8.389433622360229492e-01 8.372353315353393555e-01
8.807444572448730469e-01 8.805098533630371094e-01
8.243565559387207031e-01 8.225802183151245117e-01
8.862874507904052734e-01 8.865945935249328613e-01
9.275518059730529785e-01 9.264784455299377441e-01
7.719389200210571289e-01 7.703785896301269531e-01
9.008534550666809082e-01 8.997176289558410645e-01
9.021468758583068848e-01 9.016925692558288574e-01
8.737654685974121094e-01 8.740158081054687500e-01
8.226219415664672852e-01 8.216416835784912109e-01
7.984737753868103027e-01 7.974914908409118652e-01
7.740902900695800781e-01 7.713944911956787109e-01
8.071277141571044922e-01 8.067245483398437500e-01
8.463842272758483887e-01 8.453088402748107910e-01
8.465613722801208496e-01 8.462497591972351074e-01
8.034337759017944336e-01 8.024046421051025391e-01
8.828173875808715820e-01 8.816027045249938965e-01
9.223213195800781250e-01 9.215999245643615723e-01
9.793749451637268066e-01 9.812633395195007324e-01
8.929084539413452148e-01 8.965038657188415527e-01
9.269827604293823242e-01 9.279122352600097656e-01
8.997860550880432129e-01 8.998153805732727051e-01
7.595233321189880371e-01 7.580262422561645508e-01
9.359095692634582520e-01 9.357411265373229980e-01
8.037074804306030273e-01 8.020904660224914551e-01
8.322756886482238770e-01 8.303908109664916992e-01
8.336405754089355469e-01 8.328770399093627930e-01
8.519453406333923340e-01 8.491773009300231934e-01
9.499823451042175293e-01 9.523553252220153809e-01
7.628598809242248535e-01 7.624710798263549805e-01
9.015492200851440430e-01 9.015956521034240723e-01
9.222135543823242188e-01 9.234856963157653809e-01
8.005455732345581055e-01 7.995659708976745605e-01
8.383518457412719727e-01 8.368006944656372070e-01
7.929695248603820801e-01 7.918868064880371094e-01
7.857992649078369141e-01 7.840302586555480957e-01
8.355005979537963867e-01 8.347598910331726074e-01
9.035905003547668457e-01 9.041061997413635254e-01
8.510998487472534180e-01 8.494226336479187012e-01
9.654939174652099609e-01 9.674950242042541504e-01
7.845621109008789062e-01 7.845345735549926758e-01
7.640064358711242676e-01 7.632296681404113770e-01
8.807682991027832031e-01 8.796671628952026367e-01
8.223208785057067871e-01 8.209351301193237305e-01
7.639615535736083984e-01 7.613240480422973633e-01
8.654189705848693848e-01 8.643839955329895020e-01
7.874221801757812500e-01 7.864714860916137695e-01
8.038603067398071289e-01 8.027755022048950195e-01
8.362769484519958496e-01 8.361505866050720215e-01
9.149100780487060547e-01 9.157809019088745117e-01
8.648381829261779785e-01 8.628209829330444336e-01
8.213203549385070801e-01 8.214852809906005859e-01
9.011721611022949219e-01 9.017756581306457520e-01
8.733462095260620117e-01 8.732782602310180664e-01
8.658853173255920410e-01 8.643274307250976562e-01
9.028522372245788574e-01 9.025071263313293457e-01
8.783554434776306152e-01 8.784890770912170410e-01
8.851885795593261719e-01 8.852990269660949707e-01
9.485756158828735352e-01 9.489914774894714355e-01
7.722232937812805176e-01 7.707595825195312500e-01
7.720122933387756348e-01 7.708928585052490234e-01
9.377219080924987793e-01 9.369915127754211426e-01
7.638230323791503906e-01 7.618385553359985352e-01
9.082502126693725586e-01 9.079445600509643555e-01
9.117233157157897949e-01 9.126152396202087402e-01
7.923221588134765625e-01 7.899048924446105957e-01
8.595509529113769531e-01 8.603268861770629883e-01
7.858463525772094727e-01 7.838455438613891602e-01
8.319408297538757324e-01 8.306022286415100098e-01
8.899005651473999023e-01 8.901963829994201660e-01
8.871292471885681152e-01 8.887553215026855469e-01
8.075953125953674316e-01 8.053756952285766602e-01
7.274984121322631836e-01 7.249748110771179199e-01
8.373067378997802734e-01 8.360937833786010742e-01
8.064293861389160156e-01 8.047940135002136230e-01
8.372889757156372070e-01 8.359298110008239746e-01
7.650579214096069336e-01 7.641350626945495605e-01
8.912057280540466309e-01 8.934013247489929199e-01
7.237312197685241699e-01 7.231589555740356445e-01
9.372740387916564941e-01 9.364690780639648438e-01
8.225460052490234375e-01 8.233188986778259277e-01
7.691379189491271973e-01 7.688794136047363281e-01
8.864408731460571289e-01 8.858938217163085938e-01
8.730803728103637695e-01 8.716530799865722656e-01
8.232157230377197266e-01 8.228511810302734375e-01
7.239395380020141602e-01 7.231386303901672363e-01
8.282444477081298828e-01 8.274496197700500488e-01
9.509170055389404297e-01 9.527921676635742188e-01
8.332002162933349609e-01 8.318898081779479980e-01
8.305441737174987793e-01 8.296141028404235840e-01
8.986856937408447266e-01 8.988676667213439941e-01
7.647823095321655273e-01 7.646722197532653809e-01
8.702259063720703125e-01 8.699946403503417969e-01
8.851312398910522461e-01 8.835105299949645996e-01
9.006547927856445312e-01 8.990696072578430176e-01
9.328922033309936523e-01 9.322307705879211426e-01
7.794114351272583008e-01 7.775520086288452148e-01
8.521431684494018555e-01 8.518533706665039062e-01
7.584470510482788086e-01 7.563804388046264648e-01
7.637447118759155273e-01 7.625505924224853516e-01
7.231858968734741211e-01 7.225533127784729004e-01
8.860644102096557617e-01 8.868975043296813965e-01
8.983753323554992676e-01 8.976460695266723633e-01
9.547148942947387695e-01 9.548483490943908691e-01
8.791011571884155273e-01 8.797512054443359375e-01
9.046196341514587402e-01 9.044196009635925293e-01
8.657904863357543945e-01 8.644978404045104980e-01
8.993721604347229004e-01 8.997034430503845215e-01
7.978091835975646973e-01 7.970169186592102051e-01
8.870266675949096680e-01 8.861934542655944824e-01
9.029963016510009766e-01 9.028374552726745605e-01
8.621157407760620117e-01 8.620152473449707031e-01
7.251617908477783203e-01 7.246806025505065918e-01
8.557159900665283203e-01 8.533074259757995605e-01
8.919511437416076660e-01 8.917660117149353027e-01
7.230471968650817871e-01 7.221181392669677734e-01
8.978060483932495117e-01 8.961192965507507324e-01
7.838295698165893555e-01 7.828934788703918457e-01
8.171014189720153809e-01 8.156747817993164062e-01
8.457212448120117188e-01 8.454150557518005371e-01
7.973497509956359863e-01 7.966270446777343750e-01
7.726597189903259277e-01 7.720679640769958496e-01
7.617855072021484375e-01 7.619777917861938477e-01
8.880752325057983398e-01 8.859564661979675293e-01
8.997131586074829102e-01 9.000273942947387695e-01
8.757631778717041016e-01 8.751316666603088379e-01
8.366576433181762695e-01 8.369144797325134277e-01
8.981818556785583496e-01 8.979535698890686035e-01
9.747902750968933105e-01 9.742391705513000488e-01
8.501901030540466309e-01 8.510136604309082031e-01
7.925803065299987793e-01 7.911683917045593262e-01
7.641773223876953125e-01 7.632196545600891113e-01
9.169622659683227539e-01 9.159939289093017578e-01
8.386997580528259277e-01 8.370640277862548828e-01
7.734268903732299805e-01 7.714724540710449219e-01
8.996686935424804688e-01 8.982497453689575195e-01
7.890748977661132812e-01 7.883722782135009766e-01
7.829046845436096191e-01 7.828341722488403320e-01
9.288508892059326172e-01 9.261627793312072754e-01
7.903798222541809082e-01 7.891300320625305176e-01
7.591664791107177734e-01 7.586955428123474121e-01
7.559214234352111816e-01 7.549645900726318359e-01
8.469083905220031738e-01 8.449491262435913086e-01
7.695685029029846191e-01 7.689899206161499023e-01
8.978517055511474609e-01 8.978704810142517090e-01
7.544615268707275391e-01 7.541089057922363281e-01
9.100331068038940430e-01 9.099051952362060547e-01
7.240513563156127930e-01 7.230209708213806152e-01
7.741732001304626465e-01 7.740010619163513184e-01
8.739901781082153320e-01 8.751581907272338867e-01
8.514280319213867188e-01 8.505343794822692871e-01
8.356648683547973633e-01 8.341391682624816895e-01
9.312139153480529785e-01 9.312252998352050781e-01
8.374594449996948242e-01 8.372400999069213867e-01
9.043297171592712402e-01 9.030015468597412109e-01
7.222450971603393555e-01 7.211350202560424805e-01
7.904771566390991211e-01 7.896580100059509277e-01
8.220664262771606445e-01 8.214402794837951660e-01
8.461815714836120605e-01 8.451524376869201660e-01
9.102419018745422363e-01 9.109395742416381836e-01
8.868222236633300781e-01 8.862392902374267578e-01
8.218263387680053711e-01 8.225209712982177734e-01
9.699637293815612793e-01 9.722533822059631348e-01
9.362272024154663086e-01 9.384280443191528320e-01
8.304909467697143555e-01 8.289843201637268066e-01
9.230236411094665527e-01 9.243527054786682129e-01
8.554096221923828125e-01 8.535432815551757812e-01
9.508688449859619141e-01 9.530115723609924316e-01
9.208856225013732910e-01 9.195353388786315918e-01
8.803997635841369629e-01 8.784080743789672852e-01
9.258909225463867188e-01 9.258684515953063965e-01
8.461381196975708008e-01 8.447579741477966309e-01
7.737096548080444336e-01 7.707562446594238281e-01
7.592440843582153320e-01 7.586291432380676270e-01
9.078735709190368652e-01 9.090815186500549316e-01
8.827975988388061523e-01 8.836142420768737793e-01
7.586798667907714844e-01 7.565273642539978027e-01
7.980772256851196289e-01 7.964690923690795898e-01
8.527001142501831055e-01 8.545475602149963379e-01
9.626336693763732910e-01 9.608644843101501465e-01
9.065953493118286133e-01 9.040250778198242188e-01
9.444509744644165039e-01 9.456338286399841309e-01
9.655401706695556641e-01 9.714595079421997070e-01
7.833492159843444824e-01 7.822495698928833008e-01
7.640966176986694336e-01 7.606007456779479980e-01
8.862776160240173340e-01 8.895108699798583984e-01
9.266573190689086914e-01 9.275314211845397949e-01
8.226686120033264160e-01 8.222378492355346680e-01
9.094573855400085449e-01 9.103342890739440918e-01
8.033605813980102539e-01 8.018581271171569824e-01
9.104467630386352539e-01 9.109528660774230957e-01
8.715075254440307617e-01 8.712653517723083496e-01
8.160696625709533691e-01 8.143312335014343262e-01
9.073536396026611328e-01 9.065009355545043945e-01
8.832604885101318359e-01 8.828573226928710938e-01
8.730558156967163086e-01 8.718902468681335449e-01
1.033170461654663086e+00 1.035515785217285156e+00
9.840458631515502930e-01 9.853579998016357422e-01
8.516150116920471191e-01 8.505088686943054199e-01
9.749256372451782227e-01 9.766340851783752441e-01
9.199324846267700195e-01 9.202463626861572266e-01
7.235304713249206543e-01 7.221392393112182617e-01
8.609938621520996094e-01 8.574278950691223145e-01
7.576752305030822754e-01 7.558273673057556152e-01
7.269604206085205078e-01 7.249904870986938477e-01
9.294136166572570801e-01 9.310250282287597656e-01
8.436940908432006836e-01 8.416771292686462402e-01
9.414573907852172852e-01 9.458143115043640137e-01
9.032075405120849609e-01 9.033725857734680176e-01
7.274693250656127930e-01 7.249726057052612305e-01
8.722716569900512695e-01 8.694753646850585938e-01
8.717344999313354492e-01 8.704940676689147949e-01
9.395500421524047852e-01 9.410077333450317383e-01
9.095396399497985840e-01 9.106558561325073242e-01
7.823099493980407715e-01 7.811417579650878906e-01
7.866249084472656250e-01 7.843782305717468262e-01
7.625372409820556641e-01 7.622377276420593262e-01
8.648235797882080078e-01 8.652524352073669434e-01
9.670328497886657715e-01 9.679237604141235352e-01
7.751988172531127930e-01 7.736936211585998535e-01
8.004766106605529785e-01 7.983455657958984375e-01
8.393388986587524414e-01 8.377277255058288574e-01
7.837409377098083496e-01 7.838363051414489746e-01
9.008347988128662109e-01 8.999540805816650391e-01
7.534636855125427246e-01 7.536243796348571777e-01
8.888418078422546387e-01 8.881508708000183105e-01
8.915102481842041016e-01 8.917188644409179688e-01
8.195430636405944824e-01 8.182916045188903809e-01
7.260133028030395508e-01 7.244884967803955078e-01
8.233498930931091309e-01 8.220787048339843750e-01
8.284628391265869141e-01 8.264932632446289062e-01
8.244633078575134277e-01 8.229902386665344238e-01
9.015403985977172852e-01 9.021298289299011230e-01
9.419915080070495605e-01 9.438748359680175781e-01
7.237045764923095703e-01 7.225953936576843262e-01
7.715633511543273926e-01 7.715554237365722656e-01
9.401569962501525879e-01 9.411040544509887695e-01
7.786142826080322266e-01 7.778248190879821777e-01
9.515517950057983398e-01 9.526844620704650879e-01
8.798593878746032715e-01 8.774441480636596680e-01
7.643125057220458984e-01 7.620460987091064453e-01
8.240208625793457031e-01 8.252640962600708008e-01
8.525122404098510742e-01 8.507671952247619629e-01
8.702726960182189941e-01 8.679232597351074219e-01
8.878037929534912109e-01 8.859530091285705566e-01
7.635506987571716309e-01 7.614247798919677734e-01
7.283171415328979492e-01 7.275518178939819336e-01
9.654584527015686035e-01 9.679067730903625488e-01
9.114127159118652344e-01 9.130641818046569824e-01
9.196930527687072754e-01 9.214927554130554199e-01
7.891725301742553711e-01 7.881091237068176270e-01
9.237134456634521484e-01 9.237136244773864746e-01
9.405557513236999512e-01 9.415639042854309082e-01
7.920031547546386719e-01 7.896820306777954102e-01
7.265180349349975586e-01 7.253249287605285645e-01
9.170132875442504883e-01 9.157209992408752441e-01
8.529288768768310547e-01 8.517995476722717285e-01
7.732473611831665039e-01 7.728581428527832031e-01
8.786281943321228027e-01 8.786413073539733887e-01
8.041051626205444336e-01 8.036120533943176270e-01
8.040857315063476562e-01 8.040002584457397461e-01
8.881585001945495605e-01 8.870534300804138184e-01
9.923892021179199219e-01 9.945163130760192871e-01
8.865588903427124023e-01 8.874755501747131348e-01
8.928529620170593262e-01 8.919577002525329590e-01
8.760472536087036133e-01 8.768641948699951172e-01
8.803995847702026367e-01 8.790361881256103516e-01
8.165093660354614258e-01 8.159594535827636719e-01
9.288684725761413574e-01 9.297129511833190918e-01
8.818725943565368652e-01 8.804435729980468750e-01
9.318400621414184570e-01 9.328904151916503906e-01
7.822594046592712402e-01 7.822018265724182129e-01
8.518648743629455566e-01 8.541672229766845703e-01
8.383271694183349609e-01 8.385817408561706543e-01
8.520739078521728516e-01 8.506731986999511719e-01
9.298916459083557129e-01 9.312783479690551758e-01
8.750762939453125000e-01 8.754675984382629395e-01
9.095795154571533203e-01 9.100304841995239258e-01
8.374737501144409180e-01 8.373408913612365723e-01
8.618364930152893066e-01 8.607602715492248535e-01
9.114756584167480469e-01 9.129804968833923340e-01
9.138444662094116211e-01 9.137843251228332520e-01
8.516518473625183105e-01 8.513898849487304688e-01
9.100441932678222656e-01 9.088246822357177734e-01
9.305115342140197754e-01 9.344620704650878906e-01
7.257369756698608398e-01 7.230239510536193848e-01
9.042278528213500977e-01 9.055642485618591309e-01
9.333488941192626953e-01 9.338518381118774414e-01
9.445580244064331055e-01 9.453808069229125977e-01
8.267329931259155273e-01 8.259581327438354492e-01
9.659278988838195801e-01 9.671660661697387695e-01
7.546554803848266602e-01 7.548580169677734375e-01
8.635692596435546875e-01 8.615995645523071289e-01
7.972031831741333008e-01 7.962884902954101562e-01
7.820756435394287109e-01 7.821788787841796875e-01
8.384839296340942383e-01 8.381471037864685059e-01
8.832004070281982422e-01 8.823055624961853027e-01
8.223213553428649902e-01 8.208996057510375977e-01
9.779301285743713379e-01 9.799984693527221680e-01
8.770123720169067383e-01 8.760114908218383789e-01
8.267481327056884766e-01 8.277424573898315430e-01
8.643525838851928711e-01 8.632961511611938477e-01
9.400256872177124023e-01 9.395899176597595215e-01
8.683690428733825684e-01 8.670836091041564941e-01
8.812679052352905273e-01 8.809656500816345215e-01
7.254050970077514648e-01 7.247843146324157715e-01
9.280679225921630859e-01 9.278815388679504395e-01
8.696219325065612793e-01 8.700947165489196777e-01
7.279193997383117676e-01 7.276759743690490723e-01
9.629119634628295898e-01 9.648457765579223633e-01
7.788112759590148926e-01 7.778003811836242676e-01
8.928511142730712891e-01 8.928816318511962891e-01
9.254873394966125488e-01 9.276986122131347656e-01
9.623696208000183105e-01 9.648003578186035156e-01
9.604694247245788574e-01 9.605845212936401367e-01
9.123783111572265625e-01 9.112281203269958496e-01
8.275426626205444336e-01 8.255748152732849121e-01
8.217639327049255371e-01 8.204900622367858887e-01
8.776938915252685547e-01 8.765899538993835449e-01
9.019010066986083984e-01 9.015683531761169434e-01
7.548372149467468262e-01 7.536410093307495117e-01
9.062893390655517578e-01 9.090601205825805664e-01
8.341847658157348633e-01 8.324728608131408691e-01
8.451009392738342285e-01 8.455252647399902344e-01
9.640578627586364746e-01 9.662473797798156738e-01
7.882805466651916504e-01 7.865701913833618164e-01
7.282496690750122070e-01 7.271189689636230469e-01
9.248049259185791016e-01 9.250053763389587402e-01
9.084196090698242188e-01 9.068628549575805664e-01
7.635169029235839844e-01 7.625212073326110840e-01
8.361431956291198730e-01 8.365308046340942383e-01
8.639009594917297363e-01 8.644524216651916504e-01
8.243368268013000488e-01 8.237276077270507812e-01
8.015739917755126953e-01 8.008278608322143555e-01
9.284310936927795410e-01 9.287830591201782227e-01
8.944373130798339844e-01 8.933138251304626465e-01
7.268705368041992188e-01 7.256075739860534668e-01
8.870486021041870117e-01 8.864585757255554199e-01
7.830047607421875000e-01 7.830512523651123047e-01
8.555228710174560547e-01 8.567283153533935547e-01
9.225111603736877441e-01 9.240815639495849609e-01
8.832064867019653320e-01 8.820843100547790527e-01
9.423018097877502441e-01 9.426373839378356934e-01
8.460325598716735840e-01 8.448464870452880859e-01
9.402921795845031738e-01 9.398273229598999023e-01
8.534780740737915039e-01 8.523523211479187012e-01
9.790360331535339355e-01 9.790765047073364258e-01
8.877110481262207031e-01 8.880674839019775391e-01
8.332449197769165039e-01 8.335434198379516602e-01
8.352888822555541992e-01 8.344972133636474609e-01
9.224407672882080078e-01 9.228689074516296387e-01
8.760958909988403320e-01 8.748021721839904785e-01
9.030690789222717285e-01 9.033012986183166504e-01
9.451484680175781250e-01 9.459965229034423828e-01
9.718670845031738281e-01 9.730635285377502441e-01
7.683445215225219727e-01 7.669524550437927246e-01
7.268103361129760742e-01 7.251825332641601562e-01
8.711338043212890625e-01 8.707910180091857910e-01
8.579068183898925781e-01 8.565509319305419922e-01
8.184249997138977051e-01 8.193976283073425293e-01
7.821902632713317871e-01 7.804564237594604492e-01
9.092050790786743164e-01 9.098576903343200684e-01
9.761928915977478027e-01 9.759172797203063965e-01
8.479052782058715820e-01 8.468260765075683594e-01
1.032750964164733887e+00 1.034516572952270508e+00
8.480768799781799316e-01 8.471986055374145508e-01
7.786936163902282715e-01 7.775090932846069336e-01
8.998985886573791504e-01 9.012000560760498047e-01
8.373129367828369141e-01 8.386364579200744629e-01
7.696641683578491211e-01 7.677654027938842773e-01
7.263360619544982910e-01 7.247166037559509277e-01
8.078647255897521973e-01 8.074420690536499023e-01
7.227614521980285645e-01 7.207978963851928711e-01
7.623900175094604492e-01 7.624061107635498047e-01
9.285604357719421387e-01 9.300292730331420898e-01
8.495222926139831543e-01 8.476103544235229492e-01
1.015897989273071289e+00 1.016752004623413086e+00
7.275323867797851562e-01 7.263789772987365723e-01
8.854225277900695801e-01 8.858535885810852051e-01
7.836265563964843750e-01 7.825621366500854492e-01
7.273705601692199707e-01 7.252845168113708496e-01
7.863010168075561523e-01 7.846436500549316406e-01
7.924402952194213867e-01 7.917122840881347656e-01
8.785336017608642578e-01 8.798288106918334961e-01
7.980899214744567871e-01 7.963353395462036133e-01
8.456672430038452148e-01 8.450525403022766113e-01
8.522854447364807129e-01 8.507179617881774902e-01
7.922880649566650391e-01 7.918201088905334473e-01
8.810951709747314453e-01 8.832535743713378906e-01
8.556340932846069336e-01 8.549696207046508789e-01
8.237548470497131348e-01 8.220962882041931152e-01
8.774265050888061523e-01 8.770594596862792969e-01
7.275830507278442383e-01 7.259368300437927246e-01
8.617426156997680664e-01 8.601768016815185547e-01
7.568272352218627930e-01 7.547631263732910156e-01
8.830804228782653809e-01 8.837140202522277832e-01
9.587235450744628906e-01 9.603267908096313477e-01
8.385433554649353027e-01 8.381141424179077148e-01
7.225587368011474609e-01 7.208572626113891602e-01
8.605155944824218750e-01 8.592072725296020508e-01
9.066802263259887695e-01 9.076924920082092285e-01
8.192530870437622070e-01 8.187260031700134277e-01
8.970285058021545410e-01 8.970590829849243164e-01
8.847810029983520508e-01 8.845990300178527832e-01
8.315104246139526367e-01 8.301379084587097168e-01
8.767158389091491699e-01 8.782138824462890625e-01
7.263138294219970703e-01 7.246221899986267090e-01
8.942207694053649902e-01 8.936428427696228027e-01
7.270734906196594238e-01 7.265760302543640137e-01
8.760148286819458008e-01 8.755323290824890137e-01
8.262836337089538574e-01 8.256214857101440430e-01
9.177669882774353027e-01 9.174407720565795898e-01
9.228591918945312500e-01 9.210437536239624023e-01
9.289603233337402344e-01 9.307732582092285156e-01
8.393452763557434082e-01 8.403452038764953613e-01
7.646596431732177734e-01 7.631973028182983398e-01
9.236304759979248047e-01 9.230136275291442871e-01
9.046043157577514648e-01 9.052325487136840820e-01
7.274878025054931641e-01 7.265885472297668457e-01
9.426801204681396484e-01 9.434681534767150879e-01
9.026370644569396973e-01 9.016357660293579102e-01
9.161015748977661133e-01 9.171349406242370605e-01
7.264401316642761230e-01 7.254858016967773438e-01
8.572707176208496094e-01 8.570920228958129883e-01
9.704385399818420410e-01 9.716296792030334473e-01
7.750491499900817871e-01 7.740167379379272461e-01
7.264157533645629883e-01 7.260178923606872559e-01
7.565670609474182129e-01 7.556664347648620605e-01
7.941570281982421875e-01 7.918033003807067871e-01
9.032802581787109375e-01 9.022642374038696289e-01
7.664083242416381836e-01 7.654747366905212402e-01
8.827966451644897461e-01 8.814545273780822754e-01
9.206000566482543945e-01 9.226188063621520996e-01
7.685360312461853027e-01 7.676826119422912598e-01
8.654370903968811035e-01 8.646651506423950195e-01
8.551324009895324707e-01 8.532624840736389160e-01
7.729713916778564453e-01 7.719052433967590332e-01
9.569571018218994141e-01 9.575970172882080078e-01
8.728888034820556641e-01 8.751339912414550781e-01
7.265409231185913086e-01 7.257189750671386719e-01
8.603532910346984863e-01 8.587455749511718750e-01
9.396759867668151855e-01 9.415851235389709473e-01
9.394960999488830566e-01 9.406711459159851074e-01
8.809071779251098633e-01 8.803197741508483887e-01
7.857676744461059570e-01 7.851201295852661133e-01
9.018580317497253418e-01 9.008595347404479980e-01
7.804921865463256836e-01 7.798361778259277344e-01
1.029134631156921387e+00 1.028232693672180176e+00
9.621319770812988281e-01 9.627070426940917969e-01
7.832968235015869141e-01 7.821335792541503906e-01
8.312799930572509766e-01 8.282721042633056641e-01
8.864173889160156250e-01 8.865638971328735352e-01
9.413920044898986816e-01 9.411173462867736816e-01
7.702248096466064453e-01 7.692213058471679688e-01
9.669672250747680664e-01 9.704207181930541992e-01
9.915148019790649414e-01 9.941477775573730469e-01
8.501713275909423828e-01 8.495038151741027832e-01
9.504422545433044434e-01 9.515662789344787598e-01
9.061318635940551758e-01 9.062948822975158691e-01
9.141972064971923828e-01 9.155033230781555176e-01
9.539601802825927734e-01 9.562622308731079102e-01
7.987662553787231445e-01 7.983419895172119141e-01
9.500184655189514160e-01 9.501173496246337891e-01
8.580216169357299805e-01 8.575427532196044922e-01
9.640288949012756348e-01 9.663765430450439453e-01
9.436630606651306152e-01 9.454202055931091309e-01
7.267950177192687988e-01 7.253732085227966309e-01
7.593820095062255859e-01 7.591616511344909668e-01
8.486264944076538086e-01 8.479816913604736328e-01
9.051273465156555176e-01 9.046512246131896973e-01
9.481309652328491211e-01 9.510521292686462402e-01
8.672734498977661133e-01 8.670298457145690918e-01
9.233740568161010742e-01 9.236629605293273926e-01
9.739270806312561035e-01 9.779239296913146973e-01
8.546723127365112305e-01 8.534122705459594727e-01
8.324692249298095703e-01 8.330287337303161621e-01
9.093241691589355469e-01 9.106786847114562988e-01
8.144635558128356934e-01 8.137841820716857910e-01
8.552967309951782227e-01 8.536751866340637207e-01
8.604446649551391602e-01 8.603534698486328125e-01
8.736915588378906250e-01 8.733450174331665039e-01
7.592481970787048340e-01 7.567560076713562012e-01
8.306447863578796387e-01 8.288955092430114746e-01
8.512019515037536621e-01 8.526828885078430176e-01
9.124976992607116699e-01 9.135915040969848633e-01
7.228482961654663086e-01 7.198238372802734375e-01
8.572750091552734375e-01 8.565545082092285156e-01
8.510250449180603027e-01 8.489761948585510254e-01
7.587787508964538574e-01 7.569748759269714355e-01
8.820754885673522949e-01 8.807770013809204102e-01
7.754356861114501953e-01 7.755883932113647461e-01
9.341260790824890137e-01 9.325749874114990234e-01
8.356767296791076660e-01 8.359704017639160156e-01
8.889583945274353027e-01 8.903450369834899902e-01
8.777294158935546875e-01 8.782211542129516602e-01
8.341048359870910645e-01 8.338811397552490234e-01
9.119242429733276367e-01 9.127302765846252441e-01
7.867385149002075195e-01 7.859545946121215820e-01
8.207987546920776367e-01 8.210617899894714355e-01
8.339956402778625488e-01 8.322769403457641602e-01
8.389433622360229492e-01 8.388807773590087891e-01
8.807444572448730469e-01 8.812759518623352051e-01
8.243565559387207031e-01 8.250691890716552734e-01
8.862874507904052734e-01 8.869611024856567383e-01
9.275518059730529785e-01 9.271583557128906250e-01
7.719389200210571289e-01 7.718290686607360840e-01
9.008534550666809082e-01 9.018723368644714355e-01
9.021468758583068848e-01 9.034451842308044434e-01
8.737654685974121094e-01 8.714684844017028809e-01
8.226219415664672852e-01 8.196880817413330078e-01
7.984737753868103027e-01 7.962824106216430664e-01
7.740902900695800781e-01 7.729085087776184082e-01
8.071277141571044922e-01 8.062617182731628418e-01
8.463842272758483887e-01 8.438767194747924805e-01
8.465613722801208496e-01 8.448098897933959961e-01
8.034337759017944336e-01 8.026286363601684570e-01
8.828173875808715820e-01 8.826452493667602539e-01
9.223213195800781250e-01 9.238867163658142090e-01
9.793749451637268066e-01 9.799857139587402344e-01
8.929084539413452148e-01 8.897970914840698242e-01
9.269827604293823242e-01 9.255977869033813477e-01
8.997860550880432129e-01 9.001594185829162598e-01
7.595233321189880371e-01 7.598778605461120605e-01
9.359095692634582520e-01 9.372895359992980957e-01
8.037074804306030273e-01 8.027542233467102051e-01
8.322756886482238770e-01 8.282824158668518066e-01
8.336405754089355469e-01 8.323020935058593750e-01
8.519453406333923340e-01 8.536160588264465332e-01
9.499823451042175293e-01 9.530787467956542969e-01
7.628598809242248535e-01 7.616996765136718750e-01
9.015492200851440430e-01 9.023094177246093750e-01
9.222135543823242188e-01 9.240809679031372070e-01
8.005455732345581055e-01 7.991538643836975098e-01
8.383518457412719727e-01 8.387765884399414062e-01
7.929695248603820801e-01 7.918543219566345215e-01
7.857992649078369141e-01 7.854983806610107422e-01
8.355005979537963867e-01 8.353662490844726562e-01
9.035905003547668457e-01 9.055220484733581543e-01
8.510998487472534180e-01 8.512700796127319336e-01
9.654939174652099609e-01 9.642515182495117188e-01
7.845621109008789062e-01 7.841350436210632324e-01
7.640064358711242676e-01 7.619536519050598145e-01
8.807682991027832031e-01 8.831177949905395508e-01
8.223208785057067871e-01 8.225033283233642578e-01
7.639615535736083984e-01 7.637476921081542969e-01
8.654189705848693848e-01 8.659068346023559570e-01
7.874221801757812500e-01 7.862109541893005371e-01
8.038603067398071289e-01 8.032813072204589844e-01
8.362769484519958496e-01 8.346329927444458008e-01
9.149100780487060547e-01 9.149112701416015625e-01
8.648381829261779785e-01 8.623580932617187500e-01
8.213203549385070801e-01 8.205378055572509766e-01
9.011721611022949219e-01 9.017884731292724609e-01
8.733462095260620117e-01 8.722745776176452637e-01
8.658853173255920410e-01 8.648784160614013672e-01
9.028522372245788574e-01 9.040786027908325195e-01
8.783554434776306152e-01 8.798251152038574219e-01
8.851885795593261719e-01 8.852846622467041016e-01
9.485756158828735352e-01 9.499924778938293457e-01
7.722232937812805176e-01 7.725777029991149902e-01
7.720122933387756348e-01 7.717580199241638184e-01
9.377219080924987793e-01 9.382836222648620605e-01
7.638230323791503906e-01 7.631144523620605469e-01
9.082502126693725586e-01 9.078431725502014160e-01
9.117233157157897949e-01 9.114649891853332520e-01
7.923221588134765625e-01 7.913756966590881348e-01
8.595509529113769531e-01 8.571122288703918457e-01
7.858463525772094727e-01 7.847288250923156738e-01
8.319408297538757324e-01 8.318854570388793945e-01
8.899005651473999023e-01 8.893421292304992676e-01
8.871292471885681152e-01 8.857029676437377930e-01
8.075953125953674316e-01 8.076580762863159180e-01
7.274984121322631836e-01 7.274816632270812988e-01
8.373067378997802734e-01 8.374052047729492188e-01
8.064293861389160156e-01 8.063814043998718262e-01
8.372889757156372070e-01 8.382955193519592285e-01
7.650579214096069336e-01 7.636839151382446289e-01
8.912057280540466309e-01 8.905677795410156250e-01
7.237312197685241699e-01 7.218577265739440918e-01
9.372740387916564941e-01 9.384983777999877930e-01
8.225460052490234375e-01 8.203738331794738770e-01
7.691379189491271973e-01 7.674731612205505371e-01
8.864408731460571289e-01 8.860911726951599121e-01
8.730803728103637695e-01 8.714681267738342285e-01
8.232157230377197266e-01 8.236847519874572754e-01
7.239395380020141602e-01 7.209743857383728027e-01
8.282444477081298828e-01 8.263908624649047852e-01
9.509170055389404297e-01 9.475905895233154297e-01
8.332002162933349609e-01 8.328245878219604492e-01
8.305441737174987793e-01 8.310191631317138672e-01
8.986856937408447266e-01 9.003262519836425781e-01
7.647823095321655273e-01 7.631171345710754395e-01
8.702259063720703125e-01 8.686692118644714355e-01
8.851312398910522461e-01 8.842391371726989746e-01
9.006547927856445312e-01 9.027832746505737305e-01
9.328922033309936523e-01 9.335561394691467285e-01
7.794114351272583008e-01 7.775576710700988770e-01
8.521431684494018555e-01 8.526131510734558105e-01
7.584470510482788086e-01 7.571564912796020508e-01
7.637447118759155273e-01 7.626551985740661621e-01
7.231858968734741211e-01 7.206211686134338379e-01
8.860644102096557617e-01 8.853047490119934082e-01
8.983753323554992676e-01 8.980704545974731445e-01
9.547148942947387695e-01 9.546620249748229980e-01
8.791011571884155273e-01 8.782200217247009277e-01
9.046196341514587402e-01 9.068034291267395020e-01
8.657904863357543945e-01 8.655880093574523926e-01
8.993721604347229004e-01 9.004706144332885742e-01
7.978091835975646973e-01 7.962986826896667480e-01
8.870266675949096680e-01 8.858036994934082031e-01
9.029963016510009766e-01 9.032249450683593750e-01
8.621157407760620117e-01 8.622913956642150879e-01
7.251617908477783203e-01 7.226637005805969238e-01
8.557159900665283203e-01 8.557323813438415527e-01
8.919511437416076660e-01 8.900387287139892578e-01
7.230471968650817871e-01 7.212808728218078613e-01
8.978060483932495117e-01 9.012952446937561035e-01
7.838295698165893555e-01 7.831278443336486816e-01
8.171014189720153809e-01 8.151365518569946289e-01
8.457212448120117188e-01 8.442289233207702637e-01
7.973497509956359863e-01 7.962836623191833496e-01
7.726597189903259277e-01 7.723003029823303223e-01
7.617855072021484375e-01 7.600006461143493652e-01
8.880752325057983398e-01 8.886855840682983398e-01
8.997131586074829102e-01 8.996542692184448242e-01
8.757631778717041016e-01 8.758977651596069336e-01
8.366576433181762695e-01 8.352016806602478027e-01
8.981818556785583496e-01 8.981487154960632324e-01
9.747902750968933105e-01 9.760123491287231445e-01
8.501901030540466309e-01 8.486530780792236328e-01
7.925803065299987793e-01 7.907854914665222168e-01
7.641773223876953125e-01 7.622989416122436523e-01
9.169622659683227539e-01 9.198935031890869141e-01
8.386997580528259277e-01 8.386452794075012207e-01
7.734268903732299805e-01 7.726339101791381836e-01
8.996686935424804688e-01 8.991075754165649414e-01
7.890748977661132812e-01 7.875719666481018066e-01
7.829046845436096191e-01 7.824161052703857422e-01
9.288508892059326172e-01 9.277322888374328613e-01
7.903798222541809082e-01 7.870614528656005859e-01
7.591664791107177734e-01 7.590349316596984863e-01
7.559214234352111816e-01 7.543095350265502930e-01
8.469083905220031738e-01 8.459059596061706543e-01
7.695685029029846191e-01 7.682564258575439453e-01
8.978517055511474609e-01 8.974722027778625488e-01
7.544615268707275391e-01 7.526913285255432129e-01
9.100331068038940430e-01 9.095349907875061035e-01
7.240513563156127930e-01 7.212622761726379395e-01
7.741732001304626465e-01 7.732702493667602539e-01
8.739901781082153320e-01 8.730636835098266602e-01
8.514280319213867188e-01 8.508288860321044922e-01
8.356648683547973633e-01 8.369118571281433105e-01
9.312139153480529785e-01 9.353073239326477051e-01
8.374594449996948242e-01 8.358327150344848633e-01
9.043297171592712402e-01 9.052660465240478516e-01
7.222450971603393555e-01 7.193749547004699707e-01
7.904771566390991211e-01 7.887740731239318848e-01
8.220664262771606445e-01 8.207197189331054688e-01
8.461815714836120605e-01 8.456804156303405762e-01
9.102419018745422363e-01 9.098692536354064941e-01
8.868222236633300781e-01 8.852218985557556152e-01
8.218263387680053711e-01 8.209077715873718262e-01
9.699637293815612793e-01 9.712910652160644531e-01
9.362272024154663086e-01 9.360871911048889160e-01
8.304909467697143555e-01 8.311129808425903320e-01
9.230236411094665527e-01 9.206420779228210449e-01
8.554096221923828125e-01 8.543201088905334473e-01
9.508688449859619141e-01 9.509676694869995117e-01
9.208856225013732910e-01 9.187902808189392090e-01
8.803997635841369629e-01 8.807172179222106934e-01
9.258909225463867188e-01 9.267797470092773438e-01
8.461381196975708008e-01 8.470960259437561035e-01
7.737096548080444336e-01 7.732220888137817383e-01
7.592440843582153320e-01 7.585459947586059570e-01
9.078735709190368652e-01 9.079667329788208008e-01
8.827975988388061523e-01 8.815447092056274414e-01
7.586798667907714844e-01 7.573363780975341797e-01
7.980772256851196289e-01 7.976826429367065430e-01
8.527001142501831055e-01 8.501579761505126953e-01
9.626336693763732910e-01 9.653543233871459961e-01
9.065953493118286133e-01 9.070569872856140137e-01
9.444509744644165039e-01 9.461508393287658691e-01
9.655401706695556641e-01 9.664286971092224121e-01
7.833492159843444824e-01 7.831442952156066895e-01
7.640966176986694336e-01 7.623898983001708984e-01
8.862776160240173340e-01 8.847336173057556152e-01
9.266573190689086914e-01 9.279134273529052734e-01
8.226686120033264160e-01 8.211756348609924316e-01
9.094573855400085449e-01 9.090353846549987793e-01
8.033605813980102539e-01 8.021779060363769531e-01
9.104467630386352539e-01 9.111473560333251953e-01
8.715075254440307617e-01 8.697604537010192871e-01
8.160696625709533691e-01 8.159626722335815430e-01
9.073536396026611328e-01 9.077476859092712402e-01
8.832604885101318359e-01 8.854792118072509766e-01
8.730558156967163086e-01 8.711120486259460449e-01
1.033170461654663086e+00 1.038210034370422363e+00
9.840458631515502930e-01 9.891705513000488281e-01
8.516150116920471191e-01 8.496444225311279297e-01
9.749256372451782227e-01 9.769606590270996094e-01
9.199324846267700195e-01 9.192785620689392090e-01
7.235304713249206543e-01 7.214734554290771484e-01
8.609938621520996094e-01 8.608716130256652832e-01
7.576752305030822754e-01 7.568671703338623047e-01
7.269604206085205078e-01 7.250739336013793945e-01
9.294136166572570801e-01 9.277977347373962402e-01
8.436940908432006836e-01 8.447454571723937988e-01
9.414573907852172852e-01 9.397907853126525879e-01
9.032075405120849609e-01 9.023424983024597168e-01
7.274693250656127930e-01 7.259392142295837402e-01
8.722716569900512695e-01 8.740657567977905273e-01
8.717344999313354492e-01 8.718508481979370117e-01
9.395500421524047852e-01 9.418552517890930176e-01
9.095396399497985840e-01 9.079017639160156250e-01
7.823099493980407715e-01 7.832286953926086426e-01
7.866249084472656250e-01 7.846958041191101074e-01
7.625372409820556641e-01 7.624043822288513184e-01
8.648235797882080078e-01 8.644918203353881836e-01
9.670328497886657715e-01 9.673324823379516602e-01
7.751988172531127930e-01 7.750407457351684570e-01
8.004766106605529785e-01 7.980000972747802734e-01
8.393388986587524414e-01 8.391125202178955078e-01
7.837409377098083496e-01 7.833588719367980957e-01
9.008347988128662109e-01 9.018138051033020020e-01
7.534636855125427246e-01 7.519168257713317871e-01
8.888418078422546387e-01 8.895703554153442383e-01
8.915102481842041016e-01 8.916392326354980469e-01
8.195430636405944824e-01 8.192539215087890625e-01
7.260133028030395508e-01 7.230092287063598633e-01
8.233498930931091309e-01 8.245889544486999512e-01
8.284628391265869141e-01 8.278542160987854004e-01
8.244633078575134277e-01 8.244562149047851562e-01
9.015403985977172852e-01 9.010643959045410156e-01
9.419915080070495605e-01 9.446662068367004395e-01
7.237045764923095703e-01 7.210157513618469238e-01
7.715633511543273926e-01 7.707110643386840820e-01
9.401569962501525879e-01 9.422045946121215820e-01
7.786142826080322266e-01 7.774032950401306152e-01
9.515517950057983398e-01 9.536141157150268555e-01
8.798593878746032715e-01 8.814639449119567871e-01
7.643125057220458984e-01 7.634520530700683594e-01
8.240208625793457031e-01 8.233572244644165039e-01
8.525122404098510742e-01 8.514075875282287598e-01
8.702726960182189941e-01 8.708865046501159668e-01
8.878037929534912109e-01 8.886299729347229004e-01
7.635506987571716309e-01 7.614269852638244629e-01
