7.165646646171808243e-03
7.287163753062486649e-03
7.346287835389375687e-03
7.191375363618135452e-03
7.255983538925647736e-03
7.214856799691915512e-03
7.278234232217073441e-03
7.455432787537574768e-03
7.125657517462968826e-03
7.259178906679153442e-03
7.147037424147129059e-03
7.345885504037141800e-03
7.218943908810615540e-03
7.163503672927618027e-03
7.158959284424781799e-03
7.263763807713985443e-03
7.210258860141038895e-03
7.272067479789257050e-03
7.114306557923555374e-03
7.257947698235511780e-03
7.292895577847957611e-03
7.196139544248580933e-03
7.323708385229110718e-03
7.149050012230873108e-03
7.237534504383802414e-03
7.187994197010993958e-03
7.141777314245700836e-03
7.304276805371046066e-03
7.234711665660142899e-03
7.223188411444425583e-03
7.186587434262037277e-03
7.130649872124195099e-03
