5.991693586111068726e-02
1.789246499538421631e-02
1.474997028708457947e-02
1.368423551321029663e-02
1.316071674227714539e-02
1.286225486546754837e-02
1.290081534534692764e-02
1.286028139293193817e-02
1.264352630823850632e-02
1.256025675684213638e-02
1.251059956848621368e-02
1.256943400949239731e-02
1.232788525521755219e-02
1.225703582167625427e-02
1.232525147497653961e-02
1.229922845959663391e-02
1.217287871986627579e-02
1.218705903738737106e-02
1.219263579696416855e-02
1.218835916370153427e-02
1.224609836935997009e-02
1.214462053030729294e-02
1.223152969032526016e-02
1.208108384162187576e-02
