5.845893640071153641e-03 6.062804721295833588e-03
4.129406996071338654e-03 3.680554218590259552e-03
3.394164843484759331e-03 2.913943957537412643e-03
2.795751206576824188e-03 3.124390728771686554e-03
2.754395594820380211e-03 3.685143310576677322e-03
2.615339355543255806e-03 2.632844261825084686e-03
2.168354112654924393e-03 2.671697642654180527e-03
2.135131740942597389e-03 3.599982941523194313e-03
2.537736436352133751e-03 3.126276424154639244e-03
1.964195165783166885e-03 2.529467921704053879e-03
1.798672950826585293e-03 3.273642854765057564e-03
2.148410538211464882e-03 2.631498733535408974e-03
2.144178841263055801e-03 3.127052448689937592e-03
1.901601208373904228e-03 3.527560969814658165e-03
2.338023856282234192e-03 3.185032168403267860e-03
1.945496071130037308e-03 2.834410639479756355e-03
1.823798171244561672e-03 3.476104000583291054e-03
2.384243067353963852e-03 3.581174183636903763e-03
2.177625196054577827e-03 2.828287193551659584e-03
1.737833837978541851e-03 3.162720473483204842e-03
1.787811401300132275e-03 2.553807804360985756e-03
1.702916459180414677e-03 2.637599827721714973e-03
1.661027781665325165e-03 2.948191249743103981e-03
1.620003720745444298e-03 2.556389896199107170e-03
1.545395818538963795e-03 2.749183913692831993e-03
1.641385839320719242e-03 4.204706288874149323e-03
1.993669429793953896e-03 2.966522239148616791e-03
1.827767933718860149e-03 2.866305876523256302e-03
1.590557512827217579e-03 2.574176993221044540e-03
1.541137113235890865e-03 3.271169494837522507e-03
2.068710979074239731e-03 2.848012140020728111e-03
1.674169208854436874e-03 3.313116496428847313e-03
1.807617605663836002e-03 3.540660487487912178e-03
2.516183303669095039e-03 4.420039709657430649e-03
2.283348236232995987e-03 2.884238958358764648e-03
1.954141538590192795e-03 4.079402424395084381e-03
1.664644922129809856e-03 2.803788054734468460e-03
1.584211364388465881e-03 2.561665140092372894e-03
1.415329985320568085e-03 2.979111159220337868e-03
1.701970933936536312e-03 2.904902212321758270e-03
1.585520454682409763e-03 2.670584712177515030e-03
1.940084504894912243e-03 3.899176837876439095e-03
1.898233196698129177e-03 2.498158952221274376e-03
1.645702053792774677e-03 3.086370183154940605e-03
1.619153073988854885e-03 3.574166214093565941e-03
1.916518900543451309e-03 2.906164852902293205e-03
1.823637052439153194e-03 2.589755458757281303e-03
1.737955608405172825e-03 3.254043404012918472e-03
1.576978480443358421e-03 2.813444472849369049e-03
1.856122864410281181e-03 3.012455534189939499e-03
1.537090633064508438e-03 2.729040803387761116e-03
1.446266309358179569e-03 2.967096632346510887e-03
2.074614865705370903e-03 2.915838267654180527e-03
1.509418478235602379e-03 2.653823234140872955e-03
1.473258365876972675e-03 2.575457328930497169e-03
1.605770550668239594e-03 2.992447698488831520e-03
1.322110649198293686e-03 2.802811330184340477e-03
1.591114443726837635e-03 2.976882969960570335e-03
1.615074696019291878e-03 2.900634892284870148e-03
1.543992431834340096e-03 3.492695977911353111e-03
1.556644449010491371e-03 3.066136967390775681e-03
1.626234618015587330e-03 3.090936457738280296e-03
1.336497603915631771e-03 2.851728117093443871e-03
1.808637403883039951e-03 2.842400455847382545e-03
1.688847085461020470e-03 3.341872245073318481e-03
1.638028770685195923e-03 2.870572265237569809e-03
1.971219200640916824e-03 3.863344900310039520e-03
1.809850102290511131e-03 2.833311678841710091e-03
1.301484531722962856e-03 2.966905012726783752e-03
1.431412878446280956e-03 2.684832550585269928e-03
1.779796555638313293e-03 3.403004491701722145e-03
1.648023375310003757e-03 3.469611750915646553e-03
2.512740902602672577e-03 3.147616283968091011e-03
1.613325788639485836e-03 3.206921741366386414e-03
1.609351485967636108e-03 4.332044161856174469e-03
1.841535675339400768e-03 2.871941542252898216e-03
1.330833416432142258e-03 2.926250221207737923e-03
1.264962484128773212e-03 3.567082108929753304e-03
1.627844409085810184e-03 3.563218051567673683e-03
1.468997565098106861e-03 3.084288910031318665e-03
1.432277960702776909e-03 2.931375056505203247e-03
1.339118345640599728e-03 2.905704081058502197e-03
1.392592559568583965e-03 3.078662091866135597e-03
1.468171481974422932e-03 3.329173196107149124e-03
1.739861792884767056e-03 2.777659567072987556e-03
1.332689309492707253e-03 3.042195690795779228e-03
1.258988399058580399e-03 3.257605945691466331e-03
1.528855762444436550e-03 3.135118866339325905e-03
1.477329758927226067e-03 2.965813269838690758e-03
1.329099992290139198e-03 2.801338909193873405e-03
1.387383905239403248e-03 3.389531048014760017e-03
2.041259314864873886e-03 3.248529741540551186e-03
1.428339513950049877e-03 2.980932826176285744e-03
1.624628785066306591e-03 4.482590127736330032e-03
2.147081773728132248e-03 3.502710722386837006e-03
1.908262493088841438e-03 2.763860626146197319e-03
1.544344821013510227e-03 2.972238697111606598e-03
2.401624573394656181e-03 3.742192639037966728e-03
1.471571275033056736e-03 2.961707999929785728e-03
1.332725165411829948e-03 3.046071389690041542e-03
1.532393391244113445e-03 2.921008272096514702e-03
1.221352606080472469e-03 2.828006865456700325e-03
1.116598956286907196e-03 2.870637457817792892e-03
1.211503869853913784e-03 2.933752024546265602e-03
1.255245064385235310e-03 2.951393602415919304e-03
1.446085516363382339e-03 4.282763227820396423e-03
1.731115509755909443e-03 3.735898295417428017e-03
1.980120083317160606e-03 3.156389342620968819e-03
1.397455460391938686e-03 4.483023658394813538e-03
1.729314564727246761e-03 3.098672255873680115e-03
