7.874221801757812500e-01 7.859706282615661621e-01
8.038603067398071289e-01 8.016755580902099609e-01
8.362769484519958496e-01 8.356190323829650879e-01
9.149100780487060547e-01 9.131009578704833984e-01
8.648381829261779785e-01 8.624877929687500000e-01
8.213203549385070801e-01 8.252144455909729004e-01
9.011721611022949219e-01 9.015145897865295410e-01
8.733462095260620117e-01 8.715701699256896973e-01
8.658853173255920410e-01 8.653479218482971191e-01
9.028522372245788574e-01 9.017767310142517090e-01
8.783554434776306152e-01 8.781417012214660645e-01
8.851885795593261719e-01 8.844018578529357910e-01
9.485756158828735352e-01 9.488848447799682617e-01
7.722232937812805176e-01 7.708871960639953613e-01
7.720122933387756348e-01 7.710964679718017578e-01
9.377219080924987793e-01 9.386114478111267090e-01
7.638230323791503906e-01 7.628169059753417969e-01
9.082502126693725586e-01 9.069185853004455566e-01
9.117233157157897949e-01 9.119609594345092773e-01
7.923221588134765625e-01 7.901300787925720215e-01
8.595509529113769531e-01 8.577987551689147949e-01
7.858463525772094727e-01 7.835509777069091797e-01
8.319408297538757324e-01 8.318446874618530273e-01
8.899005651473999023e-01 8.912029266357421875e-01
8.871292471885681152e-01 8.853504657745361328e-01
8.075953125953674316e-01 8.074628710746765137e-01
7.274984121322631836e-01 7.256817817687988281e-01
8.373067378997802734e-01 8.354956507682800293e-01
8.064293861389160156e-01 8.060691952705383301e-01
8.372889757156372070e-01 8.341354131698608398e-01
7.650579214096069336e-01 7.653993368148803711e-01
8.912057280540466309e-01 8.882985115051269531e-01
7.237312197685241699e-01 7.266942262649536133e-01
9.372740387916564941e-01 9.352191686630249023e-01
8.225460052490234375e-01 8.231025338172912598e-01
7.691379189491271973e-01 7.714562416076660156e-01
8.864408731460571289e-01 8.874152898788452148e-01
8.730803728103637695e-01 8.729780316352844238e-01
8.232157230377197266e-01 8.280147910118103027e-01
7.239395380020141602e-01 7.249577045440673828e-01
8.282444477081298828e-01 8.286203145980834961e-01
9.509170055389404297e-01 9.499112963676452637e-01
8.332002162933349609e-01 8.339696526527404785e-01
8.305441737174987793e-01 8.290494680404663086e-01
8.986856937408447266e-01 9.010208845138549805e-01
7.647823095321655273e-01 7.635891437530517578e-01
8.702259063720703125e-01 8.700672984123229980e-01
8.851312398910522461e-01 8.853625059127807617e-01
9.006547927856445312e-01 9.009996652603149414e-01
9.328922033309936523e-01 9.328045845031738281e-01
7.794114351272583008e-01 7.806784510612487793e-01
8.521431684494018555e-01 8.515116572380065918e-01
7.584470510482788086e-01 7.585036158561706543e-01
7.637447118759155273e-01 7.619804143905639648e-01
7.231858968734741211e-01 7.264792919158935547e-01
8.860644102096557617e-01 8.856021165847778320e-01
8.983753323554992676e-01 8.975132107734680176e-01
9.547148942947387695e-01 9.546942114830017090e-01
8.791011571884155273e-01 8.779162764549255371e-01
9.046196341514587402e-01 9.023928046226501465e-01
8.657904863357543945e-01 8.642322421073913574e-01
8.993721604347229004e-01 8.982480764389038086e-01
7.978091835975646973e-01 7.952758073806762695e-01
8.870266675949096680e-01 8.862444758415222168e-01
9.029963016510009766e-01 9.031202793121337891e-01
8.621157407760620117e-01 8.642391562461853027e-01
7.251617908477783203e-01 7.269378900527954102e-01
8.557159900665283203e-01 8.550825119018554688e-01
8.919511437416076660e-01 8.918477892875671387e-01
7.230471968650817871e-01 7.259390950202941895e-01
8.978060483932495117e-01 8.973429799079895020e-01
7.838295698165893555e-01 7.816751003265380859e-01
8.171014189720153809e-01 8.168240189552307129e-01
8.457212448120117188e-01 8.452748060226440430e-01
7.973497509956359863e-01 7.954044938087463379e-01
7.726597189903259277e-01 7.732646465301513672e-01
7.617855072021484375e-01 7.620388269424438477e-01
8.880752325057983398e-01 8.863739371299743652e-01
8.997131586074829102e-01 9.004715681076049805e-01
8.757631778717041016e-01 8.742658495903015137e-01
8.366576433181762695e-01 8.359926342964172363e-01
8.981818556785583496e-01 8.964822292327880859e-01
9.747902750968933105e-01 9.754789471626281738e-01
8.501901030540466309e-01 8.511580824851989746e-01
7.925803065299987793e-01 7.902593016624450684e-01
7.641773223876953125e-01 7.622845768928527832e-01
9.169622659683227539e-01 9.161999225616455078e-01
8.386997580528259277e-01 8.358152508735656738e-01
7.734268903732299805e-01 7.719371318817138672e-01
8.996686935424804688e-01 8.977022767066955566e-01
7.890748977661132812e-01 7.893865704536437988e-01
7.829046845436096191e-01 7.836617231369018555e-01
9.288508892059326172e-01 9.277552962303161621e-01
7.903798222541809082e-01 7.891919612884521484e-01
7.591664791107177734e-01 7.627747654914855957e-01
7.559214234352111816e-01 7.573696970939636230e-01
8.469083905220031738e-01 8.449979424476623535e-01
7.695685029029846191e-01 7.719262838363647461e-01
8.978517055511474609e-01 8.969863653182983398e-01
7.544615268707275391e-01 7.563416957855224609e-01
9.100331068038940430e-01 9.104168415069580078e-01
7.240513563156127930e-01 7.263574600219726562e-01
7.741732001304626465e-01 7.733615040779113770e-01
8.739901781082153320e-01 8.720152378082275391e-01
8.514280319213867188e-01 8.534879088401794434e-01
8.356648683547973633e-01 8.351970314979553223e-01
9.312139153480529785e-01 9.301663041114807129e-01
8.374594449996948242e-01 8.367493152618408203e-01
9.043297171592712402e-01 9.038390517234802246e-01
7.222450971603393555e-01 7.226364016532897949e-01
7.904771566390991211e-01 7.913327217102050781e-01
8.220664262771606445e-01 8.202230930328369141e-01
8.461815714836120605e-01 8.443702459335327148e-01
9.102419018745422363e-01 9.076754450798034668e-01
8.868222236633300781e-01 8.870156407356262207e-01
8.218263387680053711e-01 8.276177644729614258e-01
9.699637293815612793e-01 9.686099290847778320e-01
9.362272024154663086e-01 9.339775443077087402e-01
8.304909467697143555e-01 8.296011686325073242e-01
9.230236411094665527e-01 9.216778874397277832e-01
8.554096221923828125e-01 8.518060445785522461e-01
9.508688449859619141e-01 9.516409039497375488e-01
9.208856225013732910e-01 9.211353063583374023e-01
8.803997635841369629e-01 8.792247176170349121e-01
9.258909225463867188e-01 9.254592061042785645e-01
8.461381196975708008e-01 8.444539308547973633e-01
7.737096548080444336e-01 7.709882855415344238e-01
7.592440843582153320e-01 7.573593854904174805e-01
9.078735709190368652e-01 9.060648679733276367e-01
8.827975988388061523e-01 8.830670714378356934e-01
7.586798667907714844e-01 7.566836476325988770e-01
7.980772256851196289e-01 7.958744168281555176e-01
8.527001142501831055e-01 8.504896759986877441e-01
9.626336693763732910e-01 9.613719582557678223e-01
9.065953493118286133e-01 9.064188003540039062e-01
9.444509744644165039e-01 9.446472525596618652e-01
9.655401706695556641e-01 9.638369083404541016e-01
7.833492159843444824e-01 7.836295366287231445e-01
7.640966176986694336e-01 7.617781162261962891e-01
8.862776160240173340e-01 8.853700757026672363e-01
9.266573190689086914e-01 9.272767305374145508e-01
8.226686120033264160e-01 8.233183622360229492e-01
9.094573855400085449e-01 9.088413715362548828e-01
8.033605813980102539e-01 8.027998805046081543e-01
9.104467630386352539e-01 9.107254743576049805e-01
8.715075254440307617e-01 8.724750280380249023e-01
8.160696625709533691e-01 8.160190582275390625e-01
9.073536396026611328e-01 9.060828685760498047e-01
8.832604885101318359e-01 8.807801604270935059e-01
8.730558156967163086e-01 8.730115890502929688e-01
1.033170461654663086e+00 1.031132459640502930e+00
9.840458631515502930e-01 9.850320219993591309e-01
8.516150116920471191e-01 8.514513969421386719e-01
9.749256372451782227e-01 9.742464423179626465e-01
9.199324846267700195e-01 9.209828376770019531e-01
7.235304713249206543e-01 7.256805896759033203e-01
8.609938621520996094e-01 8.608803153038024902e-01
7.576752305030822754e-01 7.574516534805297852e-01
7.269604206085205078e-01 7.269763946533203125e-01
9.294136166572570801e-01 9.295850396156311035e-01
8.436940908432006836e-01 8.416982889175415039e-01
9.414573907852172852e-01 9.422507286071777344e-01
9.032075405120849609e-01 9.027068018913269043e-01
7.274693250656127930e-01 7.249259948730468750e-01
8.722716569900512695e-01 8.711666464805603027e-01
8.717344999313354492e-01 8.713913559913635254e-01
9.395500421524047852e-01 9.384694099426269531e-01
9.095396399497985840e-01 9.077574014663696289e-01
7.823099493980407715e-01 7.827053070068359375e-01
7.866249084472656250e-01 7.842761278152465820e-01
7.625372409820556641e-01 7.619821429252624512e-01
8.648235797882080078e-01 8.639405965805053711e-01
9.670328497886657715e-01 9.667452573776245117e-01
7.751988172531127930e-01 7.727881073951721191e-01
8.004766106605529785e-01 7.979339957237243652e-01
8.393388986587524414e-01 8.404418826103210449e-01
7.837409377098083496e-01 7.850445508956909180e-01
9.008347988128662109e-01 9.015001654624938965e-01
7.534636855125427246e-01 7.559709548950195312e-01
8.888418078422546387e-01 8.879261612892150879e-01
8.915102481842041016e-01 8.930970430374145508e-01
8.195430636405944824e-01 8.178786039352416992e-01
7.260133028030395508e-01 7.281746864318847656e-01
8.233498930931091309e-01 8.229556083679199219e-01
8.284628391265869141e-01 8.247984647750854492e-01
8.244633078575134277e-01 8.244474530220031738e-01
9.015403985977172852e-01 9.012417197227478027e-01
9.419915080070495605e-01 9.405514597892761230e-01
7.237045764923095703e-01 7.249119877815246582e-01
7.715633511543273926e-01 7.731525897979736328e-01
9.401569962501525879e-01 9.396546483039855957e-01
7.786142826080322266e-01 7.814877033233642578e-01
9.515517950057983398e-01 9.513217806816101074e-01
8.798593878746032715e-01 8.779186606407165527e-01
7.643125057220458984e-01 7.633322477340698242e-01
8.240208625793457031e-01 8.222833275794982910e-01
8.525122404098510742e-01 8.527457118034362793e-01
8.702726960182189941e-01 8.715778589248657227e-01
8.878037929534912109e-01 8.868086934089660645e-01
7.635506987571716309e-01 7.619758844375610352e-01
9.025222063064575195e-01 9.023271799087524414e-01
7.726752758026123047e-01 7.722815871238708496e-01
7.271542549133300781e-01 7.261579632759094238e-01
7.977576255798339844e-01 7.986998558044433594e-01
9.385321736335754395e-01 9.386271238327026367e-01
9.644361734390258789e-01 9.639856815338134766e-01
8.519248962402343750e-01 8.501458168029785156e-01
7.239047288894653320e-01 7.276717424392700195e-01
9.718739986419677734e-01 9.741635918617248535e-01
7.915802001953125000e-01 7.910962104797363281e-01
9.593212008476257324e-01 9.594168066978454590e-01
9.256398081779479980e-01 9.236560463905334473e-01
8.313463330268859863e-01 8.313968777656555176e-01
1.050353169441223145e+00 1.050284624099731445e+00
8.354680538177490234e-01 8.351200222969055176e-01
7.267791032791137695e-01 7.255185246467590332e-01
9.016410112380981445e-01 9.022032618522644043e-01
8.461521267890930176e-01 8.444502353668212891e-01
9.438066482543945312e-01 9.443405270576477051e-01
9.142445921897888184e-01 9.116768240928649902e-01
7.917901277542114258e-01 7.900751829147338867e-01
9.336224198341369629e-01 9.333826899528503418e-01
9.395238161087036133e-01 9.395033121109008789e-01
1.005590438842773438e+00 1.004439234733581543e+00
8.754754066467285156e-01 8.742406368255615234e-01
8.486588001251220703e-01 8.470240235328674316e-01
8.957464694976806641e-01 8.930740952491760254e-01
8.855885267257690430e-01 8.848376870155334473e-01
7.822503447532653809e-01 7.816528677940368652e-01
9.478874206542968750e-01 9.455956816673278809e-01
8.160527944564819336e-01 8.137502074241638184e-01
9.357474446296691895e-01 9.346104860305786133e-01
9.113416671752929688e-01 9.081996679306030273e-01
8.832728862762451172e-01 8.824657797813415527e-01
9.230372905731201172e-01 9.238607883453369141e-01
7.740619182586669922e-01 7.716919779777526855e-01
8.839583396911621094e-01 8.830345869064331055e-01
8.490279316902160645e-01 8.509384989738464355e-01
7.831263542175292969e-01 7.817845940589904785e-01
9.792024493217468262e-01 9.784227609634399414e-01
8.819166421890258789e-01 8.807573318481445312e-01
8.204001188278198242e-01 8.241387009620666504e-01
9.112040400505065918e-01 9.111664295196533203e-01
7.259232401847839355e-01 7.216523885726928711e-01
8.031095266342163086e-01 8.042966127395629883e-01
9.720203280448913574e-01 9.714721441268920898e-01
9.004480838775634766e-01 8.987630009651184082e-01
9.575225710868835449e-01 9.593756198883056641e-01
8.234698772430419922e-01 8.233331441879272461e-01
9.539435505867004395e-01 9.526172280311584473e-01
9.036588072776794434e-01 9.030234813690185547e-01
8.728329539299011230e-01 8.733646273612976074e-01
8.010028600692749023e-01 8.015002012252807617e-01
9.259612560272216797e-01 9.253392815589904785e-01
8.199449777603149414e-01 8.201417326927185059e-01
8.232303261756896973e-01 8.214024901390075684e-01
8.968502283096313477e-01 8.954658508300781250e-01
7.988556027412414551e-01 7.985004782676696777e-01
8.933165073394775391e-01 8.909137248992919922e-01
7.714014053344726562e-01 7.725105881690979004e-01
8.384938240051269531e-01 8.371552824974060059e-01
7.616263031959533691e-01 7.625656127929687500e-01
9.744261503219604492e-01 9.738079309463500977e-01
8.244206905364990234e-01 8.237884044647216797e-01
9.113636612892150879e-01 9.100261926651000977e-01
8.778709173202514648e-01 8.744696378707885742e-01
9.480997323989868164e-01 9.469982385635375977e-01
8.772248029708862305e-01 8.760119676589965820e-01
9.296754598617553711e-01 9.281179904937744141e-01
9.130001068115234375e-01 9.121436476707458496e-01
9.135380387306213379e-01 9.121516942977905273e-01
7.900944948196411133e-01 7.911055684089660645e-01
8.993038535118103027e-01 8.985563516616821289e-01
7.982977032661437988e-01 7.957063317298889160e-01
7.577528953552246094e-01 7.570312023162841797e-01
8.281841278076171875e-01 8.259684443473815918e-01
7.609474062919616699e-01 7.614472508430480957e-01
9.244470596313476562e-01 9.255378842353820801e-01
8.574429750442504883e-01 8.595657944679260254e-01
9.044144153594970703e-01 9.040760993957519531e-01
8.835762143135070801e-01 8.828929066658020020e-01
7.244164347648620605e-01 7.243897318840026855e-01
7.945340871810913086e-01 7.958107590675354004e-01
7.685855627059936523e-01 7.705208659172058105e-01
7.914331555366516113e-01 7.898753881454467773e-01
9.291957616806030273e-01 9.277096986770629883e-01
7.265480160713195801e-01 7.251728773117065430e-01
8.316940069198608398e-01 8.303094506263732910e-01
8.474885225296020508e-01 8.477036952972412109e-01
7.580578923225402832e-01 7.591223120689392090e-01
8.364649415016174316e-01 8.362725973129272461e-01
7.847411632537841797e-01 7.853807210922241211e-01
7.614058256149291992e-01 7.630495429039001465e-01
9.121375679969787598e-01 9.108708500862121582e-01
7.589335441589355469e-01 7.571781873703002930e-01
8.026753067970275879e-01 8.010079264640808105e-01
8.236997127532958984e-01 8.224632740020751953e-01
8.232663869857788086e-01 8.227763175964355469e-01
8.025569319725036621e-01 8.003255128860473633e-01
7.596212625503540039e-01 7.583183050155639648e-01
9.410306215286254883e-01 9.397179484367370605e-01
7.270081639289855957e-01 7.249195575714111328e-01
8.211406469345092773e-01 8.253628015518188477e-01
8.514209985733032227e-01 8.502526283264160156e-01
9.047055244445800781e-01 9.034538865089416504e-01
9.197930097579956055e-01 9.187244176864624023e-01
9.384164214134216309e-01 9.365792870521545410e-01
7.265847921371459961e-01 7.268955707550048828e-01
9.918888211250305176e-01 9.909392595291137695e-01
8.149830698966979980e-01 8.163625001907348633e-01
9.052959680557250977e-01 9.054172039031982422e-01
7.830472588539123535e-01 7.850024700164794922e-01
8.294283151626586914e-01 8.310362696647644043e-01
7.866317629814147949e-01 7.867254018783569336e-01
9.262565374374389648e-01 9.253060817718505859e-01
8.676519989967346191e-01 8.694181442260742188e-01
7.982131242752075195e-01 7.975640296936035156e-01
7.735119462013244629e-01 7.734777331352233887e-01
7.606724500656127930e-01 7.619075775146484375e-01
9.016122817993164062e-01 9.009087085723876953e-01
8.757470250129699707e-01 8.756644129753112793e-01
8.369039297103881836e-01 8.354316353797912598e-01
7.922310233116149902e-01 7.936623692512512207e-01
8.386639356613159180e-01 8.355617523193359375e-01
9.301341772079467773e-01 9.289380311965942383e-01
8.571088910102844238e-01 8.549078106880187988e-01
8.367261290550231934e-01 8.343340754508972168e-01
9.315927624702453613e-01 9.312709569931030273e-01
9.943274259567260742e-01 9.945287704467773438e-01
7.269988059997558594e-01 7.239854931831359863e-01
8.430881500244140625e-01 8.415415883064270020e-01
9.973096847534179688e-01 9.973819851875305176e-01
7.638782858848571777e-01 7.628051638603210449e-01
7.554711103439331055e-01 7.572166323661804199e-01
9.423206448554992676e-01 9.428754448890686035e-01
8.510166406631469727e-01 8.503062725067138672e-01
8.520321249961853027e-01 8.500719666481018066e-01
8.325211405754089355e-01 8.338976502418518066e-01
9.011287093162536621e-01 9.011335968971252441e-01
8.298004269599914551e-01 8.293078541755676270e-01
9.808971285820007324e-01 9.816170334815979004e-01
8.606310486793518066e-01 8.599053025245666504e-01
8.763521909713745117e-01 8.744905591011047363e-01
8.992737531661987305e-01 8.971976041793823242e-01
7.270391583442687988e-01 7.256562113761901855e-01
8.779452443122863770e-01 8.769183158874511719e-01
7.817367911338806152e-01 7.815020084381103516e-01
8.811458945274353027e-01 8.790054321289062500e-01
8.050246834754943848e-01 8.065894246101379395e-01
9.241961836814880371e-01 9.225236177444458008e-01
8.508165478706359863e-01 8.497486710548400879e-01
9.386878013610839844e-01 9.381948709487915039e-01
8.031810522079467773e-01 8.025575280189514160e-01
8.353292942047119141e-01 8.356649875640869141e-01
9.373147487640380859e-01 9.372756481170654297e-01
8.200722336769104004e-01 8.185917735099792480e-01
8.571821451187133789e-01 8.587353825569152832e-01
8.024320006370544434e-01 8.021361827850341797e-01
8.624696731567382812e-01 8.603815436363220215e-01
8.913691043853759766e-01 8.911802172660827637e-01
1.010034322738647461e+00 1.010347247123718262e+00
9.154008626937866211e-01 9.117727875709533691e-01
9.568548798561096191e-01 9.583019614219665527e-01
7.886716127395629883e-01 7.888623476028442383e-01
9.175589084625244141e-01 9.155285954475402832e-01
9.055616259574890137e-01 9.055904150009155273e-01
8.264192342758178711e-01 8.265035152435302734e-01
7.867757678031921387e-01 7.860774993896484375e-01
7.610869407653808594e-01 7.614991664886474609e-01
8.946051597595214844e-01 8.935980796813964844e-01
9.126718044281005859e-01 9.122549295425415039e-01
8.313472270965576172e-01 8.298741579055786133e-01
8.084228038787841797e-01 8.080958724021911621e-01
7.898656129837036133e-01 7.884009480476379395e-01
8.285037875175476074e-01 8.272888660430908203e-01
9.551533460617065430e-01 9.544665217399597168e-01
7.854375839233398438e-01 7.840571999549865723e-01
9.112099409103393555e-01 9.074947237968444824e-01
7.623469829559326172e-01 7.621085047721862793e-01
7.909750938415527344e-01 7.900276184082031250e-01
9.231575727462768555e-01 9.223739504814147949e-01
7.826334238052368164e-01 7.835589051246643066e-01
8.266899585723876953e-01 8.253031969070434570e-01
7.843605279922485352e-01 7.837706208229064941e-01
8.732381463050842285e-01 8.717752099037170410e-01
8.373298048973083496e-01 8.376897573471069336e-01
9.286735057830810547e-01 9.264994263648986816e-01
7.719417810440063477e-01 7.706289291381835938e-01
9.968600869178771973e-01 9.995061755180358887e-01
7.607581615447998047e-01 7.612774372100830078e-01
7.971156835556030273e-01 7.973257899284362793e-01
9.350987672805786133e-01 9.346337318420410156e-01
8.584128618240356445e-01 8.583019375801086426e-01
9.090045690536499023e-01 9.093520641326904297e-01
7.693954706192016602e-01 7.729539871215820312e-01
9.910268783569335938e-01 9.905661940574645996e-01
9.393371343612670898e-01 9.401853680610656738e-01
7.715414762496948242e-01 7.736128568649291992e-01
8.282388448715209961e-01 8.274040818214416504e-01
7.821589708328247070e-01 7.810174226760864258e-01
9.022075533866882324e-01 8.975414037704467773e-01
7.731988430023193359e-01 7.712627053260803223e-01
9.066893458366394043e-01 9.059339761734008789e-01
8.253756761550903320e-01 8.240323066711425781e-01
8.409594297409057617e-01 8.389453887939453125e-01
8.503564596176147461e-01 8.499290943145751953e-01
8.543387055397033691e-01 8.548131585121154785e-01
8.344275355339050293e-01 8.335269093513488770e-01
7.687966227531433105e-01 7.698464989662170410e-01
9.309072494506835938e-01 9.281886219978332520e-01
9.586048126220703125e-01 9.597510099411010742e-01
7.278268337249755859e-01 7.258238792419433594e-01
9.352034330368041992e-01 9.368650317192077637e-01
8.018946051597595215e-01 8.025010824203491211e-01
7.894655466079711914e-01 7.899292111396789551e-01
7.824755311012268066e-01 7.832057476043701172e-01
8.711350560188293457e-01 8.704915046691894531e-01
8.319694995880126953e-01 8.315134644508361816e-01
7.801128625869750977e-01 7.811831831932067871e-01
9.666128158569335938e-01 9.662995934486389160e-01
7.745770215988159180e-01 7.730164527893066406e-01
8.464832901954650879e-01 8.451357483863830566e-01
8.546382784843444824e-01 8.551014065742492676e-01
8.469204902648925781e-01 8.456790447235107422e-01
8.949347138404846191e-01 8.924418687820434570e-01
9.335586428642272949e-01 9.328723549842834473e-01
7.719010710716247559e-01 7.720452547073364258e-01
9.193410873413085938e-01 9.208354949951171875e-01
7.266414165496826172e-01 7.267559170722961426e-01
8.734165430068969727e-01 8.725395798683166504e-01
8.617184162139892578e-01 8.589020967483520508e-01
9.103906154632568359e-01 9.108801484107971191e-01
9.489740133285522461e-01 9.486760497093200684e-01
8.656740784645080566e-01 8.654962778091430664e-01
8.210965394973754883e-01 8.213422894477844238e-01
8.021526336669921875e-01 8.009700179100036621e-01
7.216422557830810547e-01 7.232595086097717285e-01
8.702960014343261719e-01 8.693860769271850586e-01
9.274728298187255859e-01 9.281136393547058105e-01
8.450018763542175293e-01 8.456702828407287598e-01
9.334309697151184082e-01 9.322559833526611328e-01
7.897825837135314941e-01 7.903957366943359375e-01
8.760001659393310547e-01 8.763926625251770020e-01
7.741957902908325195e-01 7.714750170707702637e-01
9.368910193443298340e-01 9.364695549011230469e-01
7.226561307907104492e-01 7.250415682792663574e-01
8.955900073051452637e-01 8.953550457954406738e-01
7.898110151290893555e-01 7.902738451957702637e-01
9.868617653846740723e-01 9.881156086921691895e-01
9.329382777214050293e-01 9.326151609420776367e-01
9.120988845825195312e-01 9.092526435852050781e-01
9.256239533424377441e-01 9.243852496147155762e-01
9.188266396522521973e-01 9.167752265930175781e-01
9.215816259384155273e-01 9.218626618385314941e-01
9.931724071502685547e-01 9.939373135566711426e-01
9.456711411476135254e-01 9.453099370002746582e-01
8.492177724838256836e-01 8.473223447799682617e-01
9.011056423187255859e-01 8.993476033210754395e-01
8.379098176956176758e-01 8.379727005958557129e-01
9.023436903953552246e-01 8.994001746177673340e-01
8.726021647453308105e-01 8.704124689102172852e-01
7.828718423843383789e-01 7.810620665550231934e-01
8.439143896102905273e-01 8.431021571159362793e-01
9.009791612625122070e-01 9.006706476211547852e-01
9.307394623756408691e-01 9.317425489425659180e-01
8.241132497787475586e-01 8.232498168945312500e-01
7.226669788360595703e-01 7.250306606292724609e-01
8.345814943313598633e-01 8.328996300697326660e-01
9.156847000122070312e-01 9.116342663764953613e-01
8.702226281166076660e-01 8.695726394653320312e-01
8.393599390983581543e-01 8.370512723922729492e-01
9.753801822662353516e-01 9.717595577239990234e-01
9.402236938476562500e-01 9.400648474693298340e-01
8.672065734863281250e-01 8.676713109016418457e-01
8.303728699684143066e-01 8.269661664962768555e-01
8.557665348052978516e-01 8.561073541641235352e-01
8.417763710021972656e-01 8.424251079559326172e-01
7.227133512496948242e-01 7.236645817756652832e-01
8.529381752014160156e-01 8.520494699478149414e-01
7.699156403541564941e-01 7.715470194816589355e-01
9.515436887741088867e-01 9.483321309089660645e-01
7.566196918487548828e-01 7.581148147583007812e-01
8.272817134857177734e-01 8.249564766883850098e-01
9.359943270683288574e-01 9.346390962600708008e-01
9.048277139663696289e-01 9.052438139915466309e-01
8.394080400466918945e-01 8.397300243377685547e-01
7.837406992912292480e-01 7.843026518821716309e-01
8.877158761024475098e-01 8.883483409881591797e-01
8.961967229843139648e-01 8.970636129379272461e-01
1.003690481185913086e+00 1.004482030868530273e+00
9.373432993888854980e-01 9.376001358032226562e-01
8.951234817504882812e-01 8.961989283561706543e-01
8.469544649124145508e-01 8.460985422134399414e-01
8.327841162681579590e-01 8.361421823501586914e-01
8.333163857460021973e-01 8.338003158569335938e-01
8.777612447738647461e-01 8.765786886215209961e-01
9.195604324340820312e-01 9.181489944458007812e-01
8.036164641380310059e-01 8.023171424865722656e-01
7.732322812080383301e-01 7.723874449729919434e-01
9.220705628395080566e-01 9.209032058715820312e-01
9.435428977012634277e-01 9.420278668403625488e-01
8.685886263847351074e-01 8.678270578384399414e-01
7.550686001777648926e-01 7.579356431961059570e-01
8.298126459121704102e-01 8.313924074172973633e-01
8.263412714004516602e-01 8.237655758857727051e-01
8.517591953277587891e-01 8.489393591880798340e-01
8.872012495994567871e-01 8.872774839401245117e-01
9.254667162895202637e-01 9.251474738121032715e-01
7.630767226219177246e-01 7.627414464950561523e-01
9.179033041000366211e-01 9.170508384704589844e-01
7.231470346450805664e-01 7.242826223373413086e-01
9.678275585174560547e-01 9.680603146553039551e-01
8.460338711738586426e-01 8.450860381126403809e-01
8.434384465217590332e-01 8.424398899078369141e-01
9.007264971733093262e-01 8.977228999137878418e-01
8.878158330917358398e-01 8.864204287528991699e-01
9.162899255752563477e-01 9.148803949356079102e-01
7.271709442138671875e-01 7.242980003356933594e-01
9.025249481201171875e-01 9.025313258171081543e-01
8.317058086395263672e-01 8.312777876853942871e-01
8.367181420326232910e-01 8.363302350044250488e-01
7.607173323631286621e-01 7.630631327629089355e-01
8.634364604949951172e-01 8.624919056892395020e-01
7.552717328071594238e-01 7.582176923751831055e-01
9.210712313652038574e-01 9.208737015724182129e-01
8.273050785064697266e-01 8.268080949783325195e-01
8.345853090286254883e-01 8.346197605133056641e-01
9.689686298370361328e-01 9.674534797668457031e-01
8.859173655509948730e-01 8.854776024818420410e-01
7.921517491340637207e-01 7.921013236045837402e-01
8.646942377090454102e-01 8.654623627662658691e-01
7.270444631576538086e-01 7.245395779609680176e-01
7.890552878379821777e-01 7.893610596656799316e-01
7.710751295089721680e-01 7.746348381042480469e-01
7.924180626869201660e-01 7.922769188880920410e-01
8.462442159652709961e-01 8.449338674545288086e-01
8.525823950767517090e-01 8.525509834289550781e-01
7.239116430282592773e-01 7.243279814720153809e-01
8.733413815498352051e-01 8.710889816284179688e-01
9.319754838943481445e-01 9.319905638694763184e-01
8.930135965347290039e-01 8.929119706153869629e-01
8.764799237251281738e-01 8.762566447257995605e-01
7.561138868331909180e-01 7.570587396621704102e-01
9.968048334121704102e-01 9.964322447776794434e-01
8.093350529670715332e-01 8.080790638923645020e-01
8.465586900711059570e-01 8.456852436065673828e-01
9.348032474517822266e-01 9.346916079521179199e-01
8.848091363906860352e-01 8.835017681121826172e-01
8.889604806900024414e-01 8.866242766380310059e-01
9.033799171447753906e-01 9.034737944602966309e-01
7.592703700065612793e-01 7.585942149162292480e-01
8.735261559486389160e-01 8.740497231483459473e-01
9.639089703559875488e-01 9.628267288208007812e-01
9.394932985305786133e-01 9.383044242858886719e-01
9.557155966758728027e-01 9.562110900878906250e-01
8.819679021835327148e-01 8.809298872947692871e-01
9.628672003746032715e-01 9.611957669258117676e-01
9.209664463996887207e-01 9.192933440208435059e-01
8.344949483871459961e-01 8.331466317176818848e-01
8.287174701690673828e-01 8.271036148071289062e-01
8.832813501358032227e-01 8.808812499046325684e-01
9.378963112831115723e-01 9.370552301406860352e-01
9.723838567733764648e-01 9.726524353027343750e-01
8.744120001792907715e-01 8.722735047340393066e-01
9.750193357467651367e-01 9.747463464736938477e-01
7.226306200027465820e-01 7.257577776908874512e-01
7.600105404853820801e-01 7.595974802970886230e-01
8.463696241378784180e-01 8.438747525215148926e-01
7.626616954803466797e-01 7.634702920913696289e-01
8.905697464942932129e-01 8.913444876670837402e-01
8.359308242797851562e-01 8.352703452110290527e-01
9.024888277053833008e-01 9.046063423156738281e-01
8.024008870124816895e-01 8.027770519256591797e-01
9.307912588119506836e-01 9.309400916099548340e-01
8.760557770729064941e-01 8.755187988281250000e-01
8.362174034118652344e-01 8.365837931632995605e-01
9.069395661354064941e-01 9.065355062484741211e-01
9.724276065826416016e-01 9.739986658096313477e-01
8.718428611755371094e-01 8.711240291595458984e-01
8.751177191734313965e-01 8.741121292114257812e-01
1.008925676345825195e+00 1.007850408554077148e+00
9.483200311660766602e-01 9.474729299545288086e-01
8.488889932632446289e-01 8.495044708251953125e-01
7.615111470222473145e-01 7.625039219856262207e-01
8.233743906021118164e-01 8.253862261772155762e-01
9.327068328857421875e-01 9.318417906761169434e-01
9.251462221145629883e-01 9.262511134147644043e-01
9.308602213859558105e-01 9.334362149238586426e-01
9.009843468666076660e-01 9.020708799362182617e-01
8.681482672691345215e-01 8.667051196098327637e-01
7.881076335906982422e-01 7.899978756904602051e-01
8.920596837997436523e-01 8.898555040359497070e-01
9.387930035591125488e-01 9.389545321464538574e-01
8.792357444763183594e-01 8.772920370101928711e-01
9.617445468902587891e-01 9.603685140609741211e-01
8.926109075546264648e-01 8.928751349449157715e-01
7.991850972175598145e-01 7.984015345573425293e-01
8.312155008316040039e-01 8.323951959609985352e-01
8.455436229705810547e-01 8.445757031440734863e-01
8.758515119552612305e-01 8.744799494743347168e-01
7.812251448631286621e-01 7.813369631767272949e-01
7.595111727714538574e-01 7.592147588729858398e-01
9.674503207206726074e-01 9.645431041717529297e-01
8.519294857978820801e-01 8.516923189163208008e-01
8.957369923591613770e-01 8.927304148674011230e-01
7.607993483543395996e-01 7.628625631332397461e-01
7.835618257522583008e-01 7.836642265319824219e-01
7.981168031692504883e-01 7.977597117424011230e-01
9.162428379058837891e-01 9.161788225173950195e-01
8.513408899307250977e-01 8.497653007507324219e-01
8.750113248825073242e-01 8.727819323539733887e-01
8.847089409828186035e-01 8.839172124862670898e-01
7.623587846755981445e-01 7.615873217582702637e-01
7.268605232238769531e-01 7.256822586059570312e-01
8.282637596130371094e-01 8.297429084777832031e-01
9.536255002021789551e-01 9.526506066322326660e-01
8.726586699485778809e-01 8.722332715988159180e-01
8.474326729774475098e-01 8.445442318916320801e-01
9.024332165718078613e-01 9.002851843833923340e-01
7.222990989685058594e-01 7.247593998908996582e-01
9.015793204307556152e-01 8.985531330108642578e-01
8.872678279876708984e-01 8.877229690551757812e-01
9.155994057655334473e-01 9.146675467491149902e-01
8.730390071868896484e-01 8.747057318687438965e-01
8.621767163276672363e-01 8.622096180915832520e-01
8.028982281684875488e-01 8.022951483726501465e-01
8.648225069046020508e-01 8.614680767059326172e-01
8.971725702285766602e-01 8.930511474609375000e-01
7.924675345420837402e-01 7.912660837173461914e-01
8.896520733833312988e-01 8.876311779022216797e-01
8.764345049858093262e-01 8.751972317695617676e-01
7.991940975189208984e-01 8.001191616058349609e-01
7.716241478919982910e-01 7.732574939727783203e-01
7.761859893798828125e-01 7.734266519546508789e-01
8.025744557380676270e-01 8.026706576347351074e-01
9.320501685142517090e-01 9.314753413200378418e-01
7.861139178276062012e-01 7.840434908866882324e-01
7.276062965393066406e-01 7.247419357299804688e-01
8.233562111854553223e-01 8.229377269744873047e-01
7.854144573211669922e-01 7.850067615509033203e-01
7.880966663360595703e-01 7.847684025764465332e-01
7.937957048416137695e-01 7.911768555641174316e-01
7.974423766136169434e-01 7.957087159156799316e-01
8.696234226226806641e-01 8.677715063095092773e-01
7.984687089920043945e-01 7.968076467514038086e-01
9.820338487625122070e-01 9.820098876953125000e-01
8.758901357650756836e-01 8.738453388214111328e-01
7.988738417625427246e-01 7.972860336303710938e-01
8.838768005371093750e-01 8.839372992515563965e-01
7.265597581863403320e-01 7.247572541236877441e-01
8.528747558593750000e-01 8.523049950599670410e-01
8.800292015075683594e-01 8.802015185356140137e-01
9.030621051788330078e-01 9.014928936958312988e-01
8.834753632545471191e-01 8.795197010040283203e-01
8.642299771308898926e-01 8.631845116615295410e-01
7.596312761306762695e-01 7.580022811889648438e-01
7.234030961990356445e-01 7.261933088302612305e-01
8.260084390640258789e-01 8.234609365463256836e-01
8.870319128036499023e-01 8.868519067764282227e-01
9.644702076911926270e-01 9.642654061317443848e-01
7.229558229446411133e-01 7.265052795410156250e-01
7.899342179298400879e-01 7.898230552673339844e-01
8.850337862968444824e-01 8.856177330017089844e-01
8.261017799377441406e-01 8.245422244071960449e-01
7.985619306564331055e-01 7.977844476699829102e-01
9.114743471145629883e-01 9.109132289886474609e-01
9.013738036155700684e-01 9.012679457664489746e-01
8.709981441497802734e-01 8.681974411010742188e-01
8.422999382019042969e-01 8.434147238731384277e-01
7.871664762496948242e-01 7.852723598480224609e-01
7.734485864639282227e-01 7.726452350616455078e-01
9.150028228759765625e-01 9.151425957679748535e-01
8.083120584487915039e-01 8.082461953163146973e-01
7.923038005828857422e-01 7.903961539268493652e-01
8.946861028671264648e-01 8.918238282203674316e-01
8.221678137779235840e-01 8.218533396720886230e-01
8.434388637542724609e-01 8.443061709403991699e-01
9.355546236038208008e-01 9.341953992843627930e-01
9.084053635597229004e-01 9.091383814811706543e-01
7.593594193458557129e-01 7.577006816864013672e-01
8.711214065551757812e-01 8.717817664146423340e-01
7.230910062789916992e-01 7.262094020843505859e-01
8.243554234504699707e-01 8.225935101509094238e-01
8.244343996047973633e-01 8.240431547164916992e-01
7.737400531768798828e-01 7.717692255973815918e-01
8.988813757896423340e-01 8.968131542205810547e-01
9.384295940399169922e-01 9.391379356384277344e-01
9.094390273094177246e-01 9.078890681266784668e-01
8.728051185607910156e-01 8.717065453529357910e-01
8.451011180877685547e-01 8.439010381698608398e-01
9.225521087646484375e-01 9.221534132957458496e-01
8.043398857116699219e-01 8.016050457954406738e-01
9.338181018829345703e-01 9.326411485671997070e-01
7.622151970863342285e-01 7.628470063209533691e-01
9.147577881813049316e-01 9.141999483108520508e-01
9.337675571441650391e-01 9.331626296043395996e-01
8.774144053459167480e-01 8.756865859031677246e-01
8.719848394393920898e-01 8.696371316909790039e-01
9.951844215393066406e-01 9.953185915946960449e-01
7.649403810501098633e-01 7.648578882217407227e-01
7.283171415328979492e-01 7.275069355964660645e-01
9.654584527015686035e-01 9.640985727310180664e-01
9.114127159118652344e-01 9.119178056716918945e-01
9.196930527687072754e-01 9.199582934379577637e-01
7.891725301742553711e-01 7.889742851257324219e-01
9.237134456634521484e-01 9.235341548919677734e-01
9.405557513236999512e-01 9.409730434417724609e-01
7.920031547546386719e-01 7.916252017021179199e-01
7.265180349349975586e-01 7.263088822364807129e-01
9.170132875442504883e-01 9.151468276977539062e-01
8.529288768768310547e-01 8.515906929969787598e-01
7.732473611831665039e-01 7.726199030876159668e-01
8.786281943321228027e-01 8.784525394439697266e-01
8.041051626205444336e-01 8.046463727951049805e-01
8.040857315063476562e-01 8.031346797943115234e-01
8.881585001945495605e-01 8.868243098258972168e-01
9.923892021179199219e-01 9.930652379989624023e-01
8.865588903427124023e-01 8.848811984062194824e-01
8.928529620170593262e-01 8.923661708831787109e-01
8.760472536087036133e-01 8.765079379081726074e-01
8.803995847702026367e-01 8.794772028923034668e-01
8.165093660354614258e-01 8.144550919532775879e-01
9.288684725761413574e-01 9.299259185791015625e-01
8.818725943565368652e-01 8.802615404129028320e-01
9.318400621414184570e-01 9.312392473220825195e-01
7.822594046592712402e-01 7.840789556503295898e-01
8.518648743629455566e-01 8.489285707473754883e-01
8.383271694183349609e-01 8.371872305870056152e-01
8.520739078521728516e-01 8.508428335189819336e-01
9.298916459083557129e-01 9.286556243896484375e-01
8.750762939453125000e-01 8.735313415527343750e-01
9.095795154571533203e-01 9.090002775192260742e-01
8.374737501144409180e-01 8.367812633514404297e-01
8.618364930152893066e-01 8.611556887626647949e-01
9.114756584167480469e-01 9.104982018470764160e-01
9.138444662094116211e-01 9.133284687995910645e-01
8.516518473625183105e-01 8.500762581825256348e-01
9.100441932678222656e-01 9.092748761177062988e-01
9.305115342140197754e-01 9.299768805503845215e-01
7.257369756698608398e-01 7.250828146934509277e-01
9.042278528213500977e-01 9.016791582107543945e-01
9.333488941192626953e-01 9.345279932022094727e-01
9.445580244064331055e-01 9.418767690658569336e-01
8.267329931259155273e-01 8.265984654426574707e-01
9.659278988838195801e-01 9.637770056724548340e-01
7.546554803848266602e-01 7.570683956146240234e-01
8.635692596435546875e-01 8.625468015670776367e-01
7.972031831741333008e-01 8.000290989875793457e-01
7.820756435394287109e-01 7.824099659919738770e-01
8.384839296340942383e-01 8.382608294486999512e-01
8.832004070281982422e-01 8.807692527770996094e-01
8.223213553428649902e-01 8.225605487823486328e-01
9.779301285743713379e-01 9.794518947601318359e-01
8.770123720169067383e-01 8.770142197608947754e-01
8.267481327056884766e-01 8.249732255935668945e-01
8.643525838851928711e-01 8.635699748992919922e-01
9.400256872177124023e-01 9.371562004089355469e-01
8.683690428733825684e-01 8.685387372970581055e-01
8.812679052352905273e-01 8.812462687492370605e-01
7.254050970077514648e-01 7.250682711601257324e-01
9.280679225921630859e-01 9.260423183441162109e-01
8.696219325065612793e-01 8.687067031860351562e-01
7.279193997383117676e-01 7.291298508644104004e-01
9.629119634628295898e-01 9.643558859825134277e-01
7.788112759590148926e-01 7.810755968093872070e-01
8.928511142730712891e-01 8.926197886466979980e-01
9.254873394966125488e-01 9.242297410964965820e-01
9.623696208000183105e-01 9.632061123847961426e-01
9.604694247245788574e-01 9.589391946792602539e-01
9.123783111572265625e-01 9.115057587623596191e-01
8.275426626205444336e-01 8.274533152580261230e-01
8.217639327049255371e-01 8.232148289680480957e-01
8.776938915252685547e-01 8.784691691398620605e-01
9.019010066986083984e-01 9.010766148567199707e-01
7.548372149467468262e-01 7.564773559570312500e-01
9.062893390655517578e-01 9.047760963439941406e-01
8.341847658157348633e-01 8.356266617774963379e-01
8.451009392738342285e-01 8.473535180091857910e-01
9.640578627586364746e-01 9.635623097419738770e-01
7.882805466651916504e-01 7.872412800788879395e-01
7.282496690750122070e-01 7.280884385108947754e-01
9.248049259185791016e-01 9.240286350250244141e-01
9.084196090698242188e-01 9.094946980476379395e-01
7.635169029235839844e-01 7.634470462799072266e-01
8.361431956291198730e-01 8.364825248718261719e-01
8.639009594917297363e-01 8.635277748107910156e-01
8.243368268013000488e-01 8.227340579032897949e-01
8.015739917755126953e-01 8.018954396247863770e-01
9.284310936927795410e-01 9.285349249839782715e-01
8.944373130798339844e-01 8.913289904594421387e-01
7.268705368041992188e-01 7.272589802742004395e-01
8.870486021041870117e-01 8.844864368438720703e-01
7.830047607421875000e-01 7.837986350059509277e-01
8.555228710174560547e-01 8.566837906837463379e-01
9.225111603736877441e-01 9.216295480728149414e-01
8.832064867019653320e-01 8.822900056838989258e-01
9.423018097877502441e-01 9.417499899864196777e-01
8.460325598716735840e-01 8.472932577133178711e-01
9.402921795845031738e-01 9.398750662803649902e-01
8.534780740737915039e-01 8.539041280746459961e-01
9.790360331535339355e-01 9.808627367019653320e-01
8.877110481262207031e-01 8.874619603157043457e-01
8.332449197769165039e-01 8.307001590728759766e-01
8.352888822555541992e-01 8.347622752189636230e-01
9.224407672882080078e-01 9.239764213562011719e-01
8.760958909988403320e-01 8.762124180793762207e-01
9.030690789222717285e-01 9.021551609039306641e-01
9.451484680175781250e-01 9.441012144088745117e-01
9.718670845031738281e-01 9.712849855422973633e-01
7.683445215225219727e-01 7.695771455764770508e-01
7.268103361129760742e-01 7.272902727127075195e-01
8.711338043212890625e-01 8.706781268119812012e-01
8.579068183898925781e-01 8.563128113746643066e-01
8.184249997138977051e-01 8.184428811073303223e-01
7.821902632713317871e-01 7.842854261398315430e-01
9.092050790786743164e-01 9.086017608642578125e-01
9.761928915977478027e-01 9.754351377487182617e-01
8.479052782058715820e-01 8.481729030609130859e-01
1.032750964164733887e+00 1.034697055816650391e+00
8.480768799781799316e-01 8.478559255599975586e-01
7.786936163902282715e-01 7.802706956863403320e-01
8.998985886573791504e-01 8.975079655647277832e-01
8.373129367828369141e-01 8.380455970764160156e-01
7.696641683578491211e-01 7.702074646949768066e-01
7.263360619544982910e-01 7.277812957763671875e-01
8.078647255897521973e-01 8.081413507461547852e-01
7.227614521980285645e-01 7.230871319770812988e-01
7.623900175094604492e-01 7.619974613189697266e-01
9.285604357719421387e-01 9.290481209754943848e-01
8.495222926139831543e-01 8.473785519599914551e-01
1.015897989273071289e+00 1.017789721488952637e+00
7.275323867797851562e-01 7.286739945411682129e-01
8.854225277900695801e-01 8.845986723899841309e-01
7.836265563964843750e-01 7.813947200775146484e-01
7.273705601692199707e-01 7.267492413520812988e-01
7.863010168075561523e-01 7.860927581787109375e-01
7.924402952194213867e-01 7.905726432800292969e-01
8.785336017608642578e-01 8.782587051391601562e-01
7.980899214744567871e-01 7.979579567909240723e-01
8.456672430038452148e-01 8.435058593750000000e-01
8.522854447364807129e-01 8.511688113212585449e-01
7.922880649566650391e-01 7.898135185241699219e-01
8.810951709747314453e-01 8.822694420814514160e-01
8.556340932846069336e-01 8.552122712135314941e-01
8.237548470497131348e-01 8.235371708869934082e-01
8.774265050888061523e-01 8.746863007545471191e-01
7.275830507278442383e-01 7.274087667465209961e-01
8.617426156997680664e-01 8.587723374366760254e-01
7.568272352218627930e-01 7.567052245140075684e-01
8.830804228782653809e-01 8.815924525260925293e-01
9.587235450744628906e-01 9.583331346511840820e-01
8.385433554649353027e-01 8.387383222579956055e-01
7.225587368011474609e-01 7.234622836112976074e-01
8.605155944824218750e-01 8.592618703842163086e-01
9.066802263259887695e-01 9.044191241264343262e-01
8.192530870437622070e-01 8.205356597900390625e-01
8.970285058021545410e-01 8.961762189865112305e-01
8.847810029983520508e-01 8.827975988388061523e-01
8.315104246139526367e-01 8.306197524070739746e-01
8.767158389091491699e-01 8.763495683670043945e-01
7.263138294219970703e-01 7.272146344184875488e-01
8.942207694053649902e-01 8.943506479263305664e-01
7.270734906196594238e-01 7.277154326438903809e-01
8.760148286819458008e-01 8.737322092056274414e-01
8.262836337089538574e-01 8.272251486778259277e-01
9.177669882774353027e-01 9.158363342285156250e-01
9.228591918945312500e-01 9.210959672927856445e-01
9.289603233337402344e-01 9.288038611412048340e-01
8.393452763557434082e-01 8.390594124794006348e-01
7.646596431732177734e-01 7.639249563217163086e-01
9.236304759979248047e-01 9.208832979202270508e-01
9.046043157577514648e-01 9.053542017936706543e-01
7.274878025054931641e-01 7.267259955406188965e-01
9.426801204681396484e-01 9.429280161857604980e-01
9.026370644569396973e-01 9.019068479537963867e-01
9.161015748977661133e-01 9.154780507087707520e-01
7.264401316642761230e-01 7.279282212257385254e-01
8.572707176208496094e-01 8.572862744331359863e-01
9.704385399818420410e-01 9.707503914833068848e-01
7.750491499900817871e-01 7.743691205978393555e-01
7.264157533645629883e-01 7.259970307350158691e-01
7.565670609474182129e-01 7.586213946342468262e-01
7.941570281982421875e-01 7.952535152435302734e-01
9.032802581787109375e-01 8.992102742195129395e-01
7.664083242416381836e-01 7.646698355674743652e-01
8.827966451644897461e-01 8.823727369308471680e-01
9.206000566482543945e-01 9.216615557670593262e-01
7.685360312461853027e-01 7.710926532745361328e-01
8.654370903968811035e-01 8.659941554069519043e-01
8.551324009895324707e-01 8.546392917633056641e-01
7.729713916778564453e-01 7.728577852249145508e-01
9.569571018218994141e-01 9.548433423042297363e-01
8.728888034820556641e-01 8.711904883384704590e-01
7.265409231185913086e-01 7.277205586433410645e-01
8.603532910346984863e-01 8.596179485321044922e-01
9.396759867668151855e-01 9.411858916282653809e-01
9.394960999488830566e-01 9.388268589973449707e-01
8.809071779251098633e-01 8.804109692573547363e-01
7.857676744461059570e-01 7.851527929306030273e-01
9.018580317497253418e-01 9.011362195014953613e-01
7.804921865463256836e-01 7.797345519065856934e-01
1.029134631156921387e+00 1.032201290130615234e+00
9.621319770812988281e-01 9.632384181022644043e-01
7.832968235015869141e-01 7.835884094238281250e-01
8.312799930572509766e-01 8.279609084129333496e-01
8.864173889160156250e-01 8.854388594627380371e-01
9.413920044898986816e-01 9.405581951141357422e-01
7.702248096466064453e-01 7.721769213676452637e-01
9.669672250747680664e-01 9.670799970626831055e-01
9.915148019790649414e-01 9.923501014709472656e-01
8.501713275909423828e-01 8.480569720268249512e-01
9.504422545433044434e-01 9.491179585456848145e-01
9.061318635940551758e-01 9.045134782791137695e-01
9.141972064971923828e-01 9.124500155448913574e-01
9.539601802825927734e-01 9.518381357192993164e-01
7.987662553787231445e-01 7.973108291625976562e-01
9.500184655189514160e-01 9.523967504501342773e-01
8.580216169357299805e-01 8.591306805610656738e-01
9.640288949012756348e-01 9.627866148948669434e-01
9.436630606651306152e-01 9.450438022613525391e-01
7.267950177192687988e-01 7.264492511749267578e-01
7.593820095062255859e-01 7.610013484954833984e-01
8.486264944076538086e-01 8.479233384132385254e-01
9.051273465156555176e-01 9.047383666038513184e-01
9.481309652328491211e-01 9.473503828048706055e-01
8.672734498977661133e-01 8.677935600280761719e-01
9.233740568161010742e-01 9.227103590965270996e-01
9.739270806312561035e-01 9.740602374076843262e-01
8.546723127365112305e-01 8.532606959342956543e-01
8.324692249298095703e-01 8.307576775550842285e-01
9.093241691589355469e-01 9.068959355354309082e-01
8.144635558128356934e-01 8.146905303001403809e-01
8.552967309951782227e-01 8.552260994911193848e-01
8.604446649551391602e-01 8.582554459571838379e-01
8.736915588378906250e-01 8.737235665321350098e-01
7.592481970787048340e-01 7.589414119720458984e-01
8.306447863578796387e-01 8.288450241088867188e-01
8.512019515037536621e-01 8.501416444778442383e-01
9.124976992607116699e-01 9.104894399642944336e-01
7.228482961654663086e-01 7.240450978279113770e-01
8.572750091552734375e-01 8.597636222839355469e-01
8.510250449180603027e-01 8.505787253379821777e-01
7.587787508964538574e-01 7.578856348991394043e-01
8.820754885673522949e-01 8.816397786140441895e-01
7.754356861114501953e-01 7.740877866744995117e-01
9.341260790824890137e-01 9.339482784271240234e-01
8.356767296791076660e-01 8.362182974815368652e-01
8.889583945274353027e-01 8.884873986244201660e-01
8.777294158935546875e-01 8.761580586433410645e-01
8.341048359870910645e-01 8.339655399322509766e-01
9.119242429733276367e-01 9.106490612030029297e-01
7.867385149002075195e-01 7.850250601768493652e-01
8.207987546920776367e-01 8.200950622558593750e-01
8.339956402778625488e-01 8.324308991432189941e-01
8.389433622360229492e-01 8.394300937652587891e-01
8.807444572448730469e-01 8.803027272224426270e-01
8.243565559387207031e-01 8.234971761703491211e-01
8.862874507904052734e-01 8.859996199607849121e-01
9.275518059730529785e-01 9.283633828163146973e-01
7.719389200210571289e-01 7.725237011909484863e-01
9.008534550666809082e-01 9.005607962608337402e-01
9.021468758583068848e-01 9.018742442131042480e-01
8.737654685974121094e-01 8.717557787895202637e-01
8.226219415664672852e-01 8.219996094703674316e-01
7.984737753868103027e-01 7.975474596023559570e-01
7.740902900695800781e-01 7.733508348464965820e-01
8.071277141571044922e-01 8.076835870742797852e-01
8.463842272758483887e-01 8.447822928428649902e-01
8.465613722801208496e-01 8.451949954032897949e-01
8.034337759017944336e-01 8.034124374389648438e-01
8.828173875808715820e-01 8.835332989692687988e-01
9.223213195800781250e-01 9.220417737960815430e-01
9.793749451637268066e-01 9.792366623878479004e-01
8.929084539413452148e-01 8.931074142456054688e-01
9.269827604293823242e-01 9.237375855445861816e-01
8.997860550880432129e-01 8.986804485321044922e-01
7.595233321189880371e-01 7.571920156478881836e-01
9.359095692634582520e-01 9.349895715713500977e-01
8.037074804306030273e-01 8.035367131233215332e-01
8.322756886482238770e-01 8.287211656570434570e-01
8.336405754089355469e-01 8.333061337471008301e-01
8.519453406333923340e-01 8.482958674430847168e-01
9.499823451042175293e-01 9.493793249130249023e-01
7.628598809242248535e-01 7.633769512176513672e-01
9.015492200851440430e-01 9.008783102035522461e-01
9.222135543823242188e-01 9.221125245094299316e-01
8.005455732345581055e-01 8.016310930252075195e-01
8.383518457412719727e-01 8.375604152679443359e-01
7.929695248603820801e-01 7.954152226448059082e-01
7.857992649078369141e-01 7.868239879608154297e-01
8.355005979537963867e-01 8.356697559356689453e-01
9.035905003547668457e-01 9.018329381942749023e-01
8.510998487472534180e-01 8.508629202842712402e-01
9.654939174652099609e-01 9.665150642395019531e-01
7.845621109008789062e-01 7.857907414436340332e-01
7.640064358711242676e-01 7.626106739044189453e-01
8.807682991027832031e-01 8.790799975395202637e-01
8.223208785057067871e-01 8.234902024269104004e-01
7.639615535736083984e-01 7.626473903656005859e-01
8.654189705848693848e-01 8.648891448974609375e-01
7.874221801757812500e-01 7.862136363983154297e-01
8.038603067398071289e-01 8.022899627685546875e-01
8.362769484519958496e-01 8.344497084617614746e-01
9.149100780487060547e-01 9.151864051818847656e-01
8.648381829261779785e-01 8.628820776939392090e-01
8.213203549385070801e-01 8.216862678527832031e-01
9.011721611022949219e-01 9.018282294273376465e-01
8.733462095260620117e-01 8.724993467330932617e-01
8.658853173255920410e-01 8.644413352012634277e-01
9.028522372245788574e-01 9.042005538940429688e-01
8.783554434776306152e-01 8.751242160797119141e-01
8.851885795593261719e-01 8.864098787307739258e-01
9.485756158828735352e-01 9.482240080833435059e-01
7.722232937812805176e-01 7.718411684036254883e-01
7.720122933387756348e-01 7.731699347496032715e-01
9.377219080924987793e-01 9.372325539588928223e-01
7.638230323791503906e-01 7.628133893013000488e-01
9.082502126693725586e-01 9.077628850936889648e-01
9.117233157157897949e-01 9.101901054382324219e-01
7.923221588134765625e-01 7.926587462425231934e-01
8.595509529113769531e-01 8.580707311630249023e-01
7.858463525772094727e-01 7.846420407295227051e-01
8.319408297538757324e-01 8.318592309951782227e-01
8.899005651473999023e-01 8.886007666587829590e-01
8.871292471885681152e-01 8.831227421760559082e-01
8.075953125953674316e-01 8.085639476776123047e-01
7.274984121322631836e-01 7.291821837425231934e-01
8.373067378997802734e-01 8.360700607299804688e-01
8.064293861389160156e-01 8.069654703140258789e-01
8.372889757156372070e-01 8.366659283638000488e-01
7.650579214096069336e-01 7.638026475906372070e-01
8.912057280540466309e-01 8.907370567321777344e-01
7.237312197685241699e-01 7.246567606925964355e-01
9.372740387916564941e-01 9.357464313507080078e-01
8.225460052490234375e-01 8.225123286247253418e-01
7.691379189491271973e-01 7.704797983169555664e-01
8.864408731460571289e-01 8.858442902565002441e-01
8.730803728103637695e-01 8.724731802940368652e-01
8.232157230377197266e-01 8.248286843299865723e-01
7.239395380020141602e-01 7.243444323539733887e-01
8.282444477081298828e-01 8.285570144653320312e-01
9.509170055389404297e-01 9.469143748283386230e-01
8.332002162933349609e-01 8.341231346130371094e-01
8.305441737174987793e-01 8.307880163192749023e-01
8.986856937408447266e-01 8.959442377090454102e-01
7.647823095321655273e-01 7.631462812423706055e-01
8.702259063720703125e-01 8.696161508560180664e-01
8.851312398910522461e-01 8.845582604408264160e-01
9.006547927856445312e-01 9.012206196784973145e-01
9.328922033309936523e-01 9.306015372276306152e-01
7.794114351272583008e-01 7.803936600685119629e-01
8.521431684494018555e-01 8.523957729339599609e-01
7.584470510482788086e-01 7.597022056579589844e-01
7.637447118759155273e-01 7.627363801002502441e-01
7.231858968734741211e-01 7.257344126701354980e-01
8.860644102096557617e-01 8.844709396362304688e-01
8.983753323554992676e-01 8.972049951553344727e-01
9.547148942947387695e-01 9.539400935173034668e-01
8.791011571884155273e-01 8.790377378463745117e-01
9.046196341514587402e-01 9.044100046157836914e-01
8.657904863357543945e-01 8.650290966033935547e-01
8.993721604347229004e-01 8.983576297760009766e-01
7.978091835975646973e-01 7.979029417037963867e-01
8.870266675949096680e-01 8.854386806488037109e-01
9.029963016510009766e-01 9.017205834388732910e-01
8.621157407760620117e-01 8.623756766319274902e-01
7.251617908477783203e-01 7.243531346321105957e-01
8.557159900665283203e-01 8.560953140258789062e-01
8.919511437416076660e-01 8.919352889060974121e-01
7.230471968650817871e-01 7.234884500503540039e-01
8.978060483932495117e-01 8.971480727195739746e-01
7.838295698165893555e-01 7.830892205238342285e-01
8.171014189720153809e-01 8.167778253555297852e-01
8.457212448120117188e-01 8.437467217445373535e-01
7.973497509956359863e-01 7.954851984977722168e-01
7.726597189903259277e-01 7.724395990371704102e-01
7.617855072021484375e-01 7.629584074020385742e-01
8.880752325057983398e-01 8.871620893478393555e-01
8.997131586074829102e-01 8.982335329055786133e-01
8.757631778717041016e-01 8.758483529090881348e-01
8.366576433181762695e-01 8.372943401336669922e-01
8.981818556785583496e-01 8.963972926139831543e-01
9.747902750968933105e-01 9.732093811035156250e-01
8.501901030540466309e-01 8.504816889762878418e-01
7.925803065299987793e-01 7.938362360000610352e-01
7.641773223876953125e-01 7.640272378921508789e-01
9.169622659683227539e-01 9.165804386138916016e-01
8.386997580528259277e-01 8.386425375938415527e-01
7.734268903732299805e-01 7.717195749282836914e-01
8.996686935424804688e-01 8.984201550483703613e-01
7.890748977661132812e-01 7.883392572402954102e-01
7.829046845436096191e-01 7.839679121971130371e-01
9.288508892059326172e-01 9.294347167015075684e-01
7.903798222541809082e-01 7.902873158454895020e-01
7.591664791107177734e-01 7.611603140830993652e-01
7.559214234352111816e-01 7.556499838829040527e-01
8.469083905220031738e-01 8.473046422004699707e-01
7.695685029029846191e-01 7.699778079986572266e-01
8.978517055511474609e-01 8.984585404396057129e-01
7.544615268707275391e-01 7.558244466781616211e-01
9.100331068038940430e-01 9.095268845558166504e-01
7.240513563156127930e-01 7.245895266532897949e-01
7.741732001304626465e-01 7.723392844200134277e-01
8.739901781082153320e-01 8.719062209129333496e-01
8.514280319213867188e-01 8.521196246147155762e-01
8.356648683547973633e-01 8.334215283393859863e-01
9.312139153480529785e-01 9.307303428649902344e-01
8.374594449996948242e-01 8.373442888259887695e-01
9.043297171592712402e-01 9.036982059478759766e-01
7.222450971603393555e-01 7.222663164138793945e-01
7.904771566390991211e-01 7.886340618133544922e-01
8.220664262771606445e-01 8.225355148315429688e-01
8.461815714836120605e-01 8.471698164939880371e-01
9.102419018745422363e-01 9.091698527336120605e-01
8.868222236633300781e-01 8.869349360466003418e-01
8.218263387680053711e-01 8.239871263504028320e-01
9.699637293815612793e-01 9.694184660911560059e-01
9.362272024154663086e-01 9.350767135620117188e-01
8.304909467697143555e-01 8.305373191833496094e-01
9.230236411094665527e-01 9.224543571472167969e-01
8.554096221923828125e-01 8.536356687545776367e-01
9.508688449859619141e-01 9.505047202110290527e-01
9.208856225013732910e-01 9.223405122756958008e-01
8.803997635841369629e-01 8.783113956451416016e-01
9.258909225463867188e-01 9.242350459098815918e-01
8.461381196975708008e-01 8.457871675491333008e-01
7.737096548080444336e-01 7.730156779289245605e-01
7.592440843582153320e-01 7.580934762954711914e-01
9.078735709190368652e-01 9.065563082695007324e-01
8.827975988388061523e-01 8.829669952392578125e-01
7.586798667907714844e-01 7.584773302078247070e-01
7.980772256851196289e-01 7.976660728454589844e-01
8.527001142501831055e-01 8.501713275909423828e-01
9.626336693763732910e-01 9.608039855957031250e-01
9.065953493118286133e-01 9.055725932121276855e-01
9.444509744644165039e-01 9.433357715606689453e-01
9.655401706695556641e-01 9.619647264480590820e-01
7.833492159843444824e-01 7.839390039443969727e-01
7.640966176986694336e-01 7.623562216758728027e-01
8.862776160240173340e-01 8.837550878524780273e-01
9.266573190689086914e-01 9.260374307632446289e-01
8.226686120033264160e-01 8.225614428520202637e-01
9.094573855400085449e-01 9.134634733200073242e-01
8.033605813980102539e-01 8.020513057708740234e-01
9.104467630386352539e-01 9.117831587791442871e-01
8.715075254440307617e-01 8.717535734176635742e-01
8.160696625709533691e-01 8.159568905830383301e-01
9.073536396026611328e-01 9.069626927375793457e-01
8.832604885101318359e-01 8.797951936721801758e-01
8.730558156967163086e-01 8.743140101432800293e-01
1.033170461654663086e+00 1.038668036460876465e+00
9.840458631515502930e-01 9.838423132896423340e-01
8.516150116920471191e-01 8.521144390106201172e-01
9.749256372451782227e-01 9.783059358596801758e-01
9.199324846267700195e-01 9.181359410285949707e-01
7.235304713249206543e-01 7.210687994956970215e-01
8.609938621520996094e-01 8.611490130424499512e-01
7.576752305030822754e-01 7.569857239723205566e-01
7.269604206085205078e-01 7.270841598510742188e-01
9.294136166572570801e-01 9.292930364608764648e-01
8.436940908432006836e-01 8.419073224067687988e-01
9.414573907852172852e-01 9.406259059906005859e-01
9.032075405120849609e-01 8.975568413734436035e-01
7.274693250656127930e-01 7.274016737937927246e-01
8.722716569900512695e-01 8.702555894851684570e-01
8.717344999313354492e-01 8.730019927024841309e-01
9.395500421524047852e-01 9.405205845832824707e-01
9.095396399497985840e-01 9.077544212341308594e-01
7.823099493980407715e-01 7.797601222991943359e-01
7.866249084472656250e-01 7.857581377029418945e-01
7.625372409820556641e-01 7.628166675567626953e-01
8.648235797882080078e-01 8.631265759468078613e-01
9.670328497886657715e-01 9.662406444549560547e-01
7.751988172531127930e-01 7.752459645271301270e-01
8.004766106605529785e-01 8.004483580589294434e-01
8.393388986587524414e-01 8.396849036216735840e-01
7.837409377098083496e-01 7.834915518760681152e-01
9.008347988128662109e-01 9.029816389083862305e-01
7.534636855125427246e-01 7.538466453552246094e-01
8.888418078422546387e-01 8.888764381408691406e-01
8.915102481842041016e-01 8.909971117973327637e-01
8.195430636405944824e-01 8.193902969360351562e-01
7.260133028030395508e-01 7.264238595962524414e-01
8.233498930931091309e-01 8.224670290946960449e-01
8.284628391265869141e-01 8.243532180786132812e-01
8.244633078575134277e-01 8.233099579811096191e-01
9.015403985977172852e-01 9.013401865959167480e-01
9.419915080070495605e-01 9.416350126266479492e-01
7.237045764923095703e-01 7.234577536582946777e-01
7.715633511543273926e-01 7.720286250114440918e-01
9.401569962501525879e-01 9.404633045196533203e-01
7.786142826080322266e-01 7.806638479232788086e-01
9.515517950057983398e-01 9.496715664863586426e-01
8.798593878746032715e-01 8.790444135665893555e-01
7.643125057220458984e-01 7.635627388954162598e-01
8.240208625793457031e-01 8.238501548767089844e-01
8.525122404098510742e-01 8.517672419548034668e-01
8.702726960182189941e-01 8.689495921134948730e-01
8.878037929534912109e-01 8.871226310729980469e-01
7.635506987571716309e-01 7.630470991134643555e-01
9.025222063064575195e-01 9.024527072906494141e-01
7.726752758026123047e-01 7.735205888748168945e-01
7.271542549133300781e-01 7.277366518974304199e-01
7.977576255798339844e-01 7.986664175987243652e-01
9.385321736335754395e-01 9.371547698974609375e-01
9.644361734390258789e-01 9.643896818161010742e-01
8.519248962402343750e-01 8.504248857498168945e-01
7.239047288894653320e-01 7.229618430137634277e-01
9.718739986419677734e-01 9.751682281494140625e-01
7.915802001953125000e-01 7.911900281906127930e-01
9.593212008476257324e-01 9.594168066978454590e-01
9.256398081779479980e-01 9.234446287155151367e-01
8.313463330268859863e-01 8.314514756202697754e-01
1.050353169441223145e+00 1.051823854446411133e+00
8.354680538177490234e-01 8.341010212898254395e-01
7.267791032791137695e-01 7.268253564834594727e-01
9.016410112380981445e-01 9.019626975059509277e-01
8.461521267890930176e-01 8.447158336639404297e-01
9.438066482543945312e-01 9.424246549606323242e-01
9.142445921897888184e-01 9.128618836402893066e-01
7.917901277542114258e-01 7.901018261909484863e-01
9.336224198341369629e-01 9.342124462127685547e-01
9.395238161087036133e-01 9.356628656387329102e-01
1.005590438842773438e+00 1.007890105247497559e+00
8.754754066467285156e-01 8.745635151863098145e-01
8.486588001251220703e-01 8.469015359878540039e-01
8.957464694976806641e-01 8.928489089012145996e-01
8.855885267257690430e-01 8.849067687988281250e-01
7.822503447532653809e-01 7.837644219398498535e-01
9.478874206542968750e-01 9.464817643165588379e-01
8.160527944564819336e-01 8.173539042472839355e-01
9.357474446296691895e-01 9.372727274894714355e-01
9.113416671752929688e-01 9.099086523056030273e-01
8.832728862762451172e-01 8.821638822555541992e-01
9.230372905731201172e-01 9.242308735847473145e-01
7.740619182586669922e-01 7.745286226272583008e-01
8.839583396911621094e-01 8.810493350028991699e-01
8.490279316902160645e-01 8.465983271598815918e-01
7.831263542175292969e-01 7.826765775680541992e-01
9.792024493217468262e-01 9.791129827499389648e-01
8.819166421890258789e-01 8.804154992103576660e-01
8.204001188278198242e-01 8.222115635871887207e-01
9.112040400505065918e-01 9.109308123588562012e-01
7.259232401847839355e-01 7.258246541023254395e-01
8.031095266342163086e-01 8.024258613586425781e-01
9.720203280448913574e-01 9.720968008041381836e-01
9.004480838775634766e-01 9.002807140350341797e-01
9.575225710868835449e-01 9.549461603164672852e-01
8.234698772430419922e-01 8.226565718650817871e-01
9.539435505867004395e-01 9.539605975151062012e-01
9.036588072776794434e-01 9.047079086303710938e-01
8.728329539299011230e-01 8.701783418655395508e-01
8.010028600692749023e-01 8.002104163169860840e-01
9.259612560272216797e-01 9.269266724586486816e-01
8.199449777603149414e-01 8.202143907546997070e-01
8.232303261756896973e-01 8.211095929145812988e-01
8.968502283096313477e-01 8.968118429183959961e-01
7.988556027412414551e-01 7.997542619705200195e-01
8.933165073394775391e-01 8.925313353538513184e-01
7.714014053344726562e-01 7.729513645172119141e-01
8.384938240051269531e-01 8.377114534378051758e-01
7.616263031959533691e-01 7.625097632408142090e-01
9.744261503219604492e-01 9.744549393653869629e-01
8.244206905364990234e-01 8.254858255386352539e-01
9.113636612892150879e-01 9.090431928634643555e-01
8.778709173202514648e-01 8.781279325485229492e-01
9.480997323989868164e-01 9.488767981529235840e-01
8.772248029708862305e-01 8.758549690246582031e-01
9.296754598617553711e-01 9.298459887504577637e-01
9.130001068115234375e-01 9.136981964111328125e-01
9.135380387306213379e-01 9.128457903861999512e-01
7.900944948196411133e-01 7.898396849632263184e-01
8.993038535118103027e-01 8.958923220634460449e-01
7.982977032661437988e-01 7.967185974121093750e-01
7.577528953552246094e-01 7.569918036460876465e-01
8.281841278076171875e-01 8.274942040443420410e-01
7.609474062919616699e-01 7.606041431427001953e-01
9.244470596313476562e-01 9.233421087265014648e-01
8.574429750442504883e-01 8.585565686225891113e-01
9.044144153594970703e-01 9.050641059875488281e-01
8.835762143135070801e-01 8.842572569847106934e-01
7.244164347648620605e-01 7.235466241836547852e-01
7.945340871810913086e-01 7.963075041770935059e-01
7.685855627059936523e-01 7.704907655715942383e-01
7.914331555366516113e-01 7.915682792663574219e-01
9.291957616806030273e-01 9.266855716705322266e-01
7.265480160713195801e-01 7.291331887245178223e-01
8.316940069198608398e-01 8.307533264160156250e-01
8.474885225296020508e-01 8.470192551612854004e-01
7.580578923225402832e-01 7.598547935485839844e-01
8.364649415016174316e-01 8.377481102943420410e-01
7.847411632537841797e-01 7.846881151199340820e-01
7.614058256149291992e-01 7.607598900794982910e-01
9.121375679969787598e-01 9.124350547790527344e-01
7.589335441589355469e-01 7.580308914184570312e-01
8.026753067970275879e-01 8.026489615440368652e-01
8.236997127532958984e-01 8.225908875465393066e-01
8.232663869857788086e-01 8.223381638526916504e-01
8.025569319725036621e-01 8.030405044555664062e-01
7.596212625503540039e-01 7.584772706031799316e-01
9.410306215286254883e-01 9.389543533325195312e-01
7.270081639289855957e-01 7.275708317756652832e-01
8.211406469345092773e-01 8.237687349319458008e-01
8.514209985733032227e-01 8.504406809806823730e-01
9.047055244445800781e-01 9.030799865722656250e-01
9.197930097579956055e-01 9.182962179183959961e-01
9.384164214134216309e-01 9.414509534835815430e-01
7.265847921371459961e-01 7.256292700767517090e-01
9.918888211250305176e-01 9.919084310531616211e-01
8.149830698966979980e-01 8.143177628517150879e-01
9.052959680557250977e-01 9.020671844482421875e-01
7.830472588539123535e-01 7.839748859405517578e-01
8.294283151626586914e-01 8.285026550292968750e-01
7.866317629814147949e-01 7.866377234458923340e-01
9.262565374374389648e-01 9.249942898750305176e-01
8.676519989967346191e-01 8.692920207977294922e-01
7.982131242752075195e-01 7.978362441062927246e-01
7.735119462013244629e-01 7.744311094284057617e-01
7.606724500656127930e-01 7.626785039901733398e-01
9.016122817993164062e-01 8.998848199844360352e-01
8.757470250129699707e-01 8.721411228179931641e-01
8.369039297103881836e-01 8.360580205917358398e-01
7.922310233116149902e-01 7.920095920562744141e-01
8.386639356613159180e-01 8.372833132743835449e-01
9.301341772079467773e-01 9.300064444541931152e-01
8.571088910102844238e-01 8.549295067787170410e-01
8.367261290550231934e-01 8.376785516738891602e-01
9.315927624702453613e-01 9.295172095298767090e-01
9.943274259567260742e-01 9.939944744110107422e-01
7.269988059997558594e-01 7.268922924995422363e-01
8.430881500244140625e-01 8.418385982513427734e-01
9.973096847534179688e-01 9.996575713157653809e-01
7.638782858848571777e-01 7.629169225692749023e-01
7.554711103439331055e-01 7.558493614196777344e-01
9.423206448554992676e-01 9.434169530868530273e-01
8.510166406631469727e-01 8.498970270156860352e-01
8.520321249961853027e-01 8.484281897544860840e-01
8.325211405754089355e-01 8.324598073959350586e-01
9.011287093162536621e-01 8.992087244987487793e-01
8.298004269599914551e-01 8.291881084442138672e-01
9.808971285820007324e-01 9.798002243041992188e-01
8.606310486793518066e-01 8.606034517288208008e-01
8.763521909713745117e-01 8.740691542625427246e-01
8.992737531661987305e-01 8.987345099449157715e-01
7.270391583442687988e-01 7.279801368713378906e-01
8.779452443122863770e-01 8.780474662780761719e-01
7.817367911338806152e-01 7.831472754478454590e-01
8.811458945274353027e-01 8.807749152183532715e-01
8.050246834754943848e-01 8.050950765609741211e-01
9.241961836814880371e-01 9.234507679939270020e-01
8.508165478706359863e-01 8.514242768287658691e-01
9.386878013610839844e-01 9.376804828643798828e-01
8.031810522079467773e-01 8.021372556686401367e-01
8.353292942047119141e-01 8.364849686622619629e-01
9.373147487640380859e-01 9.375532269477844238e-01
8.200722336769104004e-01 8.213061094284057617e-01
8.571821451187133789e-01 8.566011786460876465e-01
8.024320006370544434e-01 8.027272820472717285e-01
8.624696731567382812e-01 8.627842664718627930e-01
8.913691043853759766e-01 8.905832767486572266e-01
1.010034322738647461e+00 1.010450363159179688e+00
9.154008626937866211e-01 9.146772623062133789e-01
9.568548798561096191e-01 9.574447870254516602e-01
7.886716127395629883e-01 7.874743342399597168e-01
9.175589084625244141e-01 9.155871272087097168e-01
9.055616259574890137e-01 9.045899510383605957e-01
8.264192342758178711e-01 8.273257613182067871e-01
7.867757678031921387e-01 7.863741517066955566e-01
7.610869407653808594e-01 7.625942826271057129e-01
8.946051597595214844e-01 8.934139609336853027e-01
9.126718044281005859e-01 9.117974042892456055e-01
8.313472270965576172e-01 8.298953771591186523e-01
8.084228038787841797e-01 8.072026968002319336e-01
7.898656129837036133e-01 7.899471521377563477e-01
8.285037875175476074e-01 8.279147744178771973e-01
9.551533460617065430e-01 9.561054706573486328e-01
7.854375839233398438e-01 7.843348383903503418e-01
9.112099409103393555e-01 9.107643961906433105e-01
7.623469829559326172e-01 7.642518877983093262e-01
7.909750938415527344e-01 7.891416549682617188e-01
9.231575727462768555e-01 9.222449660301208496e-01
7.826334238052368164e-01 7.837586402893066406e-01
8.266899585723876953e-01 8.269956111907958984e-01
7.843605279922485352e-01 7.832705378532409668e-01
8.732381463050842285e-01 8.716817498207092285e-01
8.373298048973083496e-01 8.397977352142333984e-01
9.286735057830810547e-01 9.293981194496154785e-01
7.719417810440063477e-01 7.712374925613403320e-01
9.968600869178771973e-01 9.967108368873596191e-01
7.607581615447998047e-01 7.625369429588317871e-01
7.971156835556030273e-01 7.966110706329345703e-01
9.350987672805786133e-01 9.348445534706115723e-01
8.584128618240356445e-01 8.583829402923583984e-01
9.090045690536499023e-01 9.077464938163757324e-01
7.693954706192016602e-01 7.703268527984619141e-01
9.910268783569335938e-01 9.920170903205871582e-01
9.393371343612670898e-01 9.401853680610656738e-01
7.715414762496948242e-01 7.718616724014282227e-01
8.282388448715209961e-01 8.292578458786010742e-01
7.821589708328247070e-01 7.829884290695190430e-01
9.022075533866882324e-01 8.987330794334411621e-01
7.731988430023193359e-01 7.723056077957153320e-01
9.066893458366394043e-01 9.038328528404235840e-01
8.253756761550903320e-01 8.239575028419494629e-01
8.409594297409057617e-01 8.369198441505432129e-01
8.503564596176147461e-01 8.509274125099182129e-01
8.543387055397033691e-01 8.523500561714172363e-01
8.344275355339050293e-01 8.334000706672668457e-01
7.687966227531433105e-01 7.719063758850097656e-01
9.309072494506835938e-01 9.305883049964904785e-01
9.586048126220703125e-01 9.573888182640075684e-01
7.278268337249755859e-01 7.276197075843811035e-01
9.352034330368041992e-01 9.349911212921142578e-01
8.018946051597595215e-01 8.023455142974853516e-01
7.894655466079711914e-01 7.909986376762390137e-01
7.824755311012268066e-01 7.826454639434814453e-01
8.711350560188293457e-01 8.709011077880859375e-01
8.319694995880126953e-01 8.309984207153320312e-01
7.801128625869750977e-01 7.806295156478881836e-01
9.666128158569335938e-01 9.660000205039978027e-01
7.745770215988159180e-01 7.741529941558837891e-01
8.464832901954650879e-01 8.454205393791198730e-01
8.546382784843444824e-01 8.531480431556701660e-01
8.469204902648925781e-01 8.469702601432800293e-01
8.949347138404846191e-01 8.925639390945434570e-01
9.335586428642272949e-01 9.343429207801818848e-01
7.719010710716247559e-01 7.727804780006408691e-01
9.193410873413085938e-01 9.229554533958435059e-01
7.266414165496826172e-01 7.266187071800231934e-01
8.734165430068969727e-01 8.738027215003967285e-01
8.617184162139892578e-01 8.628402352333068848e-01
9.103906154632568359e-01 9.099210500717163086e-01
9.489740133285522461e-01 9.501904249191284180e-01
8.656740784645080566e-01 8.658044934272766113e-01
8.210965394973754883e-01 8.217897415161132812e-01
8.021526336669921875e-01 8.019365072250366211e-01
7.216422557830810547e-01 7.219076156616210938e-01
8.702960014343261719e-01 8.716914653778076172e-01
9.274728298187255859e-01 9.261288046836853027e-01
8.450018763542175293e-01 8.427042961120605469e-01
9.334309697151184082e-01 9.309843182563781738e-01
7.897825837135314941e-01 7.896850705146789551e-01
8.760001659393310547e-01 8.756069540977478027e-01
7.741957902908325195e-01 7.725567817687988281e-01
9.368910193443298340e-01 9.367507696151733398e-01
7.226561307907104492e-01 7.253357172012329102e-01
8.955900073051452637e-01 8.938031792640686035e-01
7.898110151290893555e-01 7.912763953208923340e-01
9.868617653846740723e-01 9.886345863342285156e-01
9.329382777214050293e-01 9.331726431846618652e-01
9.120988845825195312e-01 9.123153090476989746e-01
9.256239533424377441e-01 9.238939881324768066e-01
9.188266396522521973e-01 9.175141453742980957e-01
9.215816259384155273e-01 9.209629297256469727e-01
9.931724071502685547e-01 9.917798042297363281e-01
9.456711411476135254e-01 9.466891884803771973e-01
8.492177724838256836e-01 8.480360507965087891e-01
9.011056423187255859e-01 9.008794426918029785e-01
8.379098176956176758e-01 8.383249044418334961e-01
9.023436903953552246e-01 8.988283872604370117e-01
8.726021647453308105e-01 8.706980943679809570e-01
7.828718423843383789e-01 7.819744348526000977e-01
8.439143896102905273e-01 8.425218462944030762e-01
9.009791612625122070e-01 8.992958664894104004e-01
9.307394623756408691e-01 9.320009946823120117e-01
8.241132497787475586e-01 8.229446411132812500e-01
7.226669788360595703e-01 7.233305573463439941e-01
8.345814943313598633e-01 8.349338173866271973e-01
9.156847000122070312e-01 9.142157435417175293e-01
8.702226281166076660e-01 8.709524273872375488e-01
8.393599390983581543e-01 8.376049995422363281e-01
9.753801822662353516e-01 9.772599935531616211e-01
9.402236938476562500e-01 9.398240447044372559e-01
8.672065734863281250e-01 8.663627505302429199e-01
8.303728699684143066e-01 8.281821012496948242e-01
8.557665348052978516e-01 8.554173707962036133e-01
8.417763710021972656e-01 8.430921435356140137e-01
7.227133512496948242e-01 7.247951030731201172e-01
8.529381752014160156e-01 8.524555563926696777e-01
7.699156403541564941e-01 7.708992362022399902e-01
9.515436887741088867e-01 9.511724710464477539e-01
7.566196918487548828e-01 7.589913606643676758e-01
8.272817134857177734e-01 8.275074958801269531e-01
9.359943270683288574e-01 9.351760149002075195e-01
9.048277139663696289e-01 9.045268893241882324e-01
8.394080400466918945e-01 8.402166962623596191e-01
7.837406992912292480e-01 7.830424904823303223e-01
8.877158761024475098e-01 8.860378265380859375e-01
8.961967229843139648e-01 8.945958614349365234e-01
1.003690481185913086e+00 1.005190372467041016e+00
9.373432993888854980e-01 9.370422959327697754e-01
8.951234817504882812e-01 8.923266530036926270e-01
8.469544649124145508e-01 8.444759249687194824e-01
8.327841162681579590e-01 8.348717093467712402e-01
8.333163857460021973e-01 8.334815502166748047e-01
8.777612447738647461e-01 8.765863776206970215e-01
9.195604324340820312e-01 9.177337884902954102e-01
8.036164641380310059e-01 8.015874624252319336e-01
7.732322812080383301e-01 7.740597128868103027e-01
9.220705628395080566e-01 9.213720560073852539e-01
9.435428977012634277e-01 9.444579482078552246e-01
8.685886263847351074e-01 8.709411621093750000e-01
7.550686001777648926e-01 7.574829459190368652e-01
8.298126459121704102e-01 8.289541006088256836e-01
8.263412714004516602e-01 8.257351517677307129e-01
8.517591953277587891e-01 8.519258499145507812e-01
8.872012495994567871e-01 8.858590722084045410e-01
9.254667162895202637e-01 9.270741343498229980e-01
7.630767226219177246e-01 7.639565467834472656e-01
9.179033041000366211e-01 9.194465875625610352e-01
7.231470346450805664e-01 7.246814370155334473e-01
9.678275585174560547e-01 9.670344591140747070e-01
8.460338711738586426e-01 8.463766574859619141e-01
8.434384465217590332e-01 8.425936102867126465e-01
9.007264971733093262e-01 8.981197476387023926e-01
8.878158330917358398e-01 8.873844146728515625e-01
9.162899255752563477e-01 9.163471460342407227e-01
7.271709442138671875e-01 7.275629639625549316e-01
9.025249481201171875e-01 9.034399986267089844e-01
8.317058086395263672e-01 8.299636244773864746e-01
8.367181420326232910e-01 8.367586135864257812e-01
7.607173323631286621e-01 7.624290585517883301e-01
8.634364604949951172e-01 8.633921742439270020e-01
7.552717328071594238e-01 7.580976486206054688e-01
9.210712313652038574e-01 9.208737015724182129e-01
8.273050785064697266e-01 8.268792033195495605e-01
8.345853090286254883e-01 8.330806493759155273e-01
9.689686298370361328e-01 9.703283905982971191e-01
8.859173655509948730e-01 8.845300078392028809e-01
7.921517491340637207e-01 7.925624847412109375e-01
8.646942377090454102e-01 8.633106350898742676e-01
7.270444631576538086e-01 7.263078689575195312e-01
7.890552878379821777e-01 7.889271974563598633e-01
7.710751295089721680e-01 7.721798419952392578e-01
7.924180626869201660e-01 7.902885079383850098e-01
8.462442159652709961e-01 8.439629673957824707e-01
8.525823950767517090e-01 8.505766987800598145e-01
7.239116430282592773e-01 7.233465909957885742e-01
8.733413815498352051e-01 8.731254935264587402e-01
9.319754838943481445e-01 9.313472509384155273e-01
8.930135965347290039e-01 8.914886116981506348e-01
8.764799237251281738e-01 8.762070536613464355e-01
7.561138868331909180e-01 7.566725611686706543e-01
9.968048334121704102e-01 9.970372915267944336e-01
8.093350529670715332e-01 8.101066946983337402e-01
8.465586900711059570e-01 8.473737239837646484e-01
9.348032474517822266e-01 9.325161576271057129e-01
8.848091363906860352e-01 8.840346932411193848e-01
8.889604806900024414e-01 8.879330158233642578e-01
9.033799171447753906e-01 9.016759395599365234e-01
7.592703700065612793e-01 7.577285170555114746e-01
8.735261559486389160e-01 8.733568787574768066e-01
9.639089703559875488e-01 9.628815650939941406e-01
9.394932985305786133e-01 9.385593533515930176e-01
9.557155966758728027e-01 9.537240266799926758e-01
8.819679021835327148e-01 8.822514414787292480e-01
9.628672003746032715e-01 9.628606438636779785e-01
9.209664463996887207e-01 9.200530648231506348e-01
8.344949483871459961e-01 8.336976170539855957e-01
8.287174701690673828e-01 8.255285024642944336e-01
8.832813501358032227e-01 8.806825876235961914e-01
9.378963112831115723e-01 9.363712668418884277e-01
9.723838567733764648e-01 9.731649160385131836e-01
8.744120001792907715e-01 8.750827908515930176e-01
9.750193357467651367e-01 9.745766520500183105e-01
7.226306200027465820e-01 7.246962189674377441e-01
7.600105404853820801e-01 7.595824599266052246e-01
8.463696241378784180e-01 8.450416326522827148e-01
7.626616954803466797e-01 7.630100250244140625e-01
8.905697464942932129e-01 8.907287716865539551e-01
8.359308242797851562e-01 8.334447145462036133e-01
9.024888277053833008e-01 9.006645679473876953e-01
8.024008870124816895e-01 8.012890219688415527e-01
9.307912588119506836e-01 9.317741990089416504e-01
8.760557770729064941e-01 8.740006089210510254e-01
8.362174034118652344e-01 8.370864391326904297e-01
9.069395661354064941e-01 9.082394838333129883e-01
9.724276065826416016e-01 9.717711210250854492e-01
8.718428611755371094e-01 8.707771301269531250e-01
8.751177191734313965e-01 8.759806752204895020e-01
1.008925676345825195e+00 1.008841514587402344e+00
9.483200311660766602e-01 9.484353661537170410e-01
8.488889932632446289e-01 8.497530221939086914e-01
7.615111470222473145e-01 7.632828950881958008e-01
8.233743906021118164e-01 8.244950175285339355e-01
9.327068328857421875e-01 9.325789809226989746e-01
9.251462221145629883e-01 9.246901869773864746e-01
9.308602213859558105e-01 9.302980899810791016e-01
9.009843468666076660e-01 9.006502032279968262e-01
8.681482672691345215e-01 8.670994639396667480e-01
7.881076335906982422e-01 7.905770540237426758e-01
8.920596837997436523e-01 8.910579681396484375e-01
9.387930035591125488e-01 9.368751049041748047e-01
8.792357444763183594e-01 8.771992921829223633e-01
9.617445468902587891e-01 9.616442322731018066e-01
8.926109075546264648e-01 8.928762078285217285e-01
7.991850972175598145e-01 7.984937429428100586e-01
8.312155008316040039e-01 8.312290310859680176e-01
8.455436229705810547e-01 8.444019556045532227e-01
8.758515119552612305e-01 8.753198981285095215e-01
7.812251448631286621e-01 7.791028618812561035e-01
7.595111727714538574e-01 7.592767477035522461e-01
9.674503207206726074e-01 9.677901268005371094e-01
8.519294857978820801e-01 8.509224057197570801e-01
8.957369923591613770e-01 8.938527703285217285e-01
7.607993483543395996e-01 7.623105645179748535e-01
7.835618257522583008e-01 7.835410237312316895e-01
7.981168031692504883e-01 7.983116507530212402e-01
9.162428379058837891e-01 9.150431752204895020e-01
8.513408899307250977e-01 8.499395251274108887e-01
8.750113248825073242e-01 8.756629824638366699e-01
8.847089409828186035e-01 8.832056522369384766e-01
7.623587846755981445e-01 7.621775865554809570e-01
7.268605232238769531e-01 7.265809178352355957e-01
8.282637596130371094e-01 8.265337944030761719e-01
9.536255002021789551e-01 9.528507590293884277e-01
8.726586699485778809e-01 8.705629706382751465e-01
8.474326729774475098e-01 8.497377038002014160e-01
9.024332165718078613e-01 9.013758897781372070e-01
7.222990989685058594e-01 7.233554720878601074e-01
9.015793204307556152e-01 9.014144539833068848e-01
8.872678279876708984e-01 8.860009908676147461e-01
9.155994057655334473e-01 9.126003980636596680e-01
8.730390071868896484e-01 8.729375004768371582e-01
8.621767163276672363e-01 8.637927770614624023e-01
8.028982281684875488e-01 8.021553754806518555e-01
8.648225069046020508e-01 8.648865818977355957e-01
8.971725702285766602e-01 8.951396346092224121e-01
7.924675345420837402e-01 7.931218147277832031e-01
8.896520733833312988e-01 8.893183469772338867e-01
8.764345049858093262e-01 8.761340379714965820e-01
7.991940975189208984e-01 8.004278540611267090e-01
7.716241478919982910e-01 7.723186016082763672e-01
7.761859893798828125e-01 7.767370343208312988e-01
8.025744557380676270e-01 8.022359609603881836e-01
9.320501685142517090e-01 9.323747754096984863e-01
7.861139178276062012e-01 7.857171893119812012e-01
7.276062965393066406e-01 7.262408733367919922e-01
8.233562111854553223e-01 8.238953351974487305e-01
7.854144573211669922e-01 7.844054698944091797e-01
7.880966663360595703e-01 7.877657413482666016e-01
7.937957048416137695e-01 7.934409379959106445e-01
7.974423766136169434e-01 7.966650128364562988e-01
8.696234226226806641e-01 8.681387901306152344e-01
7.984687089920043945e-01 7.988850474357604980e-01
9.820338487625122070e-01 9.816757440567016602e-01
8.758901357650756836e-01 8.757280707359313965e-01
7.988738417625427246e-01 7.987111210823059082e-01
8.838768005371093750e-01 8.805671930313110352e-01
7.265597581863403320e-01 7.265142798423767090e-01
8.528747558593750000e-01 8.534220457077026367e-01
8.800292015075683594e-01 8.805831074714660645e-01
9.030621051788330078e-01 9.029599428176879883e-01
8.834753632545471191e-01 8.833907842636108398e-01
8.642299771308898926e-01 8.633136153221130371e-01
7.596312761306762695e-01 7.588040232658386230e-01
7.234030961990356445e-01 7.237150073051452637e-01
8.260084390640258789e-01 8.261290192604064941e-01
8.870319128036499023e-01 8.843231201171875000e-01
9.644702076911926270e-01 9.633771181106567383e-01
7.229558229446411133e-01 7.241894602775573730e-01
7.899342179298400879e-01 7.912577986717224121e-01
8.850337862968444824e-01 8.843967914581298828e-01
8.261017799377441406e-01 8.254947066307067871e-01
7.985619306564331055e-01 7.981373667716979980e-01
9.114743471145629883e-01 9.082612991333007812e-01
9.013738036155700684e-01 9.002074003219604492e-01
8.709981441497802734e-01 8.703999519348144531e-01
8.422999382019042969e-01 8.435686230659484863e-01
7.871664762496948242e-01 7.868321537971496582e-01
7.734485864639282227e-01 7.740606665611267090e-01
9.150028228759765625e-01 9.133015275001525879e-01
8.083120584487915039e-01 8.087124824523925781e-01
7.923038005828857422e-01 7.906067371368408203e-01
8.946861028671264648e-01 8.945058584213256836e-01
8.221678137779235840e-01 8.211318254470825195e-01
8.434388637542724609e-01 8.437399268150329590e-01
9.355546236038208008e-01 9.359292387962341309e-01
9.084053635597229004e-01 9.072437286376953125e-01
7.593594193458557129e-01 7.593114376068115234e-01
8.711214065551757812e-01 8.708490729331970215e-01
7.230910062789916992e-01 7.238723039627075195e-01
8.243554234504699707e-01 8.246108889579772949e-01
8.244343996047973633e-01 8.230223655700683594e-01
7.737400531768798828e-01 7.740674018859863281e-01
8.988813757896423340e-01 8.976854085922241211e-01
9.384295940399169922e-01 9.375443458557128906e-01
9.094390273094177246e-01 9.077114462852478027e-01
8.728051185607910156e-01 8.724099397659301758e-01
8.451011180877685547e-01 8.430194854736328125e-01
9.225521087646484375e-01 9.215700030326843262e-01
8.043398857116699219e-01 8.039460182189941406e-01
9.338181018829345703e-01 9.336338639259338379e-01
7.622151970863342285e-01 7.630862593650817871e-01
9.147577881813049316e-01 9.159839749336242676e-01
9.337675571441650391e-01 9.330585002899169922e-01
8.774144053459167480e-01 8.777227997779846191e-01
8.719848394393920898e-01 8.711084723472595215e-01
9.951844215393066406e-01 9.949570298194885254e-01
7.649403810501098633e-01 7.661849260330200195e-01
