1.436153892427682877e-03 2.237918553873896599e-03
1.385344541631639004e-03 2.226124517619609833e-03
1.618058071471750736e-03 2.289522904902696609e-03
1.421723049134016037e-03 2.376841846853494644e-03
1.492106122896075249e-03 2.191792475059628487e-03
1.403027796186506748e-03 2.298148581758141518e-03
1.654725056141614914e-03 2.378345699980854988e-03
1.458463957533240318e-03 2.217011991888284683e-03
1.485046115703880787e-03 2.441923832520842552e-03
1.797135220840573311e-03 2.181413117796182632e-03
1.537516480311751366e-03 2.506297081708908081e-03
1.627402263693511486e-03 2.411319641396403313e-03
1.799768651835620403e-03 2.431070432066917419e-03
1.563642174005508423e-03 2.379794372245669365e-03
1.816950389184057713e-03 2.190803177654743195e-03
1.583261764608323574e-03 2.694688271731138229e-03
1.695028040558099747e-03 2.607359085232019424e-03
1.922272145748138428e-03 2.238953486084938049e-03
1.419784734025597572e-03 2.243719995021820068e-03
1.546358224004507065e-03 2.220026683062314987e-03
1.394208404235541821e-03 2.220977097749710083e-03
1.376400585286319256e-03 2.254282590001821518e-03
1.370406011119484901e-03 2.182575175538659096e-03
1.360486377961933613e-03 2.201061928644776344e-03
1.375732710584998131e-03 2.197073074057698250e-03
1.420907909050583839e-03 2.226790646091103554e-03
1.389139448292553425e-03 2.406393410637974739e-03
1.524607767350971699e-03 2.232411876320838928e-03
1.444858964532613754e-03 2.187139121815562248e-03
1.418364583514630795e-03 2.307141199707984924e-03
1.562271383590996265e-03 2.199326874688267708e-03
1.496843877248466015e-03 2.226191107183694839e-03
1.440445426851511002e-03 2.612458076328039169e-03
1.677428721450269222e-03 2.288228133693337440e-03
1.482610241509974003e-03 2.174681285396218300e-03
1.391433761455118656e-03 2.245436655357480049e-03
1.453112112358212471e-03 2.234740182757377625e-03
1.513508032076060772e-03 2.171525964513421059e-03
1.397374551743268967e-03 2.342584542930126190e-03
1.388786360621452332e-03 2.235332736745476723e-03
1.400175155140459538e-03 2.225806470960378647e-03
1.364308758638799191e-03 2.213797299191355705e-03
1.354867941699922085e-03 2.167137572541832924e-03
1.393182901665568352e-03 2.249762648716568947e-03
1.501725753769278526e-03 2.243441995233297348e-03
1.411541015841066837e-03 2.393378643319010735e-03
1.462301355786621571e-03 2.407107269391417503e-03
1.655492815189063549e-03 2.213815692812204361e-03
1.422126311808824539e-03 2.222096780315041542e-03
1.402660622261464596e-03 2.349793678149580956e-03
1.669965684413909912e-03 2.138033974915742874e-03
1.399373519234359264e-03 2.249606186524033546e-03
1.374785322695970535e-03 2.268268261104822159e-03
1.365739037282764912e-03 2.234263811260461807e-03
1.381712267175316811e-03 2.356820972636342049e-03
1.463899039663374424e-03 2.202619332820177078e-03
1.381974085234105587e-03 2.275970997288823128e-03
1.603512675501406193e-03 2.163218567147850990e-03
1.501740538515150547e-03 2.381790895015001297e-03
1.455424702726304531e-03 2.340527484193444252e-03
1.437833765521645546e-03 2.180764917284250259e-03
1.358733628876507282e-03 2.203089650720357895e-03
1.517391647212207317e-03 2.221714938059449196e-03
1.463692053221166134e-03 2.464239485561847687e-03
1.539762248285114765e-03 2.319752937182784081e-03
1.501841587014496326e-03 2.244921168312430382e-03
1.421608147211372852e-03 2.239224500954151154e-03
1.384046277962625027e-03 2.218765206634998322e-03
1.580375246703624725e-03 2.174120629206299782e-03
1.369958044961094856e-03 2.306427108123898506e-03
1.381476758979260921e-03 2.267003292217850685e-03
1.412115758284926414e-03 2.131839515641331673e-03
1.376731204800307751e-03 2.218106994405388832e-03
1.413948833942413330e-03 2.207294804975390434e-03
1.389632350765168667e-03 2.248199889436364174e-03
1.406436902470886707e-03 2.367648528888821602e-03
1.521466998383402824e-03 2.200034447014331818e-03
1.393489190377295017e-03 2.208516234531998634e-03
1.503353123553097248e-03 2.262591384351253510e-03
1.372418482787907124e-03 2.264412818476557732e-03
1.404793234542012215e-03 2.208856400102376938e-03
1.399376429617404938e-03 2.254991326481103897e-03
1.401786576025187969e-03 2.261260291561484337e-03
1.393195008859038353e-03 2.205891069024801254e-03
1.384161296300590038e-03 2.268997253850102425e-03
1.370149897411465645e-03 2.158743329346179962e-03
1.371608348563313484e-03 2.232972998172044754e-03
1.629665610380470753e-03 2.210991457104682922e-03
1.613696338608860970e-03 2.455374924466013908e-03
1.518377102911472321e-03 2.491200575605034828e-03
1.608305843546986580e-03 2.356789307668805122e-03
1.687897136434912682e-03 2.292813034728169441e-03
1.414058962836861610e-03 2.275120466947555542e-03
1.495742588303983212e-03 2.117291558533906937e-03
1.377313281409442425e-03 2.220209687948226929e-03
1.380547648295760155e-03 2.282010158523917198e-03
1.394209102727472782e-03 2.195328939706087112e-03
1.374049461446702480e-03 2.207700628787279129e-03
1.365115866065025330e-03 2.267842181026935577e-03
1.386178540997207165e-03 2.186391269788146019e-03
1.392305712215602398e-03 2.286222064867615700e-03
1.387219876050949097e-03 2.256450708955526352e-03
1.371892401948571205e-03 2.178966300562024117e-03
1.364354160614311695e-03 2.245086943730711937e-03
1.363017014227807522e-03 2.197613008320331573e-03
1.365012605674564838e-03 2.264986746013164520e-03
1.396692241542041302e-03 2.176614943891763687e-03
1.363136223517358303e-03 2.208488062024116516e-03
1.382718328386545181e-03 2.210568403825163841e-03
1.396753825247287750e-03 2.154549350962042809e-03
1.372380298562347889e-03 2.182106487452983856e-03
1.369660138152539730e-03 2.178221940994262695e-03
1.399048254825174809e-03 2.213944680988788605e-03
1.409555901773273945e-03 2.353479620069265366e-03
1.439452404156327248e-03 2.329381648451089859e-03
1.486164750531315804e-03 2.203530399128794670e-03
1.362912589684128761e-03 2.191373612731695175e-03
1.410481869243085384e-03 2.194133820012211800e-03
1.369682024233043194e-03 2.215137705206871033e-03
1.356721739284694195e-03 2.285913797095417976e-03
1.378391985781490803e-03 2.166954800486564636e-03
1.398743130266666412e-03 2.212528139352798462e-03
1.423042849637567997e-03 2.238310873508453369e-03
1.408570096828043461e-03 2.220477443188428879e-03
1.389072975143790245e-03 2.230239799246191978e-03
1.445927890017628670e-03 2.240684814751148224e-03
1.434502890333533287e-03 2.179724164307117462e-03
1.448915689252316952e-03 2.287328476086258888e-03
1.388186006806790829e-03 2.270881086587905884e-03
1.447376329451799393e-03 2.206939039751887321e-03
1.362504786811769009e-03 2.201844006776809692e-03
1.553318463265895844e-03 2.286615315824747086e-03
1.394179882481694221e-03 2.335380297154188156e-03
1.469680690206587315e-03 2.245303476229310036e-03
1.390263088978827000e-03 2.152367495000362396e-03
1.384571078233420849e-03 2.366619417443871498e-03
1.673307386226952076e-03 2.164443721994757652e-03
1.492754090577363968e-03 2.445883583277463913e-03
1.486640190705657005e-03 2.425367943942546844e-03
1.567906234413385391e-03 2.262298250570893288e-03
1.415310194715857506e-03 2.252223435789346695e-03
1.508717075921595097e-03 2.241787500679492950e-03
1.476409495808184147e-03 2.233771374449133873e-03
1.393828890286386013e-03 2.406516345217823982e-03
1.497789053246378899e-03 2.320022555068135262e-03
1.515964162535965443e-03 2.146571874618530273e-03
1.378172077238559723e-03 2.280544489622116089e-03
1.491439645178616047e-03 2.219992689788341522e-03
1.558807445690035820e-03 2.299153478816151619e-03
1.418291241861879826e-03 2.419183729216456413e-03
1.520375837571918964e-03 2.269908087328076363e-03
1.376181375235319138e-03 2.177970949560403824e-03
1.376773696392774582e-03 2.266237046569585800e-03
1.524260500445961952e-03 2.189597813412547112e-03
1.382879330776631832e-03 2.276023151353001595e-03
1.383842900395393372e-03 2.217528410255908966e-03
1.379242399707436562e-03 2.189052756875753403e-03
1.384319853968918324e-03 2.213653642684221268e-03
1.381233567371964455e-03 2.327240072190761566e-03
1.389712560921907425e-03 2.193299122154712677e-03
1.386388554237782955e-03 2.256638137623667717e-03
1.398233347572386265e-03 2.224831841886043549e-03
1.372786005958914757e-03 2.231283811852335930e-03
1.380734029226005077e-03 2.145471284165978432e-03
1.367871533147990704e-03 2.288532676175236702e-03
1.431618817150592804e-03 2.175789559260010719e-03
1.380050438456237316e-03 2.345140790566802025e-03
1.461657928302884102e-03 2.174027729779481888e-03
1.415096456184983253e-03 2.236314117908477783e-03
1.452135737054049969e-03 2.183884615078568459e-03
1.441292930394411087e-03 2.356833545491099358e-03
1.446659909561276436e-03 2.364800311625003815e-03
1.502205617725849152e-03 2.471785992383956909e-03
1.671135425567626953e-03 2.173366956412792206e-03
1.464800792746245861e-03 2.423923229798674583e-03
1.554391114041209221e-03 2.140685450285673141e-03
1.466920366510748863e-03 2.247547730803489685e-03
1.404433278366923332e-03 2.476110123097896576e-03
1.657265005633234978e-03 2.237170003354549408e-03
1.387959811836481094e-03 2.194293541833758354e-03
1.377041684463620186e-03 2.179368399083614349e-03
1.525240833871066570e-03 2.168466337025165558e-03
1.430683303624391556e-03 2.292306628078222275e-03
1.387656084261834621e-03 2.346530323848128319e-03
1.435914658941328526e-03 2.229346893727779388e-03
1.387920230627059937e-03 2.184136537835001945e-03
1.383442780934274197e-03 2.201372990384697914e-03
1.421382650732994080e-03 2.342258812859654427e-03
1.440111780539155006e-03 2.242711139842867851e-03
1.375427469611167908e-03 2.166110556572675705e-03
1.371847582049667835e-03 2.193756634369492531e-03
1.398298190906643867e-03 2.302723936736583710e-03
1.405117684043943882e-03 2.250022254884243011e-03
1.363696996122598648e-03 2.136956201866269112e-03
