1.329889491898939013e-04
1.458043116144835949e-04
1.607710291864350438e-04
1.797940931282937527e-04
2.016854559769853950e-04
2.289356780238449574e-04
2.599085273686796427e-04
2.982073638122528791e-04
3.416967228986322880e-04
3.943877236451953650e-04
4.543535760603845119e-04
5.249510868452489376e-04
6.043417961336672306e-04
6.941470783203840256e-04
7.907447288744151592e-04
8.918603416532278061e-04
9.891812223941087723e-04
1.072840997949242592e-03
1.127901370637118816e-03
1.137824496254324913e-03
1.086999196559190750e-03
9.670856525190174580e-04
7.791803218424320221e-04
5.401543457992374897e-04
2.719939802773296833e-04
1.657682696531992406e-05
2.378379285801202059e-04
4.314545076340436935e-04
5.666632205247879028e-04
6.321697146631777287e-04
6.295106722973287106e-04
5.605204496532678604e-04
4.401637997943907976e-04
2.827500575222074986e-04
1.119307125918567181e-04
5.745713497162796557e-05
2.004945272346958518e-04
3.097589069511741400e-04
3.747873124666512012e-04
3.961785405408591032e-04
3.730299940798431635e-04
3.149557160213589668e-04
2.286687813466414809e-04
1.288612547796219587e-04
2.635416421981062740e-05
7.286335312528535724e-05
1.520982186775654554e-04
2.080948761431500316e-04
2.399742952547967434e-04
2.450140018481761217e-04
2.282146597281098366e-04
1.910610590130090714e-04
1.414101570844650269e-04
8.345092646777629852e-05
2.538205626478884369e-05
3.418220512685365975e-05
8.070528565440326929e-05
1.166299844044260681e-04
1.391859696013852954e-04
1.492950541432946920e-04
1.463299413444474339e-04
1.334057160420343280e-04
1.115020349971018732e-04
8.421792153967544436e-05
5.355246321414597332e-05
2.342186780879274011e-05
1.470419738325290382e-05
3.629919956438243389e-05
5.741716813645325601e-05
7.310836372198536992e-05
8.317633182741701603e-05
8.724704093765467405e-05
8.627475472167134285e-05
8.049535972531884909e-05
7.135918713174760342e-05
5.950424019829370081e-05
4.604379864758811891e-05
3.201772415195591748e-05
1.916258042911067605e-05
1.216562122863251716e-05
1.473446172894909978e-05
2.263011083414312452e-05
3.079545422224327922e-05
3.751684562303125858e-05
4.267759504728019238e-05
4.594945858116261661e-05
4.765184348798356950e-05
4.785455894307233393e-05
4.683588485931977630e-05
4.462450669961981475e-05
4.171386535745114088e-05
3.812646900769323111e-05
3.437235864112153649e-05
3.027579259651247412e-05
2.637259603943675756e-05
2.256005973322317004e-05
1.918499219755176455e-05
1.646947930566966534e-05
1.422351579094538465e-05
1.274648275284562260e-05
1.171264011645689607e-05
1.135179445554967970e-05
1.134145259129581973e-05
1.157714450528146699e-05
1.213462655869079754e-05
1.260657609236659482e-05
1.337186949967872351e-05
1.408405569236492738e-05
1.505453928984934464e-05
1.593978777236770838e-05
1.701559085631743073e-05
1.804542625905014575e-05
1.933813109644688666e-05
2.081342063320335001e-05
2.256363586639054120e-05
2.463802775309886783e-05
2.694997237995266914e-05
2.986964500450994819e-05
3.321008261991664767e-05
3.739102248800918460e-05
4.216116576571948826e-05
4.788084333995357156e-05
5.463431807584129274e-05
6.271827442105859518e-05
7.246917812153697014e-05
8.401325612794607878e-05
9.821228741202503443e-05
1.150934403995051980e-04
1.361127215204760432e-04
1.610911567695438862e-04
1.924099196912720799e-04
2.296405727975070477e-04
2.762727381195873022e-04
3.318748204037547112e-04
4.010478151030838490e-04
4.833910497836768627e-04
5.839830846525728703e-04
7.019382901489734650e-04
8.400676306337118149e-04
9.940860327333211899e-04
1.157221035100519657e-03
1.312950626015663147e-03
1.433790428563952446e-03
1.484554260969161987e-03
1.425091526471078396e-03
1.231973874382674694e-03
9.087899816222488880e-04
4.939100472256541252e-04
5.247050648904405534e-05
3.563271893654018641e-04
6.704390398226678371e-04
8.581707370467483997e-04
8.969055488705635071e-04
7.905361126177012920e-04
5.620368174277245998e-04
2.622052561491727829e-04
5.636820060317404568e-05
3.300927055533975363e-04
5.222841864451766014e-04
6.048005889169871807e-04
5.757755716331303120e-04
4.469734558369964361e-04
2.534204686526209116e-04
3.391857535461895168e-05
1.721367443678900599e-04
3.261446545366197824e-04
4.069342103321105242e-04
4.105786210857331753e-04
3.409359487704932690e-04
2.206724166171625257e-04
7.333910616580396891e-05
7.409595127683132887e-05
1.924210373545065522e-04
2.658201556187123060e-04
2.888996677938848734e-04
2.602541353553533554e-04
1.928506389958783984e-04
9.963500633602961898e-05
1.117508145398460329e-05
9.236885671271011233e-05
1.581524556968361139e-04
1.934124884428456426e-04
1.941133377840742469e-04
1.657018292462453246e-04
1.139964442700147629e-04
5.071632403996773064e-05
1.826353400247171521e-05
7.289941277122125030e-05
1.128310977946966887e-04
1.321286399615928531e-04
1.312451495323330164e-04
1.114015103667043149e-04
7.852971612010151148e-05
3.814961019088514149e-05
1.126179085986223072e-05
4.336969504947774112e-05
7.074435416143387556e-05
8.640022861072793603e-05
8.921138942241668701e-05
8.081783016677945852e-05
6.311096512945368886e-05
3.948035737266764045e-05
1.507218166807433590e-05
