4.841904155910015106e-04 1.313135377131402493e-03
4.079031932633370161e-04 1.397161278873682022e-03
4.578211810439825058e-04 1.317459624260663986e-03
3.491119423415511847e-04 1.347006880678236485e-03
4.680986166931688786e-04 1.398205407895147800e-03
5.699655739590525627e-04 1.384160132147371769e-03
5.005679558962583542e-04 1.306934747844934464e-03
3.407647891435772181e-04 1.307963160797953606e-03
3.322171687614172697e-04 1.346828299574553967e-03
4.096056800335645676e-04 1.357753644697368145e-03
4.491079598665237427e-04 1.385999494232237339e-03
5.247999797575175762e-04 1.318889437243342400e-03
4.431881243363022804e-04 1.501406193710863590e-03
8.821737137623131275e-04 1.382316695526242256e-03
5.289549008011817932e-04 1.309020095504820347e-03
3.730743774212896824e-04 1.447127899155020714e-03
9.707050630822777748e-04 1.930104102939367294e-03
1.125329174101352692e-03 1.336709829047322273e-03
6.836131215095520020e-04 1.536435331217944622e-03
6.998274475336074829e-04 1.367867342196404934e-03
7.613387424498796463e-04 1.535105635412037373e-03
6.091265240684151649e-04 1.387114753015339375e-03
8.140192949213087559e-04 1.471140189096331596e-03
5.204611807130277157e-04 1.602347008883953094e-03
1.000931020826101303e-03 1.334688276983797550e-03
6.179498159326612949e-04 1.569050597026944160e-03
6.637854967266321182e-04 1.487719709984958172e-03
9.377817623317241669e-04 1.371417893096804619e-03
5.309121333993971348e-04 1.602804637514054775e-03
7.560983067378401756e-04 1.319348812103271484e-03
5.328402039594948292e-04 1.346214557997882366e-03
3.963989729527384043e-04 1.345186261460185051e-03
4.052318108733743429e-04 1.307902624830603600e-03
3.354951913934201002e-04 1.308215665630996227e-03
3.552862617652863264e-04 1.297656330280005932e-03
3.258623764850199223e-04 1.315344241447746754e-03
4.242302966304123402e-04 1.315701054409146309e-03
3.383214934729039669e-04 1.335810404270887375e-03
3.969070385210216045e-04 1.302764168940484524e-03
3.399123961571604013e-04 1.302194898016750813e-03
3.641343791969120502e-04 1.461111474782228470e-03
6.883793976157903671e-04 1.323063974268734455e-03
4.227419558446854353e-04 1.425349968485534191e-03
6.301279645413160324e-04 1.322579802945256233e-03
4.634282959159463644e-04 1.454686862416565418e-03
5.042820121161639690e-04 1.314857043325901031e-03
4.304299654904752970e-04 1.348553108982741833e-03
4.361117316875606775e-04 1.299699884839355946e-03
3.354618384037166834e-04 1.339419977739453316e-03
4.284372262191027403e-04 1.341892289929091930e-03
3.933713014703243971e-04 1.299979630857706070e-03
3.838994016405194998e-04 1.318460563197731972e-03
3.579038020689040422e-04 1.319442875683307648e-03
3.358024114277213812e-04 1.310197520069777966e-03
4.260264104232192039e-04 1.389839337207376957e-03
5.848606815561652184e-04 1.339795649982988834e-03
4.157162620685994625e-04 1.307179685682058334e-03
3.634067252278327942e-04 1.378280925564467907e-03
4.762426542583853006e-04 1.305159297771751881e-03
3.610737039707601070e-04 1.328150858171284199e-03
3.737726656254380941e-04 1.314343884587287903e-03
3.471424279268831015e-04 1.334755332209169865e-03
3.513941774144768715e-04 1.308696810156106949e-03
3.257121425122022629e-04 1.307658152654767036e-03
3.345466393511742353e-04 1.307742553763091564e-03
3.225641848985105753e-04 1.313801971264183521e-03
3.600528871174901724e-04 1.303459983319044113e-03
4.681800492107868195e-04 1.502040773630142212e-03
8.845407865010201931e-04 1.424933900125324726e-03
4.862301866523921490e-04 1.443950692191720009e-03
9.016722324304282665e-04 1.725331298075616360e-03
1.033083419315516949e-03 1.370691577903926373e-03
4.397106822580099106e-04 1.374075422063469887e-03
6.025731563568115234e-04 1.445174217224121094e-03
5.276692681945860386e-04 1.311192754656076431e-03
4.353443800937384367e-04 1.373986946418881416e-03
5.484475404955446720e-04 1.352450228296220303e-03
3.862699959427118301e-04 1.353472354821860790e-03
6.853431113995611668e-04 1.571726053953170776e-03
8.361782529391348362e-04 1.311941538006067276e-03
4.687909386120736599e-04 1.566248945891857147e-03
7.577626383863389492e-04 1.337496447376906872e-03
4.246117023285478354e-04 1.462116604670882225e-03
6.475764093920588493e-04 1.320515526458621025e-03
6.568690878339111805e-04 1.749341143295168877e-03
1.056600944139063358e-03 1.425719005055725574e-03
5.241605103947222233e-04 1.575778354890644550e-03
1.008387887850403786e-03 1.441922504454851151e-03
5.063778953626751900e-04 1.485199434682726860e-03
7.845751242712140083e-04 1.354117644950747490e-03
4.310001386329531670e-04 1.385002979077398777e-03
5.439580418169498444e-04 1.317972782999277115e-03
3.626836696639657021e-04 1.318051829002797604e-03
3.494050470180809498e-04 1.308133709244430065e-03
3.399697598069906235e-04 1.374003244563937187e-03
5.381976370699703693e-04 1.330279512330889702e-03
4.018541949335485697e-04 1.444699475541710854e-03
7.291960064321756363e-04 1.318381517194211483e-03
4.364913329482078552e-04 1.432838500477373600e-03
5.733036086894571781e-04 1.315167988650500774e-03
3.788390604313462973e-04 1.316242036409676075e-03
3.517461591400206089e-04 1.377799548208713531e-03
6.134266732260584831e-04 1.337844762019813061e-03
4.082750529050827026e-04 1.356472726911306381e-03
4.524220712482929230e-04 1.305886893533170223e-03
3.402701404411345720e-04 1.304628211073577404e-03
3.312448970973491669e-04 1.321066985838115215e-03
3.697950742207467556e-04 1.315514207817614079e-03
4.410085675772279501e-04 1.377989421598613262e-03
3.958941961172968149e-04 1.317822257988154888e-03
4.033069126307964325e-04 1.310566905885934830e-03
3.467409114819020033e-04 1.316088601015508175e-03
3.571537672542035580e-04 1.310970867052674294e-03
3.846195759251713753e-04 1.331005943939089775e-03
4.321274755056947470e-04 1.310416613705456257e-03
5.572562804445624352e-04 1.667108503170311451e-03
1.033909036777913570e-03 1.448748749680817127e-03
4.930356517434120178e-04 1.326463068835437298e-03
5.360096110962331295e-04 1.314879860728979111e-03
3.582790959626436234e-04 1.387496246024966240e-03
5.290764383971691132e-04 1.315499539487063885e-03
4.057987534906715155e-04 1.493012066930532455e-03
7.761712186038494110e-04 1.309751416556537151e-03
4.021645581815391779e-04 1.466902089305222034e-03
7.971324375830590725e-04 1.367668621242046356e-03
4.042034561280161142e-04 1.325802179053425789e-03
5.186391645111143589e-04 1.455556252039968967e-03
7.668886682949960232e-04 1.456956262700259686e-03
6.386189488694071770e-04 1.313315588049590588e-03
3.652336308732628822e-04 1.347850426100194454e-03
5.059898830950260162e-04 1.332160201855003834e-03
3.816002863459289074e-04 1.397738582454621792e-03
6.109332898631691933e-04 1.337960595265030861e-03
3.596566093619912863e-04 1.302938791923224926e-03
3.318480157759040594e-04 1.304245437495410442e-03
