1.259118551388382912e-03 2.503607422113418579e-03
1.062530325725674629e-03 2.578114159405231476e-03
1.042766729369759560e-03 2.573156962171196938e-03
1.025837962515652180e-03 2.640567952767014503e-03
9.945328347384929657e-04 2.565607661381363869e-03
9.756670915521681309e-04 2.514409366995096207e-03
9.639719501137733459e-04 2.655916614457964897e-03
1.006594859063625336e-03 2.679608762264251709e-03
1.155149657279253006e-03 2.680252771824598312e-03
1.127097057178616524e-03 2.538125030696392059e-03
1.013710047118365765e-03 2.704265294596552849e-03
9.873332455754280090e-04 2.558981068432331085e-03
9.812288917601108551e-04 2.525420626625418663e-03
1.094176433980464935e-03 2.541217720136046410e-03
9.496329585090279579e-04 2.659994643181562424e-03
9.796175872907042503e-04 2.639411250129342079e-03
9.264214313589036465e-04 2.518660621717572212e-03
1.003828831017017365e-03 2.950356807559728622e-03
1.035769819281995296e-03 2.574335318058729172e-03
9.639924974180757999e-04 2.623792504891753197e-03
1.042540650814771652e-03 2.742239041253924370e-03
1.027967664413154125e-03 2.625241875648498535e-03
9.541361359879374504e-04 2.550941659137606621e-03
9.711150778457522392e-04 2.559542190283536911e-03
1.037844456732273102e-03 2.576565835624933243e-03
1.100806868635118008e-03 2.553727943450212479e-03
1.135302125476300716e-03 2.648595720529556274e-03
1.038668327964842319e-03 2.557140542194247246e-03
1.024070894345641136e-03 2.564043970778584480e-03
9.871217189356684685e-04 2.522333990782499313e-03
1.219920231960713863e-03 2.648360794410109520e-03
1.128145260736346245e-03 2.609519986435770988e-03
1.128406031057238579e-03 2.873480785638093948e-03
1.123894122429192066e-03 2.649564296007156372e-03
1.124609960243105888e-03 2.587004099041223526e-03
1.118753338232636452e-03 2.641847589984536171e-03
1.106174313463270664e-03 2.694249153137207031e-03
1.079732552170753479e-03 2.696018666028976440e-03
1.101116300560534000e-03 2.609734889119863510e-03
1.030780607834458351e-03 2.643792657181620598e-03
9.655713220126926899e-04 2.628114540129899979e-03
1.034100889228284359e-03 2.650034846737980843e-03
1.077178632840514183e-03 2.610436640679836273e-03
1.079543959349393845e-03 2.625545952469110489e-03
1.008099410682916641e-03 2.652589697390794754e-03
1.015541958622634411e-03 2.542985836043953896e-03
1.029762206599116325e-03 2.617477905005216599e-03
9.944057092070579529e-04 2.500430680811405182e-03
1.049111247994005680e-03 2.869061660021543503e-03
1.070616417564451694e-03 2.554155886173248291e-03
1.021546428091824055e-03 2.649456728249788284e-03
1.064341049641370773e-03 2.704504877328872681e-03
1.303424942307174206e-03 2.886802423745393753e-03
1.069604768417775631e-03 2.692502224817872047e-03
1.103920047171413898e-03 2.645623171702027321e-03
1.100816647522151470e-03 2.592739649116992950e-03
1.030003419145941734e-03 2.556905616074800491e-03
1.213060808368027210e-03 2.588916569948196411e-03
1.026727841235697269e-03 2.566880080848932266e-03
9.399614646099507809e-04 2.847797935828566551e-03
1.129234442487359047e-03 2.762432210147380829e-03
9.974262211471796036e-04 2.634601667523384094e-03
1.105043804273009300e-03 2.725275699049234390e-03
1.098035718314349651e-03 2.602441702038049698e-03
1.044730073772370815e-03 2.570394193753600121e-03
1.104334485717117786e-03 2.697361633181571960e-03
1.090610632672905922e-03 2.706008264794945717e-03
1.214543823152780533e-03 2.530324505642056465e-03
1.295857015065848827e-03 2.497300505638122559e-03
1.219048746861517429e-03 2.525356831029057503e-03
1.160129089839756489e-03 2.572873374447226524e-03
1.049898914061486721e-03 2.549948636442422867e-03
9.808437898755073547e-04 2.652461174875497818e-03
1.051486702635884285e-03 2.655589953064918518e-03
1.027858001179993153e-03 2.739932620897889137e-03
1.247859094291925430e-03 2.612593118101358414e-03
1.096870517358183861e-03 2.593487501144409180e-03
1.198992715217173100e-03 2.638724166899919510e-03
1.078283181414008141e-03 2.553717698901891708e-03
1.287269289605319500e-03 2.800150541588664055e-03
1.237816992215812206e-03 2.743582706898450851e-03
1.085659721866250038e-03 2.646845066919922829e-03
9.673946769908070564e-04 2.595464698970317841e-03
1.098038279451429844e-03 2.595715457573533058e-03
1.045436016283929348e-03 2.611692296341061592e-03
1.109736273065209389e-03 2.754753921180963516e-03
1.298152608796954155e-03 2.871750621125102043e-03
1.066011725924909115e-03 2.533368300646543503e-03
9.617073810659348965e-04 2.724803984165191650e-03
1.018634531646966934e-03 2.593857003375887871e-03
1.082983682863414288e-03 2.625317778438329697e-03
1.003091572783887386e-03 2.675656927749514580e-03
9.428743505850434303e-04 2.625873079523444176e-03
9.861412690952420235e-04 2.540302230045199394e-03
1.006433856673538685e-03 2.567180898040533066e-03
9.669983410276472569e-04 2.658502431586384773e-03
1.013360684737563133e-03 2.549137920141220093e-03
1.424757065251469612e-03 2.663805847987532616e-03
1.545209088362753391e-03 2.848667325451970100e-03
1.242951955646276474e-03 2.563713816925883293e-03
1.034155138768255711e-03 2.512195846065878868e-03
1.075344043783843517e-03 2.728746039792895317e-03
1.073800493031740189e-03 2.750732935965061188e-03
9.935325942933559418e-04 2.570271957665681839e-03
1.098808133974671364e-03 2.925876993685960770e-03
1.310940016992390156e-03 2.623407868668437004e-03
1.127457013353705406e-03 2.690454246476292610e-03
1.167399575933814049e-03 2.509596757590770721e-03
1.030802261084318161e-03 2.935301279649138451e-03
1.023002085275948048e-03 2.644486259669065475e-03
1.415432081557810307e-03 2.526350319385528564e-03
1.162121654488146305e-03 2.692910376936197281e-03
1.054180669598281384e-03 2.699725562706589699e-03
1.026456826366484165e-03 2.652992028743028641e-03
1.134024932980537415e-03 2.733384724706411362e-03
1.194817363284528255e-03 2.592506119981408119e-03
1.153670251369476318e-03 2.475806511938571930e-03
1.071236212737858295e-03 2.530524739995598793e-03
9.685964905656874180e-04 2.549804048612713814e-03
1.012567197903990746e-03 2.658559940755367279e-03
1.154185156337916851e-03 3.127207281067967415e-03
1.245690626092255116e-03 2.613172400742769241e-03
1.174133038148283958e-03 2.870466792955994606e-03
1.197022851556539536e-03 2.651266986504197121e-03
1.131403842009603977e-03 2.737069968134164810e-03
1.283556688576936722e-03 2.702806843444705009e-03
1.147315604612231255e-03 2.499259309843182564e-03
9.511284297332167625e-04 2.526869298890233040e-03
9.285868727602064610e-04 2.695601666346192360e-03
1.015684800222516060e-03 2.817041706293821335e-03
1.014723093248903751e-03 2.643862506374716759e-03
1.083673909306526184e-03 2.837088657543063164e-03
1.064383774064481258e-03 2.625624416396021843e-03
9.860901627689599991e-04 2.754663582891225815e-03
1.099607790820300579e-03 2.770390128716826439e-03
1.316607696935534477e-03 2.556858584284782410e-03
1.124316710047423840e-03 2.607001457363367081e-03
1.062880852259695530e-03 2.618299098685383797e-03
1.098079956136643887e-03 2.806242555379867554e-03
1.099200802855193615e-03 2.671850612387061119e-03
1.123980735428631306e-03 2.737191505730152130e-03
1.013213535770773888e-03 2.549449913203716278e-03
1.084478804841637611e-03 2.631195820868015289e-03
9.761779219843447208e-04 2.667734632268548012e-03
1.124964910559356213e-03 2.866408787667751312e-03
1.397147076204419136e-03 2.639797050505876541e-03
1.069607678800821304e-03 2.565328963100910187e-03
1.014790148474276066e-03 2.674122806638479233e-03
9.875380201265215874e-04 2.734719775617122650e-03
1.018854323774576187e-03 2.706156112253665924e-03
9.260889491997659206e-04 2.581012668088078499e-03
1.021255622617900372e-03 2.612787531688809395e-03
9.682607487775385380e-04 2.566930837929248810e-03
9.674243628978729248e-04 2.727745333686470985e-03
1.046058489009737968e-03 2.841590903699398041e-03
1.191500690765678883e-03 2.549406606703996658e-03
1.003355369903147221e-03 2.642234787344932556e-03
1.026880228891968727e-03 2.558658132329583168e-03
1.073400257155299187e-03 2.618204569444060326e-03
1.029716338962316513e-03 2.772828796878457069e-03
1.082210801541805267e-03 2.745654201135039330e-03
1.470482093282043934e-03 3.501468570902943611e-03
1.689999480731785297e-03 2.624853281304240227e-03
1.130459248088300228e-03 2.575516002252697945e-03
1.002727774903178215e-03 2.814403735101222992e-03
1.075795618817210197e-03 2.575400751084089279e-03
1.157920458354055882e-03 2.908563474193215370e-03
1.144946902059018612e-03 2.726716920733451843e-03
1.006085774861276150e-03 2.564606023952364922e-03
