9.072865359485149384e-03 9.813874959945678711e-03
6.952282506972551346e-03 7.709266152232885361e-03
5.888333078473806381e-03 6.189743522554636002e-03
5.149629432708024979e-03 5.657091271132230759e-03
4.804419819265604019e-03 5.926599260419607162e-03
4.709797911345958710e-03 7.008929271250963211e-03
4.784818738698959351e-03 5.722402594983577728e-03
4.304049536585807800e-03 6.409743800759315491e-03
4.304870031774044037e-03 5.674263928085565567e-03
4.054332617670297623e-03 7.005175575613975525e-03
4.316466394811868668e-03 5.519046913832426071e-03
3.510387614369392395e-03 5.559126846492290497e-03
3.635881934314966202e-03 7.008924614638090134e-03
4.078028257936239243e-03 6.646371912211179733e-03
3.858431940898299217e-03 6.047714967280626297e-03
3.815385047346353531e-03 5.838207434862852097e-03
3.265829989686608315e-03 6.017692852765321732e-03
3.536600153893232346e-03 6.283150520175695419e-03
3.235244657844305038e-03 5.569408647716045380e-03
3.089427016675472260e-03 5.620132666081190109e-03
3.728715935721993446e-03 5.435920320451259613e-03
2.904821652919054031e-03 6.130622699856758118e-03
3.207957604900002480e-03 5.616137757897377014e-03
3.439437830820679665e-03 5.547805689275264740e-03
2.867054659873247147e-03 5.802729167044162750e-03
2.742184558883309364e-03 5.541798193007707596e-03
2.577248262241482735e-03 5.524681881070137024e-03
2.588881878182291985e-03 5.675348453223705292e-03
2.698554424569010735e-03 5.543995182961225510e-03
2.655605319887399673e-03 5.806566216051578522e-03
3.168522845953702927e-03 7.021108642220497131e-03
2.797245746478438377e-03 5.870865192264318466e-03
2.738970099017024040e-03 5.786702036857604980e-03
2.693374641239643097e-03 6.444616243243217468e-03
2.777116373181343079e-03 5.565016064792871475e-03
2.725538564845919609e-03 5.390295293182134628e-03
2.334468532353639603e-03 5.525417160242795944e-03
2.406841842457652092e-03 6.043612025678157806e-03
2.682795748114585876e-03 6.056155078113079071e-03
2.437935210764408112e-03 5.414959043264389038e-03
2.882223343476653099e-03 5.573482718318700790e-03
2.724955789744853973e-03 5.427161231637001038e-03
3.427747869864106178e-03 6.087204441428184509e-03
2.485795412212610245e-03 5.760091356933116913e-03
2.574812388047575951e-03 5.433286074548959732e-03
2.389894099906086922e-03 6.530648563057184219e-03
3.031073370948433876e-03 6.994443945586681366e-03
2.732346532866358757e-03 5.760452244430780411e-03
2.372978255152702332e-03 5.609821062535047531e-03
2.931543625891208649e-03 5.557771772146224976e-03
2.285446738824248314e-03 5.558147560805082321e-03
2.123040612787008286e-03 5.799435079097747803e-03
2.093139570206403732e-03 5.530948750674724579e-03
2.130202017724514008e-03 5.149013362824916840e-03
1.936279935762286186e-03 5.309061147272586823e-03
2.030842471867799759e-03 5.786860827356576920e-03
2.386795589700341225e-03 5.447552539408206940e-03
2.808032091706991196e-03 6.563098635524511337e-03
3.099362365901470184e-03 5.708118900656700134e-03
2.279131906107068062e-03 5.490112118422985077e-03
2.318897517397999763e-03 5.317637231200933456e-03
2.383133396506309509e-03 5.435579456388950348e-03
2.475714776664972305e-03 6.097334902733564377e-03
2.796896966174244881e-03 5.258311517536640167e-03
2.529399469494819641e-03 5.458859261125326157e-03
1.985145267099142075e-03 5.123814102262258530e-03
1.882812706753611565e-03 5.306348204612731934e-03
2.339869271963834763e-03 5.274017341434955597e-03
1.917300513014197350e-03 5.346509627997875214e-03
1.731026219204068184e-03 5.557088647037744522e-03
1.961629372090101242e-03 5.353349260985851288e-03
2.079603727906942368e-03 5.332090891897678375e-03
2.092826180160045624e-03 5.253083072602748871e-03
1.889354782178997993e-03 5.399672780185937881e-03
2.011165721341967583e-03 5.405010189861059189e-03
2.092454349622130394e-03 5.439306143671274185e-03
1.809391309507191181e-03 5.224470514804124832e-03
1.841595163568854332e-03 5.474967416375875473e-03
1.752542215399444103e-03 5.298548378050327301e-03
1.992672448977828026e-03 5.832960829138755798e-03
2.116224961355328560e-03 5.146835930645465851e-03
2.125427126884460449e-03 5.421860609203577042e-03
2.151669003069400787e-03 6.964292377233505249e-03
3.094566054642200470e-03 5.512381903827190399e-03
2.554456470534205437e-03 5.064469762146472931e-03
2.063452964648604393e-03 5.379857029765844345e-03
1.919663744047284126e-03 5.135797895491123199e-03
2.029133029282093048e-03 5.116105079650878906e-03
1.694108126685023308e-03 5.209111608564853668e-03
1.790441107004880905e-03 5.381877999752759933e-03
1.787724904716014862e-03 5.548337008804082870e-03
1.861646422185003757e-03 5.333485547453165054e-03
1.756031531840562820e-03 5.292470101267099380e-03
2.256510779261589050e-03 6.940358318388462067e-03
1.967493677511811256e-03 5.026515573263168335e-03
2.115632407367229462e-03 5.700139794498682022e-03
2.310445299372076988e-03 5.079284310340881348e-03
2.084669191390275955e-03 5.194728262722492218e-03
1.665255636908113956e-03 5.425854586064815521e-03
1.933647436089813709e-03 5.300005897879600525e-03
2.835272811353206635e-03 5.604926962405443192e-03
2.057214267551898956e-03 5.183473229408264160e-03
1.935711130499839783e-03 5.311959888786077499e-03
1.640606671571731567e-03 7.108674850314855576e-03
2.672698814421892166e-03 5.544581916183233261e-03
2.468364313244819641e-03 5.257671698927879333e-03
1.765888067893683910e-03 5.154860205948352814e-03
1.695884624496102333e-03 5.257323384284973145e-03
1.669511548243463039e-03 5.353990476578474045e-03
2.198908943682909012e-03 5.806498229503631592e-03
1.634347019717097282e-03 5.471017677336931229e-03
2.430486492812633514e-03 5.270190536975860596e-03
2.598661929368972778e-03 5.310372449457645416e-03
2.221778035163879395e-03 5.324561148881912231e-03
2.198885660618543625e-03 5.443925037980079651e-03
1.974419690668582916e-03 5.271162837743759155e-03
1.615478307940065861e-03 5.082811228930950165e-03
1.717466744594275951e-03 5.455764010548591614e-03
1.911686267703771591e-03 5.537706427276134491e-03
2.122038044035434723e-03 5.179231055080890656e-03
1.740495441481471062e-03 5.157504230737686157e-03
1.693508238531649113e-03 5.238926503807306290e-03
1.420589978806674480e-03 5.592321045696735382e-03
1.686585485003888607e-03 5.078386049717664719e-03
1.754136872477829456e-03 5.490136332809925079e-03
1.670050318352878094e-03 5.059591494500637054e-03
1.628276775591075420e-03 5.582541227340698242e-03
1.930496189743280411e-03 5.296290852129459381e-03
1.978431828320026398e-03 6.239381618797779083e-03
2.608338138088583946e-03 5.756128113716840744e-03
2.071903320029377937e-03 5.423004273325204849e-03
1.763827749527990818e-03 5.548693705350160599e-03
1.789648435078561306e-03 5.532138049602508545e-03
1.635686261579394341e-03 5.160737317055463791e-03
1.264896709471940994e-03 5.076103378087282181e-03
1.298267394304275513e-03 5.336686037480831146e-03
1.609537750482559204e-03 5.946164950728416443e-03
2.338589634746313095e-03 5.905504804104566574e-03
2.598980907350778580e-03 5.205333232879638672e-03
1.870519365184009075e-03 5.449332296848297119e-03
2.085748128592967987e-03 5.600823089480400085e-03
1.796499942429363728e-03 5.539015866816043854e-03
2.519996371120214462e-03 5.400893744081258774e-03
1.985169248655438423e-03 5.510789342224597931e-03
1.948459423147141933e-03 5.271319299936294556e-03
1.566236023791134357e-03 5.060412455350160599e-03
1.309910207055509090e-03 5.208055023103952408e-03
1.424663583748042583e-03 5.128276068717241287e-03
1.516544260084629059e-03 5.302973557263612747e-03
1.759586506523191929e-03 5.641433876007795334e-03
2.330600516870617867e-03 5.316767841577529907e-03
2.257228828966617584e-03 5.484362598508596420e-03
1.787982881069183350e-03 5.074540153145790100e-03
1.435850048437714577e-03 5.036535207182168961e-03
1.423509442247450352e-03 5.125199444591999054e-03
1.335872570052742958e-03 5.289835855364799500e-03
1.489014597609639168e-03 5.182698369026184082e-03
1.850104192271828651e-03 5.169674754142761230e-03
1.787285553291440010e-03 5.692793056368827820e-03
1.878118375316262245e-03 5.077084526419639587e-03
1.544579048641026020e-03 5.130678880959749222e-03
2.067792462185025215e-03 5.188120994716882706e-03
1.783123821951448917e-03 5.223130341619253159e-03
1.886137644760310650e-03 5.455247126519680023e-03
2.248540520668029785e-03 4.965429194271564484e-03
1.645342563278973103e-03 5.089547485113143921e-03
