3.645395812988281250e+02 3.627229919433593750e+02
3.642408142089843750e+02 3.647674865722656250e+02
1.764395599365234375e+02 1.770652313232421875e+02
1.825554046630859375e+02 1.838046264648437500e+02
2.467087860107421875e+02 2.467672576904296875e+02
2.327551116943359375e+02 2.328765869140625000e+02
1.506475677490234375e+02 1.497958984375000000e+02
2.678855895996093750e+02 2.663337402343750000e+02
2.568591918945312500e+02 2.542287445068359375e+02
2.050494537353515625e+02 2.038251495361328125e+02
1.585853881835937500e+02 1.599003448486328125e+02
4.189458312988281250e+02 4.204847412109375000e+02
2.122478027343750000e+02 2.138831176757812500e+02
3.582427673339843750e+02 3.593572082519531250e+02
3.593347167968750000e+02 3.602647705078125000e+02
1.574532928466796875e+02 1.566827697753906250e+02
3.476441650390625000e+02 3.475702819824218750e+02
2.202837066650390625e+02 2.204711151123046875e+02
2.161405639648437500e+02 2.155691223144531250e+02
2.304214477539062500e+02 2.321415710449218750e+02
1.875835113525390625e+02 1.863698730468750000e+02
3.657479553222656250e+02 3.635455017089843750e+02
1.781559753417968750e+02 1.787302093505859375e+02
1.850085449218750000e+02 1.875982360839843750e+02
2.665760803222656250e+02 2.640798339843750000e+02
3.671684265136718750e+02 3.654740905761718750e+02
3.349220886230468750e+02 3.370294189453125000e+02
3.853265380859375000e+02 3.842948303222656250e+02
3.678549194335937500e+02 3.660208740234375000e+02
2.385435333251953125e+02 2.380688629150390625e+02
3.511200561523437500e+02 3.537104187011718750e+02
1.418047332763671875e+02 1.392241210937500000e+02
3.318615112304687500e+02 3.322478027343750000e+02
2.219102172851562500e+02 2.233312225341796875e+02
3.787092895507812500e+02 3.792738037109375000e+02
3.587319335937500000e+02 3.539669799804687500e+02
4.269519958496093750e+02 4.266597900390625000e+02
4.102942199707031250e+02 4.071826171875000000e+02
2.388700714111328125e+02 2.388870697021484375e+02
3.317466430664062500e+02 3.305104675292968750e+02
1.736035003662109375e+02 1.738134460449218750e+02
1.747950286865234375e+02 1.700254821777343750e+02
2.450021057128906250e+02 2.429049835205078125e+02
2.385713958740234375e+02 2.386106262207031250e+02
1.608681335449218750e+02 1.610844573974609375e+02
3.470742187500000000e+02 3.455285949707031250e+02
1.405454101562500000e+02 1.399552154541015625e+02
1.938446044921875000e+02 1.941771850585937500e+02
2.702633056640625000e+02 2.712432861328125000e+02
1.976138763427734375e+02 1.969655761718750000e+02
3.612648925781250000e+02 3.605598754882812500e+02
4.054632263183593750e+02 4.062588195800781250e+02
3.460769042968750000e+02 3.472016906738281250e+02
3.475321044921875000e+02 3.482677917480468750e+02
3.319671630859375000e+02 3.285726928710937500e+02
1.563057250976562500e+02 1.566011199951171875e+02
1.608813018798828125e+02 1.623892364501953125e+02
2.053928527832031250e+02 2.057366333007812500e+02
2.576996459960937500e+02 2.572748718261718750e+02
1.718514709472656250e+02 1.717444000244140625e+02
2.510689239501953125e+02 2.520744781494140625e+02
1.471753082275390625e+02 1.482086486816406250e+02
2.275307922363281250e+02 2.232843017578125000e+02
4.179215087890625000e+02 4.173477783203125000e+02
1.843008270263671875e+02 1.845061187744140625e+02
2.661754455566406250e+02 2.647930908203125000e+02
3.311951293945312500e+02 3.326984558105468750e+02
2.609972229003906250e+02 2.617451171875000000e+02
1.594566955566406250e+02 1.606175689697265625e+02
3.350376586914062500e+02 3.342059020996093750e+02
1.400066986083984375e+02 1.420472564697265625e+02
3.613834838867187500e+02 3.609150390625000000e+02
2.369184722900390625e+02 2.338588256835937500e+02
1.854746856689453125e+02 1.872238616943359375e+02
2.276797790527343750e+02 2.261103057861328125e+02
3.574060058593750000e+02 3.547429504394531250e+02
3.486123657226562500e+02 3.467304382324218750e+02
2.671184387207031250e+02 2.698104553222656250e+02
2.237929687500000000e+02 2.253947448730468750e+02
1.759182281494140625e+02 1.764725189208984375e+02
3.969196777343750000e+02 3.986450500488281250e+02
1.988951721191406250e+02 1.996251983642578125e+02
2.486470947265625000e+02 2.505257415771484375e+02
2.607333068847656250e+02 2.605394287109375000e+02
2.258191986083984375e+02 2.293565826416015625e+02
3.515094299316406250e+02 3.523677673339843750e+02
1.696996765136718750e+02 1.714901428222656250e+02
2.415963287353515625e+02 2.390184478759765625e+02
3.577852172851562500e+02 3.564427185058593750e+02
1.521508026123046875e+02 1.555889739990234375e+02
2.260359954833984375e+02 2.232540893554687500e+02
3.630872802734375000e+02 3.616807861328125000e+02
2.900325012207031250e+02 2.899833679199218750e+02
3.702095031738281250e+02 3.715363464355468750e+02
3.488323059082031250e+02 3.475619201660156250e+02
3.460463562011718750e+02 3.464225463867187500e+02
2.518173522949218750e+02 2.528918151855468750e+02
3.588071899414062500e+02 3.558943786621093750e+02
4.339112243652343750e+02 4.343882751464843750e+02
3.466656799316406250e+02 3.453089599609375000e+02
2.767607421875000000e+02 2.750435485839843750e+02
3.315738830566406250e+02 3.289148559570312500e+02
3.574431152343750000e+02 3.566919250488281250e+02
1.880449829101562500e+02 1.851150512695312500e+02
4.047626037597656250e+02 4.008433532714843750e+02
3.932586059570312500e+02 3.937994079589843750e+02
1.880480346679687500e+02 1.867460479736328125e+02
3.903134765625000000e+02 3.869739379882812500e+02
1.354248809814453125e+02 1.342932128906250000e+02
3.325206909179687500e+02 3.307997436523437500e+02
2.256239318847656250e+02 2.226146697998046875e+02
3.791546020507812500e+02 3.767712707519531250e+02
2.521123352050781250e+02 2.524225463867187500e+02
1.666369628906250000e+02 1.645990753173828125e+02
1.913598937988281250e+02 1.910809326171875000e+02
2.392886199951171875e+02 2.403437194824218750e+02
1.709274749755859375e+02 1.685669708251953125e+02
2.109862060546875000e+02 2.093685760498046875e+02
2.385928649902343750e+02 2.387730255126953125e+02
1.748324737548828125e+02 1.735378417968750000e+02
1.819406890869140625e+02 1.834825286865234375e+02
2.271633300781250000e+02 2.285006408691406250e+02
2.890476379394531250e+02 2.884748840332031250e+02
2.601148376464843750e+02 2.589648742675781250e+02
1.759145202636718750e+02 1.765993041992187500e+02
2.458592681884765625e+02 2.461913452148437500e+02
3.586542358398437500e+02 3.593366699218750000e+02
3.457388610839843750e+02 3.431801147460937500e+02
1.758229980468750000e+02 1.741575012207031250e+02
4.259371643066406250e+02 4.250572814941406250e+02
3.460403137207031250e+02 3.449768371582031250e+02
2.258925323486328125e+02 2.262384338378906250e+02
2.542188415527343750e+02 2.515735015869140625e+02
3.082249755859375000e+02 3.062832336425781250e+02
1.590178070068359375e+02 1.581625976562500000e+02
1.966812438964843750e+02 1.954635620117187500e+02
1.932092742919921875e+02 1.906234741210937500e+02
3.647301025390625000e+02 3.669851379394531250e+02
3.473723754882812500e+02 3.458205871582031250e+02
1.507194366455078125e+02 1.501620483398437500e+02
1.787027587890625000e+02 1.782289733886718750e+02
3.786443786621093750e+02 3.788514404296875000e+02
1.730191345214843750e+02 1.701694641113281250e+02
3.645515441894531250e+02 3.623413391113281250e+02
2.161765594482421875e+02 2.154631805419921875e+02
1.871796112060546875e+02 1.856254272460937500e+02
3.775074157714843750e+02 3.751119384765625000e+02
1.980614318847656250e+02 1.985197448730468750e+02
1.576934204101562500e+02 1.592389984130859375e+02
4.148604125976562500e+02 4.150269165039062500e+02
2.202376861572265625e+02 2.190227508544921875e+02
1.848601684570312500e+02 1.856732635498046875e+02
1.827281036376953125e+02 1.821337738037109375e+02
1.797407989501953125e+02 1.780912475585937500e+02
1.478963317871093750e+02 1.451224365234375000e+02
3.348319396972656250e+02 3.337392272949218750e+02
2.444488983154296875e+02 2.421935272216796875e+02
3.465696716308593750e+02 3.479671936035156250e+02
3.319403991699218750e+02 3.321276855468750000e+02
1.606677093505859375e+02 1.600498809814453125e+02
2.483057403564453125e+02 2.466002349853515625e+02
1.792611999511718750e+02 1.754502716064453125e+02
1.486592407226562500e+02 1.474448089599609375e+02
3.318592224121093750e+02 3.319654541015625000e+02
1.911641235351562500e+02 1.911935729980468750e+02
2.727770385742187500e+02 2.740411987304687500e+02
3.099185485839843750e+02 3.093643798828125000e+02
1.677897186279296875e+02 1.677556762695312500e+02
3.631747741699218750e+02 3.622637634277343750e+02
3.649732055664062500e+02 3.636288757324218750e+02
3.481032714843750000e+02 3.487860412597656250e+02
2.467169799804687500e+02 2.459419708251953125e+02
2.217805633544921875e+02 2.229095153808593750e+02
3.691936340332031250e+02 3.710961303710937500e+02
2.252590179443359375e+02 2.227815551757812500e+02
2.564865722656250000e+02 2.586207580566406250e+02
3.646161804199218750e+02 3.622725219726562500e+02
1.603005981445312500e+02 1.601745452880859375e+02
3.471150207519531250e+02 3.462962036132812500e+02
1.287212982177734375e+02 1.274154357910156250e+02
4.226066894531250000e+02 4.233736877441406250e+02
2.368175964355468750e+02 2.378259277343750000e+02
3.307525634765625000e+02 3.323586730957031250e+02
3.792132873535156250e+02 3.789151000976562500e+02
2.367287292480468750e+02 2.349873657226562500e+02
2.339742431640625000e+02 2.381809692382812500e+02
1.701140594482421875e+02 1.713354034423828125e+02
1.571160278320312500e+02 1.549933929443359375e+02
3.318439025878906250e+02 3.302880249023437500e+02
3.586718750000000000e+02 3.564763183593750000e+02
1.660326690673828125e+02 1.649525756835937500e+02
3.616356506347656250e+02 3.605126647949218750e+02
1.851289062500000000e+02 1.851301116943359375e+02
1.985281219482421875e+02 1.986984100341796875e+02
3.478707580566406250e+02 3.471230773925781250e+02
2.341010894775390625e+02 2.293036804199218750e+02
1.809803924560546875e+02 1.803621978759765625e+02
1.269821395874023438e+02 1.301073913574218750e+02
2.636825561523437500e+02 2.620368652343750000e+02
3.477925109863281250e+02 3.467372436523437500e+02
4.403881530761718750e+02 4.405181884765625000e+02
3.580227355957031250e+02 3.572894287109375000e+02
3.319253540039062500e+02 3.313730773925781250e+02
2.260318756103515625e+02 2.275549163818359375e+02
1.592779388427734375e+02 1.590936126708984375e+02
1.659890289306640625e+02 1.642988891601562500e+02
4.054783325195312500e+02 4.046072998046875000e+02
3.346200256347656250e+02 3.338223876953125000e+02
2.108228302001953125e+02 2.127737274169921875e+02
3.809225769042968750e+02 3.792138977050781250e+02
2.040921478271484375e+02 2.045100860595703125e+02
1.654663391113281250e+02 1.644308319091796875e+02
1.735229339599609375e+02 1.754581451416015625e+02
2.436764221191406250e+02 2.458730926513671875e+02
3.844987792968750000e+02 3.833260498046875000e+02
3.321192321777343750e+02 3.314521179199218750e+02
1.936899414062500000e+02 1.921138000488281250e+02
2.461629638671875000e+02 2.440523529052734375e+02
1.623907012939453125e+02 1.617884368896484375e+02
1.724124603271484375e+02 1.700105133056640625e+02
3.695845031738281250e+02 3.715972595214843750e+02
2.451292266845703125e+02 2.441039276123046875e+02
1.875768127441406250e+02 1.904260559082031250e+02
2.323232421875000000e+02 2.319772491455078125e+02
1.929853820800781250e+02 1.943618774414062500e+02
1.821238861083984375e+02 1.840563049316406250e+02
1.974895477294921875e+02 1.981401977539062500e+02
1.287258148193359375e+02 1.255947952270507812e+02
3.630462341308593750e+02 3.630161132812500000e+02
1.836846466064453125e+02 1.818859558105468750e+02
3.766815795898437500e+02 3.772360534667968750e+02
1.610741577148437500e+02 1.596386413574218750e+02
1.697830810546875000e+02 1.677617340087890625e+02
1.910449066162109375e+02 1.886408386230468750e+02
4.464592895507812500e+02 4.477678833007812500e+02
3.586621093750000000e+02 3.593848266601562500e+02
1.559922790527343750e+02 1.561800079345703125e+02
1.714098205566406250e+02 1.737297973632812500e+02
3.643838806152343750e+02 3.641287231445312500e+02
1.798449707031250000e+02 1.804753723144531250e+02
2.616561889648437500e+02 2.609689941406250000e+02
2.367409820556640625e+02 2.358013610839843750e+02
1.935397949218750000e+02 1.942291107177734375e+02
3.358723754882812500e+02 3.374285583496093750e+02
2.368789978027343750e+02 2.362117156982421875e+02
1.830291137695312500e+02 1.836754760742187500e+02
2.010460205078125000e+02 2.026154174804687500e+02
2.130003051757812500e+02 2.118778076171875000e+02
2.342308502197265625e+02 2.335058441162109375e+02
1.798309020996093750e+02 1.779364624023437500e+02
2.714995422363281250e+02 2.704486694335937500e+02
1.392259826660156250e+02 1.405436401367187500e+02
4.033690490722656250e+02 4.060380554199218750e+02
2.808607482910156250e+02 2.794574890136718750e+02
2.367137298583984375e+02 2.359300384521484375e+02
3.796025085449218750e+02 3.804872436523437500e+02
2.091070098876953125e+02 2.076013183593750000e+02
2.257066345214843750e+02 2.201189880371093750e+02
2.610827026367187500e+02 2.600858764648437500e+02
3.577079772949218750e+02 3.561494140625000000e+02
3.897517700195312500e+02 3.896065063476562500e+02
3.485656738281250000e+02 3.477673950195312500e+02
3.306851501464843750e+02 3.314868469238281250e+02
2.332965850830078125e+02 2.342351989746093750e+02
1.491371917724609375e+02 1.450998229980468750e+02
2.536702728271484375e+02 2.529003601074218750e+02
2.913442993164062500e+02 2.910127868652343750e+02
1.757550354003906250e+02 1.745774383544921875e+02
2.147680816650390625e+02 2.135005035400390625e+02
1.672802429199218750e+02 1.666869964599609375e+02
2.038202209472656250e+02 2.041540222167968750e+02
2.256989593505859375e+02 2.225885620117187500e+02
2.078609619140625000e+02 2.075482177734375000e+02
2.258782958984375000e+02 2.271868133544921875e+02
3.490642700195312500e+02 3.478106384277343750e+02
2.405519409179687500e+02 2.415795288085937500e+02
3.443283691406250000e+02 3.460477905273437500e+02
1.546180267333984375e+02 1.546256103515625000e+02
2.607949829101562500e+02 2.604529418945312500e+02
1.768855285644531250e+02 1.758858947753906250e+02
4.204553222656250000e+02 4.196958007812500000e+02
3.347741394042968750e+02 3.324842224121093750e+02
3.784288635253906250e+02 3.816089477539062500e+02
3.590992736816406250e+02 3.551007995605468750e+02
3.706457824707031250e+02 3.692465515136718750e+02
1.707893829345703125e+02 1.713527679443359375e+02
3.321273193359375000e+02 3.310149536132812500e+02
1.734597015380859375e+02 1.755894012451171875e+02
2.473428344726562500e+02 2.459639587402343750e+02
3.456840515136718750e+02 3.442704772949218750e+02
3.931556091308593750e+02 3.935104064941406250e+02
3.641383666992187500e+02 3.618025207519531250e+02
3.486609802246093750e+02 3.478908386230468750e+02
1.762997131347656250e+02 1.761353607177734375e+02
3.459749755859375000e+02 3.449825744628906250e+02
2.372551574707031250e+02 2.349463043212890625e+02
2.342699127197265625e+02 2.350513610839843750e+02
3.792548828125000000e+02 3.807459106445312500e+02
3.648014831542968750e+02 3.642878723144531250e+02
3.456765136718750000e+02 3.450844726562500000e+02
1.927225799560546875e+02 1.913980865478515625e+02
3.320554504394531250e+02 3.300896606445312500e+02
2.366074676513671875e+02 2.345443572998046875e+02
2.565071411132812500e+02 2.548008575439453125e+02
1.589249114990234375e+02 1.572131500244140625e+02
1.649156188964843750e+02 1.665600280761718750e+02
2.297946777343750000e+02 2.304936676025390625e+02
3.305176086425781250e+02 3.297207641601562500e+02
2.392686614990234375e+02 2.396646118164062500e+02
3.768744506835937500e+02 3.750243835449218750e+02
1.452557525634765625e+02 1.432489929199218750e+02
3.724507141113281250e+02 3.719554138183593750e+02
3.822973022460937500e+02 3.828673400878906250e+02
3.685831909179687500e+02 3.677639465332031250e+02
2.049696655273437500e+02 2.056778259277343750e+02
4.165338439941406250e+02 4.158228454589843750e+02
2.258078460693359375e+02 2.264455413818359375e+02
3.576187438964843750e+02 3.562376708984375000e+02
3.493133544921875000e+02 3.475167541503906250e+02
2.104651794433593750e+02 2.077307586669921875e+02
1.467922515869140625e+02 1.470096588134765625e+02
1.797442932128906250e+02 1.785120239257812500e+02
2.250483398437500000e+02 2.232513275146484375e+02
3.842597351074218750e+02 3.814980163574218750e+02
2.876075744628906250e+02 2.849566955566406250e+02
1.830785217285156250e+02 1.819675598144531250e+02
2.392183837890625000e+02 2.388720092773437500e+02
1.660020446777343750e+02 1.632534332275390625e+02
2.313862152099609375e+02 2.310559997558593750e+02
3.320682067871093750e+02 3.305842285156250000e+02
3.910035400390625000e+02 3.886801147460937500e+02
1.974455718994140625e+02 1.956459655761718750e+02
3.482728271484375000e+02 3.485140686035156250e+02
3.461542358398437500e+02 3.452991333007812500e+02
3.091498107910156250e+02 3.082734069824218750e+02
1.811835937500000000e+02 1.783052978515625000e+02
1.794537048339843750e+02 1.801954498291015625e+02
3.850911254882812500e+02 3.843583374023437500e+02
1.986795349121093750e+02 1.986201629638671875e+02
3.819980773925781250e+02 3.820342407226562500e+02
1.794615020751953125e+02 1.782253570556640625e+02
2.444566497802734375e+02 2.429866943359375000e+02
1.760684051513671875e+02 1.767878570556640625e+02
1.477499847412109375e+02 1.473915100097656250e+02
3.318760375976562500e+02 3.304395141601562500e+02
2.761697387695312500e+02 2.746986389160156250e+02
3.631288757324218750e+02 3.604964599609375000e+02
1.963728332519531250e+02 1.974651031494140625e+02
3.689685974121093750e+02 3.706821594238281250e+02
1.830745544433593750e+02 1.813007812500000000e+02
1.824581298828125000e+02 1.824143676757812500e+02
1.630450897216796875e+02 1.610507965087890625e+02
3.646112976074218750e+02 3.649068908691406250e+02
1.795304260253906250e+02 1.792257385253906250e+02
6.070697021484375000e+02 6.064974975585937500e+02
2.366997222900390625e+02 2.387517547607421875e+02
2.494606323242187500e+02 2.502911987304687500e+02
2.309092559814453125e+02 2.278217773437500000e+02
2.646159057617187500e+02 2.636539916992187500e+02
2.963787536621093750e+02 2.963382568359375000e+02
3.455879211425781250e+02 3.453217773437500000e+02
1.889738464355468750e+02 1.893636322021484375e+02
4.947844238281250000e+02 4.960596008300781250e+02
2.261383056640625000e+02 2.261328582763671875e+02
1.603864898681640625e+02 1.616391601562500000e+02
1.509671020507812500e+02 1.478859405517578125e+02
2.346637725830078125e+02 2.324361267089843750e+02
3.672985229492187500e+02 3.681464843750000000e+02
3.474875793457031250e+02 3.469303894042968750e+02
2.027653656005859375e+02 2.010482635498046875e+02
1.531046447753906250e+02 1.532275085449218750e+02
2.384091491699218750e+02 2.383246612548828125e+02
3.671297607421875000e+02 3.663630371093750000e+02
3.713172302246093750e+02 3.681699218750000000e+02
2.385662536621093750e+02 2.374835510253906250e+02
1.763610076904296875e+02 1.765989227294921875e+02
3.656911010742187500e+02 3.645798339843750000e+02
2.021272277832031250e+02 2.008681640625000000e+02
3.523632507324218750e+02 3.538058166503906250e+02
3.709717712402343750e+02 3.723202514648437500e+02
2.077726440429687500e+02 2.056531219482421875e+02
3.646915588378906250e+02 3.656289672851562500e+02
2.346534423828125000e+02 2.356924133300781250e+02
3.665260314941406250e+02 3.659976501464843750e+02
2.514438018798828125e+02 2.506475677490234375e+02
2.443175659179687500e+02 2.429159088134765625e+02
1.831359558105468750e+02 1.841708831787109375e+02
3.593374023437500000e+02 3.578822326660156250e+02
1.950811462402343750e+02 1.943447418212890625e+02
3.475356445312500000e+02 3.469448852539062500e+02
2.261368103027343750e+02 2.259111480712890625e+02
2.971290283203125000e+02 2.949302978515625000e+02
2.482475280761718750e+02 2.490772094726562500e+02
1.481815490722656250e+02 1.471580810546875000e+02
3.577211303710937500e+02 3.531009826660156250e+02
3.295386657714843750e+02 3.286057739257812500e+02
2.952559814453125000e+02 2.947894287109375000e+02
3.588950805664062500e+02 3.564576110839843750e+02
3.833781127929687500e+02 3.844177246093750000e+02
3.616547241210937500e+02 3.613839111328125000e+02
1.540685577392578125e+02 1.506660919189453125e+02
3.576854248046875000e+02 3.578886108398437500e+02
1.907988128662109375e+02 1.918573150634765625e+02
1.746047058105468750e+02 1.757200469970703125e+02
3.899209289550781250e+02 3.898869018554687500e+02
2.623431091308593750e+02 2.621292419433593750e+02
2.603475646972656250e+02 2.605480041503906250e+02
2.442140350341796875e+02 2.467496337890625000e+02
3.579438781738281250e+02 3.554485778808593750e+02
1.674165039062500000e+02 1.676139984130859375e+02
1.995153503417968750e+02 2.006064758300781250e+02
3.346353454589843750e+02 3.355057983398437500e+02
1.782304077148437500e+02 1.794969635009765625e+02
2.310563659667968750e+02 2.288145446777343750e+02
2.274182586669921875e+02 2.271401672363281250e+02
3.627444763183593750e+02 3.612897033691406250e+02
4.120075378417968750e+02 4.104671630859375000e+02
1.743040161132812500e+02 1.738036499023437500e+02
3.663731994628906250e+02 3.650449218750000000e+02
2.384816589355468750e+02 2.363395538330078125e+02
3.571707763671875000e+02 3.572431945800781250e+02
2.478146667480468750e+02 2.464351348876953125e+02
2.518466949462890625e+02 2.507901458740234375e+02
2.517510070800781250e+02 2.534539031982421875e+02
1.626395568847656250e+02 1.601448211669921875e+02
1.785717010498046875e+02 1.806490936279296875e+02
3.593867187500000000e+02 3.590944519042968750e+02
2.878262634277343750e+02 2.883364868164062500e+02
3.321972961425781250e+02 3.323522949218750000e+02
1.506629943847656250e+02 1.494459381103515625e+02
1.894348754882812500e+02 1.878123779296875000e+02
2.161936340332031250e+02 2.161247711181640625e+02
1.982390899658203125e+02 1.977538909912109375e+02
2.460042114257812500e+02 2.465261383056640625e+02
2.345159606933593750e+02 2.362493896484375000e+02
3.641134948730468750e+02 3.633135375976562500e+02
3.328277587890625000e+02 3.331465454101562500e+02
4.122006835937500000e+02 4.130278930664062500e+02
2.127373352050781250e+02 2.088844451904296875e+02
2.462239990234375000e+02 2.493393249511718750e+02
1.982182769775390625e+02 1.993426513671875000e+02
3.711900024414062500e+02 3.694131774902343750e+02
2.542532348632812500e+02 2.539902343750000000e+02
3.583297729492187500e+02 3.572958068847656250e+02
2.925176696777343750e+02 2.917882385253906250e+02
3.323522338867187500e+02 3.326691589355468750e+02
1.535656280517578125e+02 1.542265014648437500e+02
3.702628784179687500e+02 3.679069213867187500e+02
2.164778289794921875e+02 2.194135894775390625e+02
2.949091796875000000e+02 2.956100769042968750e+02
1.558876037597656250e+02 1.561162414550781250e+02
1.479940185546875000e+02 1.466506195068359375e+02
1.509875488281250000e+02 1.499013366699218750e+02
1.961716461181640625e+02 1.964055938720703125e+02
2.461473236083984375e+02 2.447630615234375000e+02
1.897309417724609375e+02 1.889244537353515625e+02
1.849786071777343750e+02 1.838914947509765625e+02
1.467796020507812500e+02 1.472552795410156250e+02
3.897968444824218750e+02 3.893565368652343750e+02
1.541942901611328125e+02 1.507061920166015625e+02
1.911760559082031250e+02 1.933538513183593750e+02
3.616555480957031250e+02 3.613507690429687500e+02
3.947730407714843750e+02 3.940932617187500000e+02
4.403866271972656250e+02 4.381337585449218750e+02
4.713153076171875000e+02 4.699120178222656250e+02
2.363363647460937500e+02 2.351861114501953125e+02
3.322918395996093750e+02 3.317513122558593750e+02
1.795154571533203125e+02 1.815247497558593750e+02
1.687700958251953125e+02 1.669703521728515625e+02
2.659932556152343750e+02 2.636125793457031250e+02
2.414394073486328125e+02 2.415888061523437500e+02
2.019084930419921875e+02 2.021128997802734375e+02
1.830094299316406250e+02 1.833728942871093750e+02
1.871219024658203125e+02 1.873366851806640625e+02
2.392332611083984375e+02 2.380484771728515625e+02
2.460781250000000000e+02 2.462167358398437500e+02
1.855853881835937500e+02 1.867482299804687500e+02
3.321963806152343750e+02 3.289776306152343750e+02
2.629428710937500000e+02 2.630480346679687500e+02
3.642532043457031250e+02 3.629624328613281250e+02
1.651384124755859375e+02 1.613573455810546875e+02
3.457546691894531250e+02 3.451621704101562500e+02
1.742156066894531250e+02 1.758756408691406250e+02
2.126413116455078125e+02 2.133718566894531250e+02
4.327122802734375000e+02 4.323417358398437500e+02
1.409897918701171875e+02 1.425178680419921875e+02
3.638760986328125000e+02 3.626974792480468750e+02
1.422618103027343750e+02 1.398862457275390625e+02
1.899306793212890625e+02 1.893688354492187500e+02
3.487185974121093750e+02 3.478337402343750000e+02
1.852058105468750000e+02 1.839650878906250000e+02
1.580022888183593750e+02 1.564354400634765625e+02
2.459247131347656250e+02 2.433509674072265625e+02
2.383956146240234375e+02 2.386113281250000000e+02
3.881036071777343750e+02 3.874430847167968750e+02
2.568018798828125000e+02 2.567322692871093750e+02
1.568151855468750000e+02 1.569002838134765625e+02
3.634424133300781250e+02 3.644483032226562500e+02
3.579452209472656250e+02 3.574624023437500000e+02
2.191559753417968750e+02 2.189044799804687500e+02
1.720211181640625000e+02 1.717680664062500000e+02
4.086625061035156250e+02 4.096939086914062500e+02
3.462821044921875000e+02 3.467437438964843750e+02
3.818758239746093750e+02 3.803970947265625000e+02
2.326100158691406250e+02 2.326555175781250000e+02
2.562319335937500000e+02 2.567818908691406250e+02
2.635192565917968750e+02 2.632535095214843750e+02
1.920673370361328125e+02 1.933763122558593750e+02
3.472524108886718750e+02 3.452311401367187500e+02
1.639203948974609375e+02 1.652142639160156250e+02
3.320359497070312500e+02 3.312487792968750000e+02
1.702143249511718750e+02 1.702270507812500000e+02
2.750767517089843750e+02 2.745438232421875000e+02
2.475321044921875000e+02 2.457398681640625000e+02
1.542480163574218750e+02 1.534578857421875000e+02
1.426114959716796875e+02 1.421045532226562500e+02
1.593853149414062500e+02 1.577541656494140625e+02
3.319244995117187500e+02 3.303014526367187500e+02
4.514025573730468750e+02 4.498108825683593750e+02
1.743660278320312500e+02 1.737178344726562500e+02
4.234153137207031250e+02 4.234307556152343750e+02
3.476636962890625000e+02 3.480634460449218750e+02
4.021436157226562500e+02 4.034668273925781250e+02
3.461655273437500000e+02 3.441664428710937500e+02
1.899533691406250000e+02 1.880865478515625000e+02
2.343827972412109375e+02 2.324980163574218750e+02
2.437396697998046875e+02 2.407815856933593750e+02
2.092263641357421875e+02 2.095120849609375000e+02
1.622001800537109375e+02 1.630258636474609375e+02
2.259985504150390625e+02 2.286121063232421875e+02
2.571913452148437500e+02 2.563099975585937500e+02
3.320276184082031250e+02 3.308621826171875000e+02
3.806688232421875000e+02 3.808027343750000000e+02
3.590133666992187500e+02 3.567700805664062500e+02
3.828341064453125000e+02 3.836991577148437500e+02
2.461262512207031250e+02 2.447432250976562500e+02
1.808413085937500000e+02 1.811726531982421875e+02
3.316759948730468750e+02 3.288601379394531250e+02
4.136280822753906250e+02 4.118554382324218750e+02
1.755057525634765625e+02 1.743439483642578125e+02
1.843889465332031250e+02 1.839257965087890625e+02
2.540371398925781250e+02 2.534554595947265625e+02
3.459544677734375000e+02 3.460485839843750000e+02
1.926026458740234375e+02 1.916439819335937500e+02
3.666247253417968750e+02 3.660299072265625000e+02
3.965774230957031250e+02 3.970755310058593750e+02
1.748520965576171875e+02 1.706495361328125000e+02
1.509482116699218750e+02 1.489992065429687500e+02
1.940109558105468750e+02 1.938535003662109375e+02
2.102772216796875000e+02 2.093070220947265625e+02
3.457658996582031250e+02 3.469544982910156250e+02
4.147007141113281250e+02 4.143637390136718750e+02
1.708967132568359375e+02 1.710933685302734375e+02
1.829217071533203125e+02 1.828419189453125000e+02
1.750330505371093750e+02 1.751929168701171875e+02
4.272324523925781250e+02 4.249680480957031250e+02
1.720803375244140625e+02 1.721615447998046875e+02
1.502880706787109375e+02 1.506634368896484375e+02
2.442277832031250000e+02 2.427316284179687500e+02
2.365557708740234375e+02 2.345118103027343750e+02
1.576775512695312500e+02 1.584592132568359375e+02
2.055467071533203125e+02 2.064408721923828125e+02
3.346254272460937500e+02 3.346375122070312500e+02
2.688125305175781250e+02 2.692845458984375000e+02
1.816610260009765625e+02 1.823566741943359375e+02
3.323195190429687500e+02 3.314126892089843750e+02
3.493252258300781250e+02 3.490509338378906250e+02
2.475773315429687500e+02 2.468028411865234375e+02
3.481542663574218750e+02 3.474062500000000000e+02
4.226728515625000000e+02 4.192906494140625000e+02
3.840332641601562500e+02 3.829796447753906250e+02
1.504699096679687500e+02 1.484405364990234375e+02
2.310766754150390625e+02 2.298765411376953125e+02
4.601621704101562500e+02 4.597988281250000000e+02
1.759619140625000000e+02 1.780104370117187500e+02
3.852778015136718750e+02 3.828244018554687500e+02
1.996845245361328125e+02 2.005433349609375000e+02
1.878893127441406250e+02 1.879746551513671875e+02
1.857775573730468750e+02 1.832253723144531250e+02
4.244727783203125000e+02 4.262751770019531250e+02
2.690442810058593750e+02 2.678314819335937500e+02
2.232753906250000000e+02 2.237843322753906250e+02
4.068197021484375000e+02 4.061332702636718750e+02
3.486291198730468750e+02 3.464258422851562500e+02
2.389303131103515625e+02 2.389380645751953125e+02
1.592742919921875000e+02 1.587029418945312500e+02
1.564513549804687500e+02 1.587279815673828125e+02
2.108417816162109375e+02 2.121614379882812500e+02
1.936346588134765625e+02 1.909512939453125000e+02
1.470050659179687500e+02 1.476981353759765625e+02
2.280691986083984375e+02 2.266578216552734375e+02
1.630151214599609375e+02 1.650973510742187500e+02
2.044799346923828125e+02 2.053580780029296875e+02
1.958819427490234375e+02 1.962895812988281250e+02
1.775669097900390625e+02 1.771192321777343750e+02
2.031871795654296875e+02 2.005776824951171875e+02
2.256547241210937500e+02 2.279208679199218750e+02
3.855852355957031250e+02 3.839525146484375000e+02
2.460979919433593750e+02 2.469801940917968750e+02
1.759722900390625000e+02 1.762994384765625000e+02
3.642817993164062500e+02 3.649685058593750000e+02
3.458453063964843750e+02 3.461656188964843750e+02
2.278050842285156250e+02 2.258521118164062500e+02
2.543899993896484375e+02 2.528452301025390625e+02
1.539639739990234375e+02 1.527671813964843750e+02
3.475503540039062500e+02 3.476647338867187500e+02
3.627125549316406250e+02 3.635398559570312500e+02
2.259346466064453125e+02 2.258879699707031250e+02
2.035668487548828125e+02 2.037214965820312500e+02
1.840158538818359375e+02 1.849776916503906250e+02
2.675669860839843750e+02 2.675491638183593750e+02
1.953138732910156250e+02 1.940950012207031250e+02
3.482115173339843750e+02 3.479642333984375000e+02
3.321381225585937500e+02 3.298877563476562500e+02
3.826713562011718750e+02 3.826989440917968750e+02
1.811560363769531250e+02 1.810036010742187500e+02
4.144421386718750000e+02 4.128522949218750000e+02
2.516286926269531250e+02 2.529050750732421875e+02
1.647184295654296875e+02 1.657139434814453125e+02
3.324703369140625000e+02 3.300368041992187500e+02
2.017583160400390625e+02 2.030980529785156250e+02
1.619393768310546875e+02 1.604930877685546875e+02
1.636766204833984375e+02 1.594784545898437500e+02
2.374355926513671875e+02 2.393017730712890625e+02
2.475960540771484375e+02 2.468822784423828125e+02
2.366419525146484375e+02 2.331887664794921875e+02
2.466522369384765625e+02 2.472819976806640625e+02
1.971686553955078125e+02 1.985273742675781250e+02
2.274338836669921875e+02 2.274526824951171875e+02
2.052633972167968750e+02 2.079816284179687500e+02
1.936832122802734375e+02 1.937772521972656250e+02
3.851518554687500000e+02 3.841119995117187500e+02
3.588626708984375000e+02 3.557379150390625000e+02
3.678853759765625000e+02 3.668955383300781250e+02
3.646397094726562500e+02 3.635153808593750000e+02
2.887397766113281250e+02 2.850050964355468750e+02
3.653386840820312500e+02 3.645834960937500000e+02
3.317684020996093750e+02 3.301900939941406250e+02
2.365746917724609375e+02 2.376074066162109375e+02
3.628630371093750000e+02 3.609768676757812500e+02
3.678930664062500000e+02 3.655554504394531250e+02
2.254949035644531250e+02 2.256325073242187500e+02
3.616978149414062500e+02 3.577809143066406250e+02
1.883436584472656250e+02 1.888325042724609375e+02
2.257960205078125000e+02 2.227696990966796875e+02
1.880258483886718750e+02 1.890237884521484375e+02
2.544684143066406250e+02 2.535878448486328125e+02
2.256889343261718750e+02 2.251349945068359375e+02
1.619724731445312500e+02 1.635763244628906250e+02
3.321886596679687500e+02 3.325422973632812500e+02
2.523488464355468750e+02 2.521500244140625000e+02
4.105607299804687500e+02 4.093351440429687500e+02
2.147006378173828125e+02 2.131961364746093750e+02
1.523455352783203125e+02 1.516230773925781250e+02
1.483836975097656250e+02 1.484893035888671875e+02
3.457168884277343750e+02 3.456921997070312500e+02
3.320132141113281250e+02 3.320355224609375000e+02
2.328515777587890625e+02 2.323895263671875000e+02
1.448641510009765625e+02 1.444165802001953125e+02
1.661037139892578125e+02 1.630618591308593750e+02
3.321319580078125000e+02 3.310562744140625000e+02
3.699880676269531250e+02 3.666668090820312500e+02
1.455179443359375000e+02 1.455139923095703125e+02
2.348452148437500000e+02 2.339940338134765625e+02
2.257265167236328125e+02 2.246221313476562500e+02
1.709555358886718750e+02 1.689515228271484375e+02
1.671555633544921875e+02 1.643668212890625000e+02
2.622917480468750000e+02 2.617046203613281250e+02
2.543310852050781250e+02 2.537257080078125000e+02
3.731306457519531250e+02 3.726519470214843750e+02
3.587929382324218750e+02 3.572757873535156250e+02
2.042544708251953125e+02 2.039136352539062500e+02
3.673486938476562500e+02 3.670707397460937500e+02
3.702043457031250000e+02 3.702964172363281250e+02
1.497389068603515625e+02 1.489101715087890625e+02
2.353660278320312500e+02 2.371907043457031250e+02
2.540374755859375000e+02 2.516799011230468750e+02
2.128002471923828125e+02 2.113807220458984375e+02
1.496510925292968750e+02 1.490522613525390625e+02
3.457061767578125000e+02 3.464221191406250000e+02
1.872724609375000000e+02 1.852399139404296875e+02
3.321529235839843750e+02 3.319575805664062500e+02
2.340523834228515625e+02 2.331100311279296875e+02
2.340138549804687500e+02 2.358554229736328125e+02
3.586393127441406250e+02 3.590828247070312500e+02
2.006559600830078125e+02 1.992162322998046875e+02
1.660877075195312500e+02 1.662108001708984375e+02
2.789092407226562500e+02 2.783904113769531250e+02
1.911152954101562500e+02 1.903854980468750000e+02
3.942299499511718750e+02 3.932287902832031250e+02
1.961892547607421875e+02 1.965245819091796875e+02
2.359146270751953125e+02 2.358276062011718750e+02
1.591421661376953125e+02 1.598182678222656250e+02
3.482950134277343750e+02 3.469791564941406250e+02
4.417027282714843750e+02 4.400049133300781250e+02
1.805479736328125000e+02 1.799069366455078125e+02
1.478087463378906250e+02 1.452746276855468750e+02
1.907589874267578125e+02 1.931781616210937500e+02
2.557334594726562500e+02 2.550066986083984375e+02
3.519269104003906250e+02 3.536981506347656250e+02
3.313711242675781250e+02 3.331095581054687500e+02
1.775928039550781250e+02 1.762717590332031250e+02
2.969259338378906250e+02 2.947206420898437500e+02
2.835087280273437500e+02 2.798114013671875000e+02
2.259218597412109375e+02 2.242863464355468750e+02
1.822241973876953125e+02 1.812866516113281250e+02
1.849475708007812500e+02 1.823579406738281250e+02
2.260660705566406250e+02 2.240731964111328125e+02
3.322903747558593750e+02 3.291625366210937500e+02
1.722277069091796875e+02 1.720932922363281250e+02
1.818293457031250000e+02 1.819802093505859375e+02
3.578400573730468750e+02 3.574606628417968750e+02
1.566189727783203125e+02 1.584629211425781250e+02
2.359542236328125000e+02 2.366537322998046875e+02
2.363464813232421875e+02 2.353422546386718750e+02
1.521642456054687500e+02 1.526927490234375000e+02
2.609543457031250000e+02 2.598472900390625000e+02
2.919581909179687500e+02 2.911711425781250000e+02
2.611292724609375000e+02 2.612759399414062500e+02
1.777800140380859375e+02 1.770051116943359375e+02
1.439980468750000000e+02 1.443007812500000000e+02
3.762682189941406250e+02 3.770570068359375000e+02
2.062159423828125000e+02 2.065391845703125000e+02
1.470638427734375000e+02 1.489694061279296875e+02
4.608920593261718750e+02 4.602505798339843750e+02
3.631204528808593750e+02 3.641644287109375000e+02
1.794324035644531250e+02 1.766103363037109375e+02
3.920471191406250000e+02 3.914994506835937500e+02
4.118758850097656250e+02 4.111949768066406250e+02
1.976625671386718750e+02 1.965304565429687500e+02
1.773658752441406250e+02 1.772262420654296875e+02
2.106423034667968750e+02 2.099004516601562500e+02
2.390602722167968750e+02 2.400316772460937500e+02
2.655114440917968750e+02 2.666326293945312500e+02
2.218109741210937500e+02 2.218419952392578125e+02
2.133948059082031250e+02 2.158342132568359375e+02
2.482042541503906250e+02 2.466861419677734375e+02
1.994980926513671875e+02 1.997833709716796875e+02
1.827168426513671875e+02 1.799100341796875000e+02
3.307947692871093750e+02 3.296889038085937500e+02
1.887964019775390625e+02 1.848209686279296875e+02
1.859371185302734375e+02 1.844411621093750000e+02
1.894319915771484375e+02 1.890563964843750000e+02
2.325363006591796875e+02 2.342435913085937500e+02
1.709518585205078125e+02 1.743122253417968750e+02
3.465382690429687500e+02 3.462020568847656250e+02
2.608081970214843750e+02 2.591244506835937500e+02
2.309140319824218750e+02 2.307514495849609375e+02
3.652351074218750000e+02 3.627785034179687500e+02
2.439282989501953125e+02 2.447661285400390625e+02
1.468443298339843750e+02 1.482359313964843750e+02
2.403795928955078125e+02 2.395713043212890625e+02
3.247495422363281250e+02 3.229589233398437500e+02
2.538701324462890625e+02 2.554288482666015625e+02
1.743705291748046875e+02 1.722820739746093750e+02
2.467628479003906250e+02 2.450272216796875000e+02
2.257263793945312500e+02 2.250524291992187500e+02
4.078372802734375000e+02 4.084119567871093750e+02
1.884002380371093750e+02 1.898482666015625000e+02
3.327942810058593750e+02 3.312096557617187500e+02
1.768177185058593750e+02 1.786792144775390625e+02
1.919720764160156250e+02 1.911092834472656250e+02
3.349252319335937500e+02 3.323902893066406250e+02
3.042545166015625000e+02 3.072355346679687500e+02
3.615440673828125000e+02 3.615213928222656250e+02
4.265124816894531250e+02 4.246913757324218750e+02
2.012362823486328125e+02 2.012199707031250000e+02
3.035096130371093750e+02 3.038666687011718750e+02
1.667646026611328125e+02 1.686363830566406250e+02
1.749516143798828125e+02 1.779896697998046875e+02
2.387562408447265625e+02 2.394975280761718750e+02
2.326489105224609375e+02 2.314659881591796875e+02
2.580972290039062500e+02 2.587214355468750000e+02
1.952087554931640625e+02 1.950504150390625000e+02
3.464162597656250000e+02 3.467308349609375000e+02
1.770252227783203125e+02 1.768068695068359375e+02
2.438273925781250000e+02 2.427798919677734375e+02
2.523578643798828125e+02 2.504003601074218750e+02
2.424563751220703125e+02 2.421977844238281250e+02
3.711472167968750000e+02 3.711383666992187500e+02
3.344833679199218750e+02 3.345076904296875000e+02
1.624503631591796875e+02 1.617909698486328125e+02
2.701601257324218750e+02 2.705335388183593750e+02
3.470543823242187500e+02 3.477850036621093750e+02
2.394246368408203125e+02 2.388930206298828125e+02
2.469229278564453125e+02 2.461624755859375000e+02
2.340322875976562500e+02 2.335360870361328125e+02
3.654221801757812500e+02 3.658569641113281250e+02
2.333693542480468750e+02 2.319017791748046875e+02
1.419434051513671875e+02 1.442687072753906250e+02
3.319931640625000000e+02 3.300393371582031250e+02
1.581948547363281250e+02 1.571121215820312500e+02
3.630654907226562500e+02 3.606355285644531250e+02
2.611656494140625000e+02 2.591893310546875000e+02
1.484692993164062500e+02 1.475709381103515625e+02
1.910149536132812500e+02 1.927498321533203125e+02
1.885688629150390625e+02 1.898492584228515625e+02
3.960665588378906250e+02 3.967033081054687500e+02
1.827966613769531250e+02 1.841431884765625000e+02
1.811087036132812500e+02 1.818946228027343750e+02
3.167581176757812500e+02 3.157126159667968750e+02
4.172071533203125000e+02 4.181417236328125000e+02
2.387143096923828125e+02 2.350745391845703125e+02
2.392101135253906250e+02 2.412781982421875000e+02
2.963485107421875000e+02 2.954078063964843750e+02
2.543017883300781250e+02 2.540944824218750000e+02
1.821472320556640625e+02 1.822440795898437500e+02
1.565910034179687500e+02 1.562298126220703125e+02
2.166811981201171875e+02 2.175052185058593750e+02
3.592362060546875000e+02 3.576144104003906250e+02
3.321698913574218750e+02 3.306218872070312500e+02
1.907822265625000000e+02 1.915191040039062500e+02
2.458258514404296875e+02 2.482337646484375000e+02
2.333179473876953125e+02 2.330646209716796875e+02
3.674519653320312500e+02 3.668660278320312500e+02
1.768845367431640625e+02 1.774057464599609375e+02
1.725021209716796875e+02 1.715631103515625000e+02
3.977388610839843750e+02 3.955970153808593750e+02
2.871373291015625000e+02 2.889692077636718750e+02
3.957601623535156250e+02 3.940050354003906250e+02
3.615885314941406250e+02 3.615139160156250000e+02
1.428058319091796875e+02 1.429626922607421875e+02
3.934265747070312500e+02 3.938312377929687500e+02
3.574318237304687500e+02 3.569709167480468750e+02
3.321994018554687500e+02 3.301931762695312500e+02
3.671574096679687500e+02 3.676024169921875000e+02
3.322578125000000000e+02 3.334528808593750000e+02
3.488602905273437500e+02 3.447565002441406250e+02
2.880803833007812500e+02 2.910952758789062500e+02
2.499817657470703125e+02 2.481324310302734375e+02
2.722341003417968750e+02 2.691631164550781250e+02
3.318422241210937500e+02 3.320525512695312500e+02
2.651262512207031250e+02 2.624925537109375000e+02
3.613364562988281250e+02 3.610740356445312500e+02
3.317036743164062500e+02 3.300831604003906250e+02
3.649358520507812500e+02 3.670495605468750000e+02
2.274579772949218750e+02 2.270542144775390625e+02
1.427071990966796875e+02 1.407639465332031250e+02
2.258699493408203125e+02 2.261874694824218750e+02
3.993786926269531250e+02 3.984246826171875000e+02
1.809354095458984375e+02 1.832828826904296875e+02
3.680980224609375000e+02 3.672263793945312500e+02
1.963384094238281250e+02 1.929051666259765625e+02
1.816855926513671875e+02 1.832322998046875000e+02
2.362607116699218750e+02 2.368957061767578125e+02
2.539863281250000000e+02 2.539314270019531250e+02
3.348107604980468750e+02 3.350531921386718750e+02
2.608022766113281250e+02 2.616857604980468750e+02
3.455118408203125000e+02 3.449313964843750000e+02
3.076375122070312500e+02 3.108902587890625000e+02
3.120173950195312500e+02 3.114919433593750000e+02
2.382481079101562500e+02 2.390562591552734375e+02
3.352601928710937500e+02 3.356899108886718750e+02
2.483149566650390625e+02 2.499972076416015625e+02
1.630234680175781250e+02 1.618392486572265625e+02
3.828230895996093750e+02 3.789697265625000000e+02
2.482607421875000000e+02 2.488594360351562500e+02
1.586430511474609375e+02 1.585518341064453125e+02
1.734858245849609375e+02 1.736612091064453125e+02
2.541569824218750000e+02 2.554168090820312500e+02
3.353301391601562500e+02 3.350130615234375000e+02
4.463474426269531250e+02 4.471803588867187500e+02
3.320463562011718750e+02 3.304740295410156250e+02
2.573019104003906250e+02 2.553139038085937500e+02
2.346456756591796875e+02 2.324742889404296875e+02
2.074015350341796875e+02 2.060756225585937500e+02
1.658420104980468750e+02 1.663128814697265625e+02
1.750985260009765625e+02 1.732982482910156250e+02
3.893967895507812500e+02 3.886557312011718750e+02
3.473378601074218750e+02 3.477124633789062500e+02
1.682375640869140625e+02 1.694932708740234375e+02
1.502656860351562500e+02 1.508890380859375000e+02
3.317650756835937500e+02 3.311191711425781250e+02
2.222051849365234375e+02 2.219426879882812500e+02
2.104148712158203125e+02 2.087470855712890625e+02
1.941674499511718750e+02 1.917565155029296875e+02
3.353773803710937500e+02 3.343095397949218750e+02
2.582726135253906250e+02 2.568485107421875000e+02
1.849929504394531250e+02 1.870350799560546875e+02
3.578464355468750000e+02 3.570055236816406250e+02
3.356675720214843750e+02 3.336025695800781250e+02
3.463410034179687500e+02 3.452349243164062500e+02
2.254051818847656250e+02 2.239302978515625000e+02
1.524924468994140625e+02 1.542726135253906250e+02
3.470559082031250000e+02 3.435383911132812500e+02
1.993386383056640625e+02 1.991748046875000000e+02
2.765131835937500000e+02 2.778135986328125000e+02
3.581592102050781250e+02 3.568919372558593750e+02
2.569187622070312500e+02 2.564912109375000000e+02
2.601044311523437500e+02 2.578974609375000000e+02
3.589061279296875000e+02 3.588207092285156250e+02
2.108896636962890625e+02 2.117042083740234375e+02
1.910278625488281250e+02 1.865499572753906250e+02
3.321555786132812500e+02 3.308456726074218750e+02
2.660003662109375000e+02 2.639812622070312500e+02
3.014829406738281250e+02 3.024946899414062500e+02
2.031046752929687500e+02 2.024301910400390625e+02
1.607397613525390625e+02 1.612269287109375000e+02
3.651315002441406250e+02 3.658219909667968750e+02
2.106382141113281250e+02 2.099696807861328125e+02
3.684643249511718750e+02 3.683658447265625000e+02
4.010457153320312500e+02 3.996221313476562500e+02
2.406453399658203125e+02 2.379241485595703125e+02
3.639242858886718750e+02 3.652575683593750000e+02
2.409038238525390625e+02 2.425114746093750000e+02
4.381061401367187500e+02 4.378148193359375000e+02
2.020004119873046875e+02 2.025749359130859375e+02
3.592596740722656250e+02 3.597189941406250000e+02
1.842680969238281250e+02 1.826081848144531250e+02
3.439964904785156250e+02 3.435939331054687500e+02
1.694657592773437500e+02 1.700091094970703125e+02
1.753532257080078125e+02 1.765534820556640625e+02
1.760859069824218750e+02 1.743270568847656250e+02
1.702549438476562500e+02 1.679734039306640625e+02
1.764661254882812500e+02 1.753771514892578125e+02
2.257310791015625000e+02 2.259459991455078125e+02
1.706157379150390625e+02 1.744730682373046875e+02
2.629651184082031250e+02 2.603227844238281250e+02
1.732108764648437500e+02 1.739162902832031250e+02
1.856161041259765625e+02 1.857003936767578125e+02
3.320446472167968750e+02 3.319206237792968750e+02
3.457562866210937500e+02 3.440158081054687500e+02
1.688350372314453125e+02 1.677733001708984375e+02
2.669876403808593750e+02 2.682692565917968750e+02
1.590562591552734375e+02 1.599645080566406250e+02
2.655060729980468750e+02 2.630227355957031250e+02
1.762171173095703125e+02 1.760927276611328125e+02
1.727992553710937500e+02 1.711106567382812500e+02
1.823535308837890625e+02 1.814786529541015625e+02
3.814035949707031250e+02 3.843271179199218750e+02
1.697638549804687500e+02 1.673880615234375000e+02
3.763347167968750000e+02 3.758762512207031250e+02
2.601482238769531250e+02 2.587559204101562500e+02
1.898541564941406250e+02 1.894868011474609375e+02
4.113380432128906250e+02 4.130930480957031250e+02
3.513319702148437500e+02 3.517098388671875000e+02
1.736421966552734375e+02 1.734854583740234375e+02
1.808885955810546875e+02 1.771152343750000000e+02
1.706297760009765625e+02 1.669403686523437500e+02
3.320446777343750000e+02 3.311993713378906250e+02
2.602764282226562500e+02 2.583024597167968750e+02
1.839976806640625000e+02 1.858847198486328125e+02
3.461613464355468750e+02 3.444154968261718750e+02
4.207578125000000000e+02 4.171240844726562500e+02
3.566981506347656250e+02 3.548913574218750000e+02
1.762444305419921875e+02 1.773850860595703125e+02
1.800618133544921875e+02 1.800800323486328125e+02
1.414727478027343750e+02 1.391856536865234375e+02
2.542742767333984375e+02 2.552920227050781250e+02
1.799263305664062500e+02 1.795935821533203125e+02
1.582171630859375000e+02 1.599596862792968750e+02
3.650763854980468750e+02 3.617697448730468750e+02
3.825022583007812500e+02 3.795612792968750000e+02
3.861542663574218750e+02 3.858907470703125000e+02
3.929257202148437500e+02 3.915171203613281250e+02
2.012999572753906250e+02 2.046587524414062500e+02
2.340609436035156250e+02 2.298307647705078125e+02
2.820454711914062500e+02 2.841556091308593750e+02
2.840639648437500000e+02 2.837052001953125000e+02
3.596751403808593750e+02 3.574728393554687500e+02
1.512032012939453125e+02 1.475025482177734375e+02
1.792395477294921875e+02 1.783515319824218750e+02
1.932314300537109375e+02 1.931538085937500000e+02
3.799354553222656250e+02 3.763579101562500000e+02
2.257558746337890625e+02 2.240308990478515625e+02
3.574948730468750000e+02 3.545567932128906250e+02
3.677018737792968750e+02 3.678350524902343750e+02
1.939738769531250000e+02 1.932285156250000000e+02
1.853027496337890625e+02 1.860156860351562500e+02
3.648339538574218750e+02 3.648077697753906250e+02
1.622723999023437500e+02 1.645203094482421875e+02
2.086295013427734375e+02 2.071848449707031250e+02
1.772991180419921875e+02 1.758590545654296875e+02
1.592948608398437500e+02 1.617488861083984375e+02
1.616830291748046875e+02 1.612202758789062500e+02
1.622736663818359375e+02 1.606803436279296875e+02
3.455770874023437500e+02 3.444317321777343750e+02
2.935121459960937500e+02 2.916759338378906250e+02
2.361165771484375000e+02 2.364560394287109375e+02
2.386192169189453125e+02 2.403356018066406250e+02
3.836197814941406250e+02 3.828526916503906250e+02
1.794669494628906250e+02 1.776042480468750000e+02
1.638889007568359375e+02 1.619631042480468750e+02
3.480974426269531250e+02 3.475654296875000000e+02
2.026143646240234375e+02 2.040117797851562500e+02
1.483426208496093750e+02 1.465071563720703125e+02
3.649909362792968750e+02 3.654085998535156250e+02
2.382475585937500000e+02 2.388388366699218750e+02
2.276065368652343750e+02 2.255692138671875000e+02
3.690668640136718750e+02 3.667801818847656250e+02
3.854610595703125000e+02 3.860097656250000000e+02
1.422581634521484375e+02 1.412191772460937500e+02
1.683427429199218750e+02 1.668658752441406250e+02
1.835562133789062500e+02 1.816311645507812500e+02
3.696629028320312500e+02 3.686220092773437500e+02
3.474894714355468750e+02 3.483206787109375000e+02
1.964454498291015625e+02 1.939410400390625000e+02
2.352923736572265625e+02 2.331248168945312500e+02
3.481612548828125000e+02 3.466271972656250000e+02
2.667244873046875000e+02 2.641770019531250000e+02
3.645395812988281250e+02 3.641527099609375000e+02
3.642408142089843750e+02 3.638457336425781250e+02
1.764395599365234375e+02 1.774684600830078125e+02
1.825554046630859375e+02 1.825841674804687500e+02
2.467087860107421875e+02 2.470654602050781250e+02
2.327551116943359375e+02 2.332707061767578125e+02
1.506475677490234375e+02 1.484680786132812500e+02
2.678855895996093750e+02 2.691312866210937500e+02
2.568591918945312500e+02 2.579699401855468750e+02
2.050494537353515625e+02 2.058045654296875000e+02
1.585853881835937500e+02 1.571870269775390625e+02
4.189458312988281250e+02 4.176954040527343750e+02
2.122478027343750000e+02 2.122890472412109375e+02
3.582427673339843750e+02 3.567865905761718750e+02
3.593347167968750000e+02 3.592178955078125000e+02
1.574532928466796875e+02 1.585551910400390625e+02
3.476441650390625000e+02 3.452218017578125000e+02
2.202837066650390625e+02 2.204831237792968750e+02
2.161405639648437500e+02 2.142184600830078125e+02
2.304214477539062500e+02 2.279914398193359375e+02
1.875835113525390625e+02 1.892437438964843750e+02
3.657479553222656250e+02 3.626450805664062500e+02
1.781559753417968750e+02 1.800457916259765625e+02
1.850085449218750000e+02 1.851369018554687500e+02
2.665760803222656250e+02 2.664701538085937500e+02
3.671684265136718750e+02 3.660568847656250000e+02
3.349220886230468750e+02 3.370252075195312500e+02
3.853265380859375000e+02 3.864291381835937500e+02
3.678549194335937500e+02 3.684360656738281250e+02
2.385435333251953125e+02 2.395392913818359375e+02
3.511200561523437500e+02 3.495393676757812500e+02
1.418047332763671875e+02 1.429154815673828125e+02
3.318615112304687500e+02 3.309002685546875000e+02
2.219102172851562500e+02 2.220408477783203125e+02
3.787092895507812500e+02 3.780108337402343750e+02
3.587319335937500000e+02 3.562608642578125000e+02
4.269519958496093750e+02 4.252821655273437500e+02
4.102942199707031250e+02 4.089433898925781250e+02
2.388700714111328125e+02 2.383204803466796875e+02
3.317466430664062500e+02 3.329486999511718750e+02
1.736035003662109375e+02 1.755399627685546875e+02
1.747950286865234375e+02 1.752115325927734375e+02
2.450021057128906250e+02 2.466525878906250000e+02
2.385713958740234375e+02 2.400406036376953125e+02
1.608681335449218750e+02 1.608290252685546875e+02
3.470742187500000000e+02 3.473762207031250000e+02
1.405454101562500000e+02 1.391698303222656250e+02
1.938446044921875000e+02 1.913015136718750000e+02
2.702633056640625000e+02 2.665888977050781250e+02
1.976138763427734375e+02 1.979734344482421875e+02
3.612648925781250000e+02 3.608745117187500000e+02
4.054632263183593750e+02 4.048514404296875000e+02
3.460769042968750000e+02 3.452980346679687500e+02
3.475321044921875000e+02 3.482677307128906250e+02
3.319671630859375000e+02 3.295568237304687500e+02
1.563057250976562500e+02 1.583898162841796875e+02
1.608813018798828125e+02 1.605286407470703125e+02
2.053928527832031250e+02 2.040407714843750000e+02
2.576996459960937500e+02 2.587388610839843750e+02
1.718514709472656250e+02 1.681417846679687500e+02
2.510689239501953125e+02 2.496625976562500000e+02
1.471753082275390625e+02 1.472774353027343750e+02
2.275307922363281250e+02 2.278628234863281250e+02
4.179215087890625000e+02 4.178703918457031250e+02
1.843008270263671875e+02 1.832637939453125000e+02
2.661754455566406250e+02 2.643057250976562500e+02
3.311951293945312500e+02 3.300875549316406250e+02
2.609972229003906250e+02 2.607678833007812500e+02
1.594566955566406250e+02 1.611931304931640625e+02
3.350376586914062500e+02 3.342584533691406250e+02
1.400066986083984375e+02 1.383879089355468750e+02
3.613834838867187500e+02 3.602393798828125000e+02
2.369184722900390625e+02 2.377587585449218750e+02
1.854746856689453125e+02 1.858465881347656250e+02
2.276797790527343750e+02 2.270085449218750000e+02
3.574060058593750000e+02 3.573649291992187500e+02
3.486123657226562500e+02 3.484996948242187500e+02
2.671184387207031250e+02 2.654620056152343750e+02
2.237929687500000000e+02 2.249672698974609375e+02
1.759182281494140625e+02 1.765470428466796875e+02
3.969196777343750000e+02 3.962172546386718750e+02
1.988951721191406250e+02 1.970555419921875000e+02
2.486470947265625000e+02 2.481271057128906250e+02
2.607333068847656250e+02 2.608568420410156250e+02
2.258191986083984375e+02 2.240880126953125000e+02
3.515094299316406250e+02 3.508456420898437500e+02
1.696996765136718750e+02 1.663308410644531250e+02
2.415963287353515625e+02 2.427145538330078125e+02
3.577852172851562500e+02 3.555124206542968750e+02
1.521508026123046875e+02 1.514172973632812500e+02
2.260359954833984375e+02 2.275500946044921875e+02
3.630872802734375000e+02 3.612286376953125000e+02
2.900325012207031250e+02 2.910189208984375000e+02
3.702095031738281250e+02 3.693248901367187500e+02
3.488323059082031250e+02 3.488495483398437500e+02
3.460463562011718750e+02 3.447445373535156250e+02
2.518173522949218750e+02 2.499351501464843750e+02
3.588071899414062500e+02 3.579232788085937500e+02
4.339112243652343750e+02 4.321715087890625000e+02
3.466656799316406250e+02 3.455326538085937500e+02
2.767607421875000000e+02 2.762714538574218750e+02
3.315738830566406250e+02 3.311725769042968750e+02
3.574431152343750000e+02 3.541332092285156250e+02
1.880449829101562500e+02 1.872997436523437500e+02
4.047626037597656250e+02 4.034700012207031250e+02
3.932586059570312500e+02 3.915643615722656250e+02
1.880480346679687500e+02 1.859840545654296875e+02
3.903134765625000000e+02 3.889486694335937500e+02
1.354248809814453125e+02 1.347432098388671875e+02
3.325206909179687500e+02 3.316756591796875000e+02
2.256239318847656250e+02 2.259767761230468750e+02
3.791546020507812500e+02 3.782194519042968750e+02
2.521123352050781250e+02 2.512852783203125000e+02
1.666369628906250000e+02 1.663681335449218750e+02
1.913598937988281250e+02 1.886684722900390625e+02
2.392886199951171875e+02 2.376161193847656250e+02
1.709274749755859375e+02 1.703024291992187500e+02
2.109862060546875000e+02 2.099549713134765625e+02
2.385928649902343750e+02 2.405886535644531250e+02
1.748324737548828125e+02 1.763450012207031250e+02
1.819406890869140625e+02 1.818701629638671875e+02
2.271633300781250000e+02 2.296830291748046875e+02
2.890476379394531250e+02 2.887862854003906250e+02
2.601148376464843750e+02 2.575209960937500000e+02
1.759145202636718750e+02 1.753977050781250000e+02
2.458592681884765625e+02 2.405890655517578125e+02
3.586542358398437500e+02 3.556381225585937500e+02
3.457388610839843750e+02 3.460744934082031250e+02
1.758229980468750000e+02 1.783888549804687500e+02
4.259371643066406250e+02 4.222371215820312500e+02
3.460403137207031250e+02 3.451697082519531250e+02
2.258925323486328125e+02 2.258060913085937500e+02
2.542188415527343750e+02 2.559581451416015625e+02
3.082249755859375000e+02 3.077925415039062500e+02
1.590178070068359375e+02 1.595595245361328125e+02
1.966812438964843750e+02 1.982933959960937500e+02
1.932092742919921875e+02 1.975796661376953125e+02
3.647301025390625000e+02 3.623199768066406250e+02
3.473723754882812500e+02 3.477058715820312500e+02
1.507194366455078125e+02 1.518656616210937500e+02
1.787027587890625000e+02 1.780212554931640625e+02
3.786443786621093750e+02 3.761406250000000000e+02
1.730191345214843750e+02 1.733004150390625000e+02
3.645515441894531250e+02 3.624183654785156250e+02
2.161765594482421875e+02 2.174820709228515625e+02
1.871796112060546875e+02 1.886180877685546875e+02
3.775074157714843750e+02 3.786748657226562500e+02
1.980614318847656250e+02 1.975108032226562500e+02
1.576934204101562500e+02 1.567700042724609375e+02
4.148604125976562500e+02 4.132241516113281250e+02
2.202376861572265625e+02 2.208746643066406250e+02
1.848601684570312500e+02 1.859400024414062500e+02
1.827281036376953125e+02 1.862188720703125000e+02
1.797407989501953125e+02 1.802159576416015625e+02
1.478963317871093750e+02 1.441031494140625000e+02
3.348319396972656250e+02 3.354384155273437500e+02
2.444488983154296875e+02 2.436706542968750000e+02
3.465696716308593750e+02 3.470820312500000000e+02
3.319403991699218750e+02 3.280343627929687500e+02
1.606677093505859375e+02 1.603499145507812500e+02
2.483057403564453125e+02 2.433838500976562500e+02
1.792611999511718750e+02 1.803280487060546875e+02
1.486592407226562500e+02 1.497662048339843750e+02
3.318592224121093750e+02 3.307176818847656250e+02
1.911641235351562500e+02 1.887024536132812500e+02
2.727770385742187500e+02 2.738778686523437500e+02
3.099185485839843750e+02 3.107277832031250000e+02
1.677897186279296875e+02 1.686943206787109375e+02
3.631747741699218750e+02 3.633964233398437500e+02
3.649732055664062500e+02 3.619325866699218750e+02
3.481032714843750000e+02 3.481282348632812500e+02
2.467169799804687500e+02 2.468582916259765625e+02
2.217805633544921875e+02 2.217166900634765625e+02
3.691936340332031250e+02 3.689572143554687500e+02
2.252590179443359375e+02 2.265888977050781250e+02
2.564865722656250000e+02 2.546707763671875000e+02
3.646161804199218750e+02 3.630332031250000000e+02
1.603005981445312500e+02 1.598373565673828125e+02
3.471150207519531250e+02 3.474001464843750000e+02
1.287212982177734375e+02 1.263214340209960938e+02
4.226066894531250000e+02 4.218975830078125000e+02
2.368175964355468750e+02 2.369509277343750000e+02
3.307525634765625000e+02 3.327940368652343750e+02
3.792132873535156250e+02 3.796303710937500000e+02
2.367287292480468750e+02 2.364424743652343750e+02
2.339742431640625000e+02 2.339548797607421875e+02
1.701140594482421875e+02 1.701000518798828125e+02
1.571160278320312500e+02 1.564017333984375000e+02
3.318439025878906250e+02 3.311951293945312500e+02
3.586718750000000000e+02 3.592713623046875000e+02
1.660326690673828125e+02 1.651589050292968750e+02
3.616356506347656250e+02 3.592941589355468750e+02
1.851289062500000000e+02 1.829951934814453125e+02
1.985281219482421875e+02 1.963384246826171875e+02
3.478707580566406250e+02 3.477311096191406250e+02
2.341010894775390625e+02 2.338811950683593750e+02
1.809803924560546875e+02 1.822106475830078125e+02
1.269821395874023438e+02 1.272612075805664062e+02
2.636825561523437500e+02 2.619986572265625000e+02
3.477925109863281250e+02 3.453933715820312500e+02
4.403881530761718750e+02 4.399584350585937500e+02
3.580227355957031250e+02 3.546680603027343750e+02
3.319253540039062500e+02 3.322360534667968750e+02
2.260318756103515625e+02 2.258208770751953125e+02
1.592779388427734375e+02 1.581254577636718750e+02
1.659890289306640625e+02 1.655415802001953125e+02
4.054783325195312500e+02 4.050957946777343750e+02
3.346200256347656250e+02 3.350448608398437500e+02
2.108228302001953125e+02 2.115838928222656250e+02
3.809225769042968750e+02 3.789927368164062500e+02
2.040921478271484375e+02 2.045100860595703125e+02
1.654663391113281250e+02 1.647345886230468750e+02
1.735229339599609375e+02 1.731411437988281250e+02
2.436764221191406250e+02 2.432401580810546875e+02
3.844987792968750000e+02 3.824553222656250000e+02
3.321192321777343750e+02 3.308548583984375000e+02
1.936899414062500000e+02 1.939271545410156250e+02
2.461629638671875000e+02 2.449959716796875000e+02
1.623907012939453125e+02 1.628640289306640625e+02
1.724124603271484375e+02 1.740398406982421875e+02
3.695845031738281250e+02 3.692098388671875000e+02
2.451292266845703125e+02 2.449136047363281250e+02
1.875768127441406250e+02 1.867703094482421875e+02
2.323232421875000000e+02 2.326018829345703125e+02
1.929853820800781250e+02 1.897842712402343750e+02
1.821238861083984375e+02 1.803790893554687500e+02
1.974895477294921875e+02 1.981513977050781250e+02
1.287258148193359375e+02 1.290101928710937500e+02
3.630462341308593750e+02 3.630758666992187500e+02
1.836846466064453125e+02 1.877175292968750000e+02
3.766815795898437500e+02 3.749595336914062500e+02
1.610741577148437500e+02 1.618453521728515625e+02
1.697830810546875000e+02 1.717140045166015625e+02
1.910449066162109375e+02 1.936435699462890625e+02
4.464592895507812500e+02 4.459195251464843750e+02
3.586621093750000000e+02 3.595779113769531250e+02
1.559922790527343750e+02 1.572789764404296875e+02
1.714098205566406250e+02 1.715799865722656250e+02
3.643838806152343750e+02 3.667117919921875000e+02
1.798449707031250000e+02 1.803457183837890625e+02
2.616561889648437500e+02 2.575955810546875000e+02
2.367409820556640625e+02 2.364517211914062500e+02
1.935397949218750000e+02 1.910711975097656250e+02
3.358723754882812500e+02 3.344174194335937500e+02
2.368789978027343750e+02 2.371636810302734375e+02
1.830291137695312500e+02 1.831970672607421875e+02
2.010460205078125000e+02 1.980229034423828125e+02
2.130003051757812500e+02 2.125005187988281250e+02
2.342308502197265625e+02 2.320428466796875000e+02
1.798309020996093750e+02 1.801888275146484375e+02
2.714995422363281250e+02 2.696388244628906250e+02
1.392259826660156250e+02 1.378247222900390625e+02
4.033690490722656250e+02 4.032433471679687500e+02
2.808607482910156250e+02 2.789990234375000000e+02
2.367137298583984375e+02 2.361657714843750000e+02
3.796025085449218750e+02 3.757702331542968750e+02
2.091070098876953125e+02 2.058035736083984375e+02
2.257066345214843750e+02 2.272902984619140625e+02
2.610827026367187500e+02 2.608745727539062500e+02
3.577079772949218750e+02 3.563755187988281250e+02
3.897517700195312500e+02 3.874648132324218750e+02
3.485656738281250000e+02 3.494432983398437500e+02
3.306851501464843750e+02 3.302901916503906250e+02
2.332965850830078125e+02 2.338925170898437500e+02
1.491371917724609375e+02 1.478567657470703125e+02
2.536702728271484375e+02 2.530172119140625000e+02
2.913442993164062500e+02 2.920777282714843750e+02
1.757550354003906250e+02 1.747014770507812500e+02
2.147680816650390625e+02 2.155026397705078125e+02
1.672802429199218750e+02 1.701255187988281250e+02
2.038202209472656250e+02 2.038414459228515625e+02
2.256989593505859375e+02 2.280338745117187500e+02
2.078609619140625000e+02 2.083498229980468750e+02
2.258782958984375000e+02 2.262191009521484375e+02
3.490642700195312500e+02 3.517922363281250000e+02
2.405519409179687500e+02 2.414003143310546875e+02
3.443283691406250000e+02 3.420904846191406250e+02
1.546180267333984375e+02 1.526046600341796875e+02
2.607949829101562500e+02 2.595177001953125000e+02
1.768855285644531250e+02 1.796396789550781250e+02
4.204553222656250000e+02 4.173479309082031250e+02
3.347741394042968750e+02 3.361413269042968750e+02
3.784288635253906250e+02 3.764143981933593750e+02
3.590992736816406250e+02 3.575132446289062500e+02
3.706457824707031250e+02 3.670181579589843750e+02
1.707893829345703125e+02 1.693908081054687500e+02
3.321273193359375000e+02 3.317753906250000000e+02
1.734597015380859375e+02 1.713226623535156250e+02
2.473428344726562500e+02 2.501589660644531250e+02
3.456840515136718750e+02 3.445965576171875000e+02
3.931556091308593750e+02 3.920576782226562500e+02
3.641383666992187500e+02 3.652609558105468750e+02
3.486609802246093750e+02 3.465484008789062500e+02
1.762997131347656250e+02 1.759933166503906250e+02
3.459749755859375000e+02 3.465297546386718750e+02
2.372551574707031250e+02 2.410887908935546875e+02
2.342699127197265625e+02 2.331925354003906250e+02
3.792548828125000000e+02 3.784884948730468750e+02
3.648014831542968750e+02 3.655827331542968750e+02
3.456765136718750000e+02 3.440817260742187500e+02
1.927225799560546875e+02 1.934892730712890625e+02
3.320554504394531250e+02 3.300888671875000000e+02
2.366074676513671875e+02 2.331216278076171875e+02
2.565071411132812500e+02 2.561507873535156250e+02
1.589249114990234375e+02 1.602882385253906250e+02
1.649156188964843750e+02 1.634953613281250000e+02
2.297946777343750000e+02 2.293341674804687500e+02
3.305176086425781250e+02 3.312470092773437500e+02
2.392686614990234375e+02 2.370135803222656250e+02
3.768744506835937500e+02 3.735180969238281250e+02
1.452557525634765625e+02 1.447644958496093750e+02
3.724507141113281250e+02 3.744683837890625000e+02
3.822973022460937500e+02 3.800606689453125000e+02
3.685831909179687500e+02 3.704638366699218750e+02
2.049696655273437500e+02 2.068718261718750000e+02
4.165338439941406250e+02 4.163434448242187500e+02
2.258078460693359375e+02 2.274350585937500000e+02
3.576187438964843750e+02 3.565253295898437500e+02
3.493133544921875000e+02 3.495770263671875000e+02
2.104651794433593750e+02 2.067275543212890625e+02
1.467922515869140625e+02 1.445729827880859375e+02
1.797442932128906250e+02 1.803214874267578125e+02
2.250483398437500000e+02 2.264629364013671875e+02
3.842597351074218750e+02 3.839823608398437500e+02
2.876075744628906250e+02 2.874791259765625000e+02
1.830785217285156250e+02 1.803756256103515625e+02
2.392183837890625000e+02 2.377244567871093750e+02
1.660020446777343750e+02 1.656987457275390625e+02
2.313862152099609375e+02 2.308945312500000000e+02
3.320682067871093750e+02 3.319577026367187500e+02
3.910035400390625000e+02 3.904693298339843750e+02
1.974455718994140625e+02 1.977150878906250000e+02
3.482728271484375000e+02 3.469873046875000000e+02
3.461542358398437500e+02 3.460978698730468750e+02
3.091498107910156250e+02 3.105059509277343750e+02
1.811835937500000000e+02 1.824626159667968750e+02
1.794537048339843750e+02 1.763708190917968750e+02
3.850911254882812500e+02 3.866727294921875000e+02
1.986795349121093750e+02 1.986194763183593750e+02
3.819980773925781250e+02 3.806382751464843750e+02
1.794615020751953125e+02 1.790898895263671875e+02
2.444566497802734375e+02 2.445727081298828125e+02
1.760684051513671875e+02 1.754112854003906250e+02
1.477499847412109375e+02 1.449940643310546875e+02
3.318760375976562500e+02 3.296688842773437500e+02
2.761697387695312500e+02 2.733940429687500000e+02
3.631288757324218750e+02 3.624826049804687500e+02
1.963728332519531250e+02 1.950045318603515625e+02
3.689685974121093750e+02 3.685479125976562500e+02
1.830745544433593750e+02 1.830837249755859375e+02
1.824581298828125000e+02 1.816119537353515625e+02
1.630450897216796875e+02 1.656054992675781250e+02
3.646112976074218750e+02 3.627120971679687500e+02
1.795304260253906250e+02 1.781088104248046875e+02
6.070697021484375000e+02 6.092431640625000000e+02
2.366997222900390625e+02 2.356757049560546875e+02
2.494606323242187500e+02 2.472011413574218750e+02
2.309092559814453125e+02 2.318633422851562500e+02
2.646159057617187500e+02 2.652666931152343750e+02
2.963787536621093750e+02 2.964481811523437500e+02
3.455879211425781250e+02 3.435978088378906250e+02
1.889738464355468750e+02 1.902254638671875000e+02
4.947844238281250000e+02 4.926581420898437500e+02
2.261383056640625000e+02 2.278001251220703125e+02
1.603864898681640625e+02 1.576754455566406250e+02
1.509671020507812500e+02 1.496146545410156250e+02
2.346637725830078125e+02 2.347148437500000000e+02
3.672985229492187500e+02 3.670971069335937500e+02
3.474875793457031250e+02 3.448825683593750000e+02
2.027653656005859375e+02 2.029603271484375000e+02
1.531046447753906250e+02 1.542500152587890625e+02
2.384091491699218750e+02 2.378392028808593750e+02
3.671297607421875000e+02 3.661847534179687500e+02
3.713172302246093750e+02 3.723634948730468750e+02
2.385662536621093750e+02 2.402017211914062500e+02
1.763610076904296875e+02 1.778406829833984375e+02
3.656911010742187500e+02 3.645303039550781250e+02
2.021272277832031250e+02 2.014670257568359375e+02
3.523632507324218750e+02 3.515799255371093750e+02
3.709717712402343750e+02 3.692768554687500000e+02
2.077726440429687500e+02 2.089728240966796875e+02
3.646915588378906250e+02 3.631855468750000000e+02
2.346534423828125000e+02 2.356731262207031250e+02
3.665260314941406250e+02 3.661970214843750000e+02
2.514438018798828125e+02 2.525146026611328125e+02
2.443175659179687500e+02 2.440605163574218750e+02
1.831359558105468750e+02 1.803902282714843750e+02
3.593374023437500000e+02 3.544892578125000000e+02
1.950811462402343750e+02 1.962225952148437500e+02
3.475356445312500000e+02 3.470941467285156250e+02
2.261368103027343750e+02 2.267400207519531250e+02
2.971290283203125000e+02 2.968297729492187500e+02
2.482475280761718750e+02 2.463920745849609375e+02
1.481815490722656250e+02 1.466264038085937500e+02
3.577211303710937500e+02 3.562718811035156250e+02
3.295386657714843750e+02 3.272580261230468750e+02
2.952559814453125000e+02 2.947894287109375000e+02
3.588950805664062500e+02 3.574406433105468750e+02
3.833781127929687500e+02 3.832005310058593750e+02
3.616547241210937500e+02 3.625324096679687500e+02
1.540685577392578125e+02 1.557424316406250000e+02
3.576854248046875000e+02 3.545763549804687500e+02
1.907988128662109375e+02 1.925153503417968750e+02
1.746047058105468750e+02 1.747215118408203125e+02
3.899209289550781250e+02 3.880129699707031250e+02
2.623431091308593750e+02 2.616288146972656250e+02
2.603475646972656250e+02 2.600683288574218750e+02
2.442140350341796875e+02 2.410972290039062500e+02
3.579438781738281250e+02 3.573844604492187500e+02
1.674165039062500000e+02 1.693036651611328125e+02
1.995153503417968750e+02 2.017890930175781250e+02
3.346353454589843750e+02 3.334991760253906250e+02
1.782304077148437500e+02 1.773152008056640625e+02
2.310563659667968750e+02 2.324239654541015625e+02
2.274182586669921875e+02 2.291067962646484375e+02
3.627444763183593750e+02 3.641950378417968750e+02
4.120075378417968750e+02 4.101445617675781250e+02
1.743040161132812500e+02 1.752366027832031250e+02
3.663731994628906250e+02 3.655347290039062500e+02
2.384816589355468750e+02 2.393218231201171875e+02
3.571707763671875000e+02 3.555142211914062500e+02
2.478146667480468750e+02 2.491872100830078125e+02
2.518466949462890625e+02 2.538830566406250000e+02
2.517510070800781250e+02 2.504422607421875000e+02
1.626395568847656250e+02 1.640387573242187500e+02
1.785717010498046875e+02 1.768066101074218750e+02
3.593867187500000000e+02 3.583755493164062500e+02
2.878262634277343750e+02 2.857956542968750000e+02
3.321972961425781250e+02 3.331304321289062500e+02
1.506629943847656250e+02 1.495102996826171875e+02
1.894348754882812500e+02 1.906335601806640625e+02
2.161936340332031250e+02 2.184412994384765625e+02
1.982390899658203125e+02 1.962161560058593750e+02
2.460042114257812500e+02 2.464915924072265625e+02
2.345159606933593750e+02 2.335470275878906250e+02
3.641134948730468750e+02 3.635287170410156250e+02
3.328277587890625000e+02 3.323898620605468750e+02
4.122006835937500000e+02 4.120751647949218750e+02
2.127373352050781250e+02 2.122761840820312500e+02
2.462239990234375000e+02 2.455704956054687500e+02
1.982182769775390625e+02 1.994478607177734375e+02
3.711900024414062500e+02 3.731107788085937500e+02
2.542532348632812500e+02 2.528495788574218750e+02
3.583297729492187500e+02 3.560962219238281250e+02
2.925176696777343750e+02 2.921349182128906250e+02
3.323522338867187500e+02 3.287466125488281250e+02
1.535656280517578125e+02 1.505574951171875000e+02
3.702628784179687500e+02 3.694686279296875000e+02
2.164778289794921875e+02 2.184434509277343750e+02
2.949091796875000000e+02 2.924947509765625000e+02
1.558876037597656250e+02 1.578584899902343750e+02
1.479940185546875000e+02 1.479589385986328125e+02
1.509875488281250000e+02 1.506903533935546875e+02
1.961716461181640625e+02 1.963431396484375000e+02
2.461473236083984375e+02 2.469735565185546875e+02
1.897309417724609375e+02 1.896642913818359375e+02
1.849786071777343750e+02 1.849869384765625000e+02
1.467796020507812500e+02 1.479537658691406250e+02
3.897968444824218750e+02 3.868743896484375000e+02
1.541942901611328125e+02 1.539002685546875000e+02
1.911760559082031250e+02 1.884721527099609375e+02
3.616555480957031250e+02 3.602980041503906250e+02
3.947730407714843750e+02 3.940914306640625000e+02
4.403866271972656250e+02 4.402081909179687500e+02
4.713153076171875000e+02 4.703136596679687500e+02
2.363363647460937500e+02 2.390685882568359375e+02
3.322918395996093750e+02 3.312640380859375000e+02
1.795154571533203125e+02 1.771464538574218750e+02
1.687700958251953125e+02 1.681079101562500000e+02
2.659932556152343750e+02 2.693117065429687500e+02
2.414394073486328125e+02 2.403907623291015625e+02
2.019084930419921875e+02 2.018196258544921875e+02
1.830094299316406250e+02 1.825056152343750000e+02
1.871219024658203125e+02 1.865673522949218750e+02
2.392332611083984375e+02 2.377627410888671875e+02
2.460781250000000000e+02 2.455562286376953125e+02
1.855853881835937500e+02 1.863815155029296875e+02
3.321963806152343750e+02 3.332640686035156250e+02
2.629428710937500000e+02 2.616706542968750000e+02
3.642532043457031250e+02 3.648358459472656250e+02
1.651384124755859375e+02 1.713904876708984375e+02
3.457546691894531250e+02 3.453973083496093750e+02
1.742156066894531250e+02 1.709336853027343750e+02
2.126413116455078125e+02 2.128344268798828125e+02
4.327122802734375000e+02 4.333735046386718750e+02
1.409897918701171875e+02 1.429920349121093750e+02
3.638760986328125000e+02 3.659678955078125000e+02
1.422618103027343750e+02 1.408747863769531250e+02
1.899306793212890625e+02 1.899391937255859375e+02
3.487185974121093750e+02 3.442273559570312500e+02
1.852058105468750000e+02 1.871509399414062500e+02
1.580022888183593750e+02 1.544824523925781250e+02
2.459247131347656250e+02 2.463961029052734375e+02
2.383956146240234375e+02 2.375475616455078125e+02
3.881036071777343750e+02 3.870236816406250000e+02
2.568018798828125000e+02 2.540866699218750000e+02
1.568151855468750000e+02 1.566515960693359375e+02
3.634424133300781250e+02 3.624771423339843750e+02
3.579452209472656250e+02 3.578761596679687500e+02
2.191559753417968750e+02 2.192775878906250000e+02
1.720211181640625000e+02 1.734220123291015625e+02
4.086625061035156250e+02 4.084266357421875000e+02
3.462821044921875000e+02 3.464959716796875000e+02
3.818758239746093750e+02 3.815893554687500000e+02
2.326100158691406250e+02 2.344568328857421875e+02
2.562319335937500000e+02 2.561452026367187500e+02
2.635192565917968750e+02 2.623368225097656250e+02
1.920673370361328125e+02 1.914610748291015625e+02
3.472524108886718750e+02 3.486973266601562500e+02
1.639203948974609375e+02 1.641668701171875000e+02
3.320359497070312500e+02 3.300636901855468750e+02
1.702143249511718750e+02 1.694070434570312500e+02
2.750767517089843750e+02 2.740372619628906250e+02
2.475321044921875000e+02 2.485870666503906250e+02
1.542480163574218750e+02 1.562432861328125000e+02
1.426114959716796875e+02 1.412952728271484375e+02
1.593853149414062500e+02 1.588373718261718750e+02
3.319244995117187500e+02 3.307698364257812500e+02
4.514025573730468750e+02 4.491922607421875000e+02
1.743660278320312500e+02 1.754722595214843750e+02
4.234153137207031250e+02 4.224729614257812500e+02
3.476636962890625000e+02 3.479855041503906250e+02
4.021436157226562500e+02 4.027217102050781250e+02
3.461655273437500000e+02 3.452214355468750000e+02
1.899533691406250000e+02 1.880865478515625000e+02
2.343827972412109375e+02 2.358005523681640625e+02
2.437396697998046875e+02 2.459592590332031250e+02
2.092263641357421875e+02 2.135309448242187500e+02
1.622001800537109375e+02 1.620813598632812500e+02
2.259985504150390625e+02 2.252192993164062500e+02
2.571913452148437500e+02 2.588451232910156250e+02
3.320276184082031250e+02 3.288472900390625000e+02
3.806688232421875000e+02 3.820511474609375000e+02
3.590133666992187500e+02 3.572804260253906250e+02
3.828341064453125000e+02 3.822613830566406250e+02
2.461262512207031250e+02 2.459139556884765625e+02
1.808413085937500000e+02 1.817397155761718750e+02
3.316759948730468750e+02 3.322790832519531250e+02
4.136280822753906250e+02 4.109363098144531250e+02
1.755057525634765625e+02 1.742735290527343750e+02
1.843889465332031250e+02 1.848592834472656250e+02
2.540371398925781250e+02 2.521746826171875000e+02
3.459544677734375000e+02 3.463462829589843750e+02
1.926026458740234375e+02 1.921864471435546875e+02
3.666247253417968750e+02 3.684330749511718750e+02
3.965774230957031250e+02 3.968101501464843750e+02
1.748520965576171875e+02 1.747030029296875000e+02
1.509482116699218750e+02 1.547827606201171875e+02
1.940109558105468750e+02 1.957000122070312500e+02
2.102772216796875000e+02 2.101641387939453125e+02
3.457658996582031250e+02 3.444824523925781250e+02
4.147007141113281250e+02 4.130823974609375000e+02
1.708967132568359375e+02 1.700559997558593750e+02
1.829217071533203125e+02 1.839310455322265625e+02
1.750330505371093750e+02 1.755960845947265625e+02
4.272324523925781250e+02 4.262536315917968750e+02
1.720803375244140625e+02 1.727773437500000000e+02
1.502880706787109375e+02 1.508842620849609375e+02
2.442277832031250000e+02 2.424792633056640625e+02
2.365557708740234375e+02 2.380392150878906250e+02
1.576775512695312500e+02 1.543617248535156250e+02
2.055467071533203125e+02 2.044888153076171875e+02
3.346254272460937500e+02 3.349086914062500000e+02
2.688125305175781250e+02 2.662502441406250000e+02
1.816610260009765625e+02 1.809221801757812500e+02
3.323195190429687500e+02 3.317875366210937500e+02
3.493252258300781250e+02 3.480134582519531250e+02
2.475773315429687500e+02 2.449846191406250000e+02
3.481542663574218750e+02 3.446093750000000000e+02
4.226728515625000000e+02 4.196099243164062500e+02
3.840332641601562500e+02 3.825398254394531250e+02
1.504699096679687500e+02 1.497448577880859375e+02
2.310766754150390625e+02 2.335926666259765625e+02
4.601621704101562500e+02 4.589850769042968750e+02
1.759619140625000000e+02 1.759643554687500000e+02
3.852778015136718750e+02 3.869776916503906250e+02
1.996845245361328125e+02 1.996160125732421875e+02
1.878893127441406250e+02 1.880561065673828125e+02
1.857775573730468750e+02 1.856152648925781250e+02
4.244727783203125000e+02 4.232084655761718750e+02
2.690442810058593750e+02 2.698968505859375000e+02
2.232753906250000000e+02 2.219882354736328125e+02
4.068197021484375000e+02 4.052269592285156250e+02
3.486291198730468750e+02 3.495574340820312500e+02
2.389303131103515625e+02 2.396031951904296875e+02
1.592742919921875000e+02 1.598604888916015625e+02
1.564513549804687500e+02 1.529447479248046875e+02
2.108417816162109375e+02 2.101966094970703125e+02
1.936346588134765625e+02 1.944714660644531250e+02
1.470050659179687500e+02 1.491335449218750000e+02
2.280691986083984375e+02 2.295324096679687500e+02
1.630151214599609375e+02 1.597291870117187500e+02
2.044799346923828125e+02 2.047086181640625000e+02
1.958819427490234375e+02 1.935027618408203125e+02
1.775669097900390625e+02 1.752787017822265625e+02
2.031871795654296875e+02 2.051396331787109375e+02
2.256547241210937500e+02 2.263222045898437500e+02
3.855852355957031250e+02 3.848762817382812500e+02
2.460979919433593750e+02 2.448428039550781250e+02
1.759722900390625000e+02 1.735879516601562500e+02
3.642817993164062500e+02 3.660768737792968750e+02
3.458453063964843750e+02 3.434685058593750000e+02
2.278050842285156250e+02 2.267516784667968750e+02
2.543899993896484375e+02 2.555577087402343750e+02
1.539639739990234375e+02 1.568197784423828125e+02
3.475503540039062500e+02 3.464013061523437500e+02
3.627125549316406250e+02 3.608139648437500000e+02
2.259346466064453125e+02 2.273973541259765625e+02
2.035668487548828125e+02 1.995700225830078125e+02
1.840158538818359375e+02 1.830501556396484375e+02
2.675669860839843750e+02 2.696098632812500000e+02
1.953138732910156250e+02 1.948407135009765625e+02
3.482115173339843750e+02 3.468160095214843750e+02
3.321381225585937500e+02 3.315349731445312500e+02
3.826713562011718750e+02 3.821898803710937500e+02
1.811560363769531250e+02 1.829875335693359375e+02
4.144421386718750000e+02 4.138686828613281250e+02
2.516286926269531250e+02 2.499510955810546875e+02
1.647184295654296875e+02 1.621709594726562500e+02
3.324703369140625000e+02 3.336448059082031250e+02
2.017583160400390625e+02 1.983020324707031250e+02
1.619393768310546875e+02 1.640613098144531250e+02
1.636766204833984375e+02 1.660580749511718750e+02
2.374355926513671875e+02 2.376698913574218750e+02
2.475960540771484375e+02 2.508283233642578125e+02
2.366419525146484375e+02 2.357317962646484375e+02
2.466522369384765625e+02 2.450370483398437500e+02
1.971686553955078125e+02 1.928464813232421875e+02
2.274338836669921875e+02 2.250481719970703125e+02
2.052633972167968750e+02 2.034417114257812500e+02
1.936832122802734375e+02 1.919932403564453125e+02
3.851518554687500000e+02 3.850134887695312500e+02
3.588626708984375000e+02 3.574659729003906250e+02
3.678853759765625000e+02 3.671406860351562500e+02
3.646397094726562500e+02 3.650447998046875000e+02
2.887397766113281250e+02 2.882998962402343750e+02
3.653386840820312500e+02 3.651848449707031250e+02
3.317684020996093750e+02 3.299695434570312500e+02
2.365746917724609375e+02 2.319539337158203125e+02
3.628630371093750000e+02 3.662310485839843750e+02
3.678930664062500000e+02 3.659001770019531250e+02
2.254949035644531250e+02 2.231383056640625000e+02
3.616978149414062500e+02 3.583121643066406250e+02
1.883436584472656250e+02 1.843735351562500000e+02
2.257960205078125000e+02 2.264984130859375000e+02
1.880258483886718750e+02 1.864534454345703125e+02
2.544684143066406250e+02 2.557745056152343750e+02
2.256889343261718750e+02 2.266619567871093750e+02
1.619724731445312500e+02 1.599011535644531250e+02
3.321886596679687500e+02 3.295422058105468750e+02
2.523488464355468750e+02 2.528721923828125000e+02
4.105607299804687500e+02 4.102766113281250000e+02
2.147006378173828125e+02 2.124094543457031250e+02
1.523455352783203125e+02 1.525894470214843750e+02
1.483836975097656250e+02 1.515049285888671875e+02
3.457168884277343750e+02 3.430346679687500000e+02
3.320132141113281250e+02 3.309459838867187500e+02
2.328515777587890625e+02 2.329579467773437500e+02
1.448641510009765625e+02 1.485544738769531250e+02
1.661037139892578125e+02 1.658271026611328125e+02
3.321319580078125000e+02 3.302734680175781250e+02
3.699880676269531250e+02 3.692362365722656250e+02
1.455179443359375000e+02 1.477703704833984375e+02
2.348452148437500000e+02 2.365183258056640625e+02
2.257265167236328125e+02 2.248673706054687500e+02
1.709555358886718750e+02 1.704409942626953125e+02
1.671555633544921875e+02 1.665588226318359375e+02
2.622917480468750000e+02 2.628020935058593750e+02
2.543310852050781250e+02 2.533881378173828125e+02
3.731306457519531250e+02 3.766236572265625000e+02
3.587929382324218750e+02 3.541232299804687500e+02
2.042544708251953125e+02 2.026392517089843750e+02
3.673486938476562500e+02 3.663913269042968750e+02
3.702043457031250000e+02 3.675102539062500000e+02
1.497389068603515625e+02 1.488248596191406250e+02
2.353660278320312500e+02 2.331994781494140625e+02
2.540374755859375000e+02 2.534396972656250000e+02
2.128002471923828125e+02 2.121517028808593750e+02
1.496510925292968750e+02 1.484158935546875000e+02
3.457061767578125000e+02 3.448596801757812500e+02
1.872724609375000000e+02 1.883173065185546875e+02
3.321529235839843750e+02 3.315349121093750000e+02
2.340523834228515625e+02 2.344850921630859375e+02
2.340138549804687500e+02 2.330153198242187500e+02
3.586393127441406250e+02 3.561640014648437500e+02
2.006559600830078125e+02 1.983243713378906250e+02
1.660877075195312500e+02 1.666560058593750000e+02
2.789092407226562500e+02 2.786142578125000000e+02
1.911152954101562500e+02 1.905608215332031250e+02
3.942299499511718750e+02 3.914936523437500000e+02
1.961892547607421875e+02 1.953102111816406250e+02
2.359146270751953125e+02 2.348617248535156250e+02
1.591421661376953125e+02 1.564240722656250000e+02
3.482950134277343750e+02 3.477776184082031250e+02
4.417027282714843750e+02 4.389971618652343750e+02
1.805479736328125000e+02 1.799113922119140625e+02
1.478087463378906250e+02 1.471413116455078125e+02
1.907589874267578125e+02 1.882987976074218750e+02
2.557334594726562500e+02 2.561739807128906250e+02
3.519269104003906250e+02 3.529591064453125000e+02
