1.060339342802762985e-02 6.460443139076232910e-03
6.299400236457586288e-03 7.723533082753419876e-03
5.781039595603942871e-03 5.634292960166931152e-03
4.210949409753084183e-03 3.819826059043407440e-03
3.370588878169655800e-03 4.833270329982042313e-03
3.352788276970386505e-03 5.508799571543931961e-03
3.171768970787525177e-03 3.512159222736954689e-03
2.760439412668347359e-03 3.062449628487229347e-03
3.344980999827384949e-03 4.340745043009519577e-03
2.592677017673850060e-03 5.075328517705202103e-03
2.659609774127602577e-03 3.672473831102252007e-03
2.373720286414027214e-03 3.455958329141139984e-03
2.538934117183089256e-03 4.352408926934003830e-03
2.612795215100049973e-03 4.652008414268493652e-03
2.437328919768333435e-03 3.547007218003273010e-03
2.898490754887461662e-03 4.425911698490381241e-03
2.540951361879706383e-03 3.997946158051490784e-03
2.749519888311624527e-03 3.355071647092700005e-03
3.693768521770834923e-03 4.749392159283161163e-03
2.561440691351890564e-03 3.286360530182719231e-03
2.593238139525055885e-03 3.522668266668915749e-03
2.313628559932112694e-03 3.305205143988132477e-03
2.336966805160045624e-03 4.210106562823057175e-03
1.927069271914660931e-03 5.371766630560159683e-03
2.521471120417118073e-03 4.656711593270301819e-03
2.450902713462710381e-03 3.631483297795057297e-03
2.874755766242742538e-03 3.089894773438572884e-03
2.881804713979363441e-03 4.769834689795970917e-03
2.290699630975723267e-03 3.377159126102924347e-03
2.054967917501926422e-03 4.335594829171895981e-03
2.399374963715672493e-03 4.469324368983507156e-03
2.562923356890678406e-03 4.619828891009092331e-03
2.491800114512443542e-03 3.505262546241283417e-03
2.575074322521686554e-03 3.479564096778631210e-03
2.797600813210010529e-03 4.516690038144588470e-03
2.627147594466805458e-03 5.092542152851819992e-03
3.792947391048073769e-03 8.197597227990627289e-03
2.979722339659929276e-03 3.708180272951722145e-03
3.095371648669242859e-03 3.639304311946034431e-03
2.277980092912912369e-03 3.659763839095830917e-03
1.936168409883975983e-03 3.199249971657991409e-03
2.505573444068431854e-03 3.954142797738313675e-03
2.184020821005105972e-03 3.308541839942336082e-03
1.981410896405577660e-03 3.683578222990036011e-03
1.995724625885486603e-03 4.900546744465827942e-03
2.601266838610172272e-03 3.888592356815934181e-03
2.439606701955199242e-03 3.473367309197783470e-03
3.441632026806473732e-03 5.975404754281044006e-03
3.195914207026362419e-03 5.492064170539379120e-03
4.348755348473787308e-03 4.540981259196996689e-03
2.913195174187421799e-03 4.440192133188247681e-03
2.437160816043615341e-03 4.483376163989305496e-03
2.430236665531992912e-03 3.521358594298362732e-03
2.113740192726254463e-03 3.752029035240411758e-03
2.072177827358245850e-03 4.005413036793470383e-03
2.580268308520317078e-03 3.867506515234708786e-03
2.196084009483456612e-03 5.533888936042785645e-03
2.130033215507864952e-03 5.467642098665237427e-03
3.973149694502353668e-03 4.800434689968824387e-03
3.140600398182868958e-03 4.237644840031862259e-03
2.339969621971249580e-03 3.767853602766990662e-03
2.354589989408850670e-03 3.485124092549085617e-03
2.661630976945161819e-03 3.700444241985678673e-03
2.743036719039082527e-03 3.914233762770891190e-03
2.104271203279495239e-03 4.001672379672527313e-03
1.891662483103573322e-03 4.299602471292018890e-03
1.777051715180277824e-03 3.789375536143779755e-03
1.964312745258212090e-03 3.522040555253624916e-03
1.985526410862803459e-03 3.870810614898800850e-03
2.213708125054836273e-03 3.676416585221886635e-03
2.087311819195747375e-03 3.958291374146938324e-03
2.475438173860311508e-03 4.200519993901252747e-03
3.327569691464304924e-03 4.317693412303924561e-03
2.174793509766459465e-03 5.681052338331937790e-03
2.448661020025610924e-03 3.510988084599375725e-03
2.154450165107846260e-03 3.996187355369329453e-03
2.063139807432889938e-03 3.678758628666400909e-03
1.839445088990032673e-03 3.908744547516107559e-03
2.302734646946191788e-03 3.595633432269096375e-03
2.411658409982919693e-03 4.108571447432041168e-03
2.549348399043083191e-03 4.646583925932645798e-03
2.581390552222728729e-03 5.287426523864269257e-03
2.663850784301757812e-03 4.107967484742403030e-03
1.928233308717608452e-03 3.996327985078096390e-03
1.708685769699513912e-03 3.729798831045627594e-03
1.862294971942901611e-03 3.892076900228857994e-03
2.468610182404518127e-03 4.378425423055887222e-03
2.316312864422798157e-03 3.960826434195041656e-03
2.942685969173908234e-03 5.191109608858823776e-03
3.089459380134940147e-03 5.258168559521436691e-03
2.693168120458722115e-03 3.943453542888164520e-03
1.941062160767614841e-03 4.084628075361251831e-03
1.906060846522450447e-03 3.984170500189065933e-03
1.889667473733425140e-03 3.837709780782461166e-03
2.102301223203539848e-03 4.305876325815916061e-03
1.824459177441895008e-03 3.907082602381706238e-03
1.649115234613418579e-03 3.982133697718381882e-03
2.164018340408802032e-03 4.105626139789819717e-03
2.078651450574398041e-03 3.752507735043764114e-03
2.154881833121180534e-03 4.467695485800504684e-03
2.940976526588201523e-03 4.566857591271400452e-03
3.179194172844290733e-03 3.937806934118270874e-03
1.946063013747334480e-03 3.885996295139193535e-03
2.122926991432905197e-03 4.519409965723752975e-03
2.642097184434533119e-03 4.062426276504993439e-03
2.184500684961676598e-03 4.547521471977233887e-03
2.507021185010671616e-03 3.863972844555974007e-03
1.808528439141809940e-03 3.986991476267576218e-03
