9.587235450744628906e-01 9.650002717971801758e-01
8.385433554649353027e-01 8.389188051223754883e-01
7.225587368011474609e-01 7.237421870231628418e-01
8.605155944824218750e-01 8.628367781639099121e-01
9.066802263259887695e-01 9.096194505691528320e-01
8.192530870437622070e-01 8.199155926704406738e-01
8.970285058021545410e-01 8.989105820655822754e-01
8.847810029983520508e-01 8.860597014427185059e-01
8.315104246139526367e-01 8.315296769142150879e-01
8.767158389091491699e-01 8.766412138938903809e-01
7.263138294219970703e-01 7.271628379821777344e-01
8.942207694053649902e-01 8.978478312492370605e-01
7.270734906196594238e-01 7.285616397857666016e-01
8.760148286819458008e-01 8.780072331428527832e-01
8.262836337089538574e-01 8.275657296180725098e-01
9.177669882774353027e-01 9.220072031021118164e-01
9.228591918945312500e-01 9.250613451004028320e-01
9.289603233337402344e-01 9.304935932159423828e-01
8.393452763557434082e-01 8.402914404869079590e-01
7.646596431732177734e-01 7.626640796661376953e-01
9.236304759979248047e-01 9.253847599029541016e-01
9.046043157577514648e-01 9.056063294410705566e-01
7.274878025054931641e-01 7.280018329620361328e-01
9.426801204681396484e-01 9.468362927436828613e-01
9.026370644569396973e-01 9.038891196250915527e-01
9.161015748977661133e-01 9.206090569496154785e-01
7.264401316642761230e-01 7.266678214073181152e-01
8.572707176208496094e-01 8.585314750671386719e-01
9.704385399818420410e-01 9.715498685836791992e-01
7.750491499900817871e-01 7.754363417625427246e-01
7.264157533645629883e-01 7.283853888511657715e-01
7.565670609474182129e-01 7.584525346755981445e-01
7.941570281982421875e-01 7.947415709495544434e-01
9.032802581787109375e-01 9.050573706626892090e-01
7.664083242416381836e-01 7.647280097007751465e-01
8.827966451644897461e-01 8.834833502769470215e-01
9.206000566482543945e-01 9.210322499275207520e-01
7.685360312461853027e-01 7.687007784843444824e-01
8.654370903968811035e-01 8.647868633270263672e-01
8.551324009895324707e-01 8.562963008880615234e-01
7.729713916778564453e-01 7.730681300163269043e-01
9.569571018218994141e-01 9.615565538406372070e-01
8.728888034820556641e-01 8.774623274803161621e-01
7.265409231185913086e-01 7.275829315185546875e-01
8.603532910346984863e-01 8.624113798141479492e-01
9.396759867668151855e-01 9.423725008964538574e-01
9.394960999488830566e-01 9.401419162750244141e-01
8.809071779251098633e-01 8.813496828079223633e-01
7.857676744461059570e-01 7.857310771942138672e-01
9.018580317497253418e-01 9.031056165695190430e-01
7.804921865463256836e-01 7.820619940757751465e-01
1.029134631156921387e+00 1.028767108917236328e+00
9.621319770812988281e-01 9.624634385108947754e-01
7.832968235015869141e-01 7.843769192695617676e-01
8.312799930572509766e-01 8.301638364791870117e-01
8.864173889160156250e-01 8.884111046791076660e-01
9.413920044898986816e-01 9.447680711746215820e-01
7.702248096466064453e-01 7.719545960426330566e-01
9.669672250747680664e-01 9.706389307975769043e-01
9.915148019790649414e-01 9.971593022346496582e-01
8.501713275909423828e-01 8.512175679206848145e-01
9.504422545433044434e-01 9.533212184906005859e-01
9.061318635940551758e-01 9.091243147850036621e-01
9.141972064971923828e-01 9.136908054351806641e-01
9.539601802825927734e-01 9.586211442947387695e-01
7.987662553787231445e-01 7.995331287384033203e-01
9.500184655189514160e-01 9.508794546127319336e-01
8.580216169357299805e-01 8.615953326225280762e-01
9.640288949012756348e-01 9.659997224807739258e-01
9.436630606651306152e-01 9.449509978294372559e-01
7.267950177192687988e-01 7.280469536781311035e-01
7.593820095062255859e-01 7.614647746086120605e-01
8.486264944076538086e-01 8.507061004638671875e-01
9.051273465156555176e-01 9.060950875282287598e-01
9.481309652328491211e-01 9.495715498924255371e-01
8.672734498977661133e-01 8.694100379943847656e-01
9.233740568161010742e-01 9.236773252487182617e-01
9.739270806312561035e-01 9.749125242233276367e-01
8.546723127365112305e-01 8.545804023742675781e-01
8.324692249298095703e-01 8.318514227867126465e-01
9.093241691589355469e-01 9.129267334938049316e-01
8.144635558128356934e-01 8.132361173629760742e-01
8.552967309951782227e-01 8.558617830276489258e-01
8.604446649551391602e-01 8.624030351638793945e-01
8.736915588378906250e-01 8.735004067420959473e-01
7.592481970787048340e-01 7.574498057365417480e-01
8.306447863578796387e-01 8.312127590179443359e-01
8.512019515037536621e-01 8.552434444427490234e-01
9.124976992607116699e-01 9.135078787803649902e-01
7.228482961654663086e-01 7.235119342803955078e-01
8.572750091552734375e-01 8.604777455329895020e-01
8.510250449180603027e-01 8.529388904571533203e-01
7.587787508964538574e-01 7.620466351509094238e-01
8.820754885673522949e-01 8.864009976387023926e-01
7.754356861114501953e-01 7.752341032028198242e-01
9.341260790824890137e-01 9.356930255889892578e-01
8.356767296791076660e-01 8.353110551834106445e-01
8.889583945274353027e-01 8.900620937347412109e-01
8.777294158935546875e-01 8.764578700065612793e-01
8.341048359870910645e-01 8.345873355865478516e-01
9.119242429733276367e-01 9.120851755142211914e-01
7.867385149002075195e-01 7.870608568191528320e-01
8.207987546920776367e-01 8.228492736816406250e-01
8.339956402778625488e-01 8.344998359680175781e-01
8.389433622360229492e-01 8.405869603157043457e-01
8.807444572448730469e-01 8.814497590065002441e-01
8.243565559387207031e-01 8.255802989006042480e-01
8.862874507904052734e-01 8.884460926055908203e-01
9.275518059730529785e-01 9.280133843421936035e-01
7.719389200210571289e-01 7.726636528968811035e-01
9.008534550666809082e-01 9.005985856056213379e-01
9.021468758583068848e-01 9.048124551773071289e-01
8.737654685974121094e-01 8.799906373023986816e-01
8.226219415664672852e-01 8.229783773422241211e-01
7.984737753868103027e-01 7.979004979133605957e-01
7.740902900695800781e-01 7.752795815467834473e-01
8.071277141571044922e-01 8.063359856605529785e-01
8.463842272758483887e-01 8.465505838394165039e-01
8.465613722801208496e-01 8.473685383796691895e-01
8.034337759017944336e-01 8.027137517929077148e-01
8.828173875808715820e-01 8.848531246185302734e-01
9.223213195800781250e-01 9.259949326515197754e-01
9.793749451637268066e-01 9.816726446151733398e-01
8.929084539413452148e-01 8.958733081817626953e-01
9.269827604293823242e-01 9.280309081077575684e-01
8.997860550880432129e-01 9.014723896980285645e-01
7.595233321189880371e-01 7.600020170211791992e-01
9.359095692634582520e-01 9.370777606964111328e-01
8.037074804306030273e-01 8.050126433372497559e-01
8.322756886482238770e-01 8.292216062545776367e-01
8.336405754089355469e-01 8.321481347084045410e-01
8.519453406333923340e-01 8.561671376228332520e-01
9.499823451042175293e-01 9.504427313804626465e-01
7.628598809242248535e-01 7.627360224723815918e-01
9.015492200851440430e-01 9.032605290412902832e-01
9.222135543823242188e-01 9.228467941284179688e-01
8.005455732345581055e-01 8.003024458885192871e-01
8.383518457412719727e-01 8.366285562515258789e-01
7.929695248603820801e-01 7.955594658851623535e-01
7.857992649078369141e-01 7.869350910186767578e-01
8.355005979537963867e-01 8.365740180015563965e-01
9.035905003547668457e-01 9.054682850837707520e-01
8.510998487472534180e-01 8.512821793556213379e-01
9.654939174652099609e-01 9.689939618110656738e-01
7.845621109008789062e-01 7.865515947341918945e-01
7.640064358711242676e-01 7.631360292434692383e-01
8.807682991027832031e-01 8.824438452720642090e-01
8.223208785057067871e-01 8.244233727455139160e-01
7.639615535736083984e-01 7.669308185577392578e-01
8.654189705848693848e-01 8.667309880256652832e-01
7.874221801757812500e-01 7.854642868041992188e-01
8.038603067398071289e-01 8.042971491813659668e-01
8.362769484519958496e-01 8.374481201171875000e-01
9.149100780487060547e-01 9.160674214363098145e-01
8.648381829261779785e-01 8.652430176734924316e-01
8.213203549385070801e-01 8.224266767501831055e-01
9.011721611022949219e-01 9.031364321708679199e-01
8.733462095260620117e-01 8.732417821884155273e-01
8.658853173255920410e-01 8.656374812126159668e-01
9.028522372245788574e-01 9.042081832885742188e-01
8.783554434776306152e-01 8.809254765510559082e-01
8.851885795593261719e-01 8.859133124351501465e-01
9.485756158828735352e-01 9.511677026748657227e-01
7.722232937812805176e-01 7.739455103874206543e-01
7.720122933387756348e-01 7.737994790077209473e-01
9.377219080924987793e-01 9.385807514190673828e-01
7.638230323791503906e-01 7.678487896919250488e-01
9.082502126693725586e-01 9.101468324661254883e-01
9.117233157157897949e-01 9.139469265937805176e-01
7.923221588134765625e-01 7.954614758491516113e-01
8.595509529113769531e-01 8.648170828819274902e-01
7.858463525772094727e-01 7.854075431823730469e-01
8.319408297538757324e-01 8.345909118652343750e-01
8.899005651473999023e-01 8.924070596694946289e-01
8.871292471885681152e-01 8.906227350234985352e-01
8.075953125953674316e-01 8.087974190711975098e-01
7.274984121322631836e-01 7.305713891983032227e-01
8.373067378997802734e-01 8.376452326774597168e-01
8.064293861389160156e-01 8.073235154151916504e-01
8.372889757156372070e-01 8.374099731445312500e-01
7.650579214096069336e-01 7.683359384536743164e-01
8.912057280540466309e-01 8.920783400535583496e-01
7.237312197685241699e-01 7.248141169548034668e-01
9.372740387916564941e-01 9.388601183891296387e-01
8.225460052490234375e-01 8.258827924728393555e-01
7.691379189491271973e-01 7.702742815017700195e-01
8.864408731460571289e-01 8.862330317497253418e-01
8.730803728103637695e-01 8.745754957199096680e-01
8.232157230377197266e-01 8.267876505851745605e-01
7.239395380020141602e-01 7.234858274459838867e-01
8.282444477081298828e-01 8.308153748512268066e-01
9.509170055389404297e-01 9.535254240036010742e-01
8.332002162933349609e-01 8.350725769996643066e-01
8.305441737174987793e-01 8.317664861679077148e-01
8.986856937408447266e-01 8.997497558593750000e-01
7.647823095321655273e-01 7.642183899879455566e-01
8.702259063720703125e-01 8.748220205307006836e-01
8.851312398910522461e-01 8.873811960220336914e-01
9.006547927856445312e-01 9.018673300743103027e-01
9.328922033309936523e-01 9.356132149696350098e-01
7.794114351272583008e-01 7.794009447097778320e-01
8.521431684494018555e-01 8.529918193817138672e-01
7.584470510482788086e-01 7.605673074722290039e-01
7.637447118759155273e-01 7.649363875389099121e-01
7.231858968734741211e-01 7.232787013053894043e-01
8.860644102096557617e-01 8.906127810478210449e-01
8.983753323554992676e-01 9.008477330207824707e-01
9.547148942947387695e-01 9.576281309127807617e-01
8.791011571884155273e-01 8.795204758644104004e-01
9.046196341514587402e-01 9.058277010917663574e-01
8.657904863357543945e-01 8.662031888961791992e-01
8.993721604347229004e-01 9.025681614875793457e-01
7.978091835975646973e-01 7.971249818801879883e-01
8.870266675949096680e-01 8.889858126640319824e-01
9.029963016510009766e-01 9.061834216117858887e-01
8.621157407760620117e-01 8.664419054985046387e-01
7.251617908477783203e-01 7.253482341766357422e-01
8.557159900665283203e-01 8.561407923698425293e-01
8.919511437416076660e-01 8.945917487144470215e-01
7.230471968650817871e-01 7.249657511711120605e-01
8.978060483932495117e-01 8.995856046676635742e-01
7.838295698165893555e-01 7.844172716140747070e-01
8.171014189720153809e-01 8.201282620429992676e-01
8.457212448120117188e-01 8.471328616142272949e-01
7.973497509956359863e-01 7.958757877349853516e-01
7.726597189903259277e-01 7.723042964935302734e-01
7.617855072021484375e-01 7.597890496253967285e-01
8.880752325057983398e-01 8.901803493499755859e-01
8.997131586074829102e-01 9.005010128021240234e-01
8.757631778717041016e-01 8.771496415138244629e-01
8.366576433181762695e-01 8.385653495788574219e-01
8.981818556785583496e-01 8.998071551322937012e-01
9.747902750968933105e-01 9.784803390502929688e-01
8.501901030540466309e-01 8.522053360939025879e-01
7.925803065299987793e-01 7.946491241455078125e-01
7.641773223876953125e-01 7.663776278495788574e-01
9.169622659683227539e-01 9.174049496650695801e-01
8.386997580528259277e-01 8.405118584632873535e-01
7.734268903732299805e-01 7.757044434547424316e-01
8.996686935424804688e-01 9.012462496757507324e-01
7.890748977661132812e-01 7.884159088134765625e-01
7.829046845436096191e-01 7.840466499328613281e-01
9.288508892059326172e-01 9.322199821472167969e-01
7.903798222541809082e-01 7.894740700721740723e-01
7.591664791107177734e-01 7.611929178237915039e-01
7.559214234352111816e-01 7.565973401069641113e-01
8.469083905220031738e-01 8.497490882873535156e-01
7.695685029029846191e-01 7.704028487205505371e-01
8.978517055511474609e-01 8.997886180877685547e-01
7.544615268707275391e-01 7.562115192413330078e-01
9.100331068038940430e-01 9.131361842155456543e-01
7.240513563156127930e-01 7.233552336692810059e-01
7.741732001304626465e-01 7.765979766845703125e-01
8.739901781082153320e-01 8.747045397758483887e-01
8.514280319213867188e-01 8.510082960128784180e-01
8.356648683547973633e-01 8.375905752182006836e-01
9.312139153480529785e-01 9.327704906463623047e-01
8.374594449996948242e-01 8.376023173332214355e-01
9.043297171592712402e-01 9.055923819541931152e-01
7.222450971603393555e-01 7.212257981300354004e-01
7.904771566390991211e-01 7.912235856056213379e-01
8.220664262771606445e-01 8.204218149185180664e-01
8.461815714836120605e-01 8.472707271575927734e-01
9.102419018745422363e-01 9.123809337615966797e-01
8.868222236633300781e-01 8.891274333000183105e-01
8.218263387680053711e-01 8.272382616996765137e-01
9.699637293815612793e-01 9.721994996070861816e-01
9.362272024154663086e-01 9.403306245803833008e-01
8.304909467697143555e-01 8.320194482803344727e-01
9.230236411094665527e-01 9.235692024230957031e-01
8.554096221923828125e-01 8.539917469024658203e-01
9.508688449859619141e-01 9.524478912353515625e-01
9.208856225013732910e-01 9.235095977783203125e-01
8.803997635841369629e-01 8.801580071449279785e-01
9.258909225463867188e-01 9.266345500946044922e-01
8.461381196975708008e-01 8.466114401817321777e-01
7.737096548080444336e-01 7.748494744300842285e-01
7.592440843582153320e-01 7.612822651863098145e-01
9.078735709190368652e-01 9.099902510643005371e-01
8.827975988388061523e-01 8.849790692329406738e-01
7.586798667907714844e-01 7.597678303718566895e-01
7.980772256851196289e-01 7.983255982398986816e-01
8.527001142501831055e-01 8.558858633041381836e-01
9.626336693763732910e-01 9.618631601333618164e-01
9.065953493118286133e-01 9.066615700721740723e-01
9.444509744644165039e-01 9.466847777366638184e-01
9.655401706695556641e-01 9.695318937301635742e-01
7.833492159843444824e-01 7.854658961296081543e-01
7.640966176986694336e-01 7.658120393753051758e-01
8.862776160240173340e-01 8.891491889953613281e-01
9.266573190689086914e-01 9.276552796363830566e-01
8.226686120033264160e-01 8.255584836006164551e-01
9.094573855400085449e-01 9.147522449493408203e-01
8.033605813980102539e-01 8.037891983985900879e-01
9.104467630386352539e-01 9.119922518730163574e-01
8.715075254440307617e-01 8.730620145797729492e-01
8.160696625709533691e-01 8.163454532623291016e-01
9.073536396026611328e-01 9.078482389450073242e-01
8.832604885101318359e-01 8.837506175041198730e-01
8.730558156967163086e-01 8.745668530464172363e-01
1.033170461654663086e+00 1.028781771659851074e+00
9.840458631515502930e-01 9.889904856681823730e-01
8.516150116920471191e-01 8.536217808723449707e-01
9.749256372451782227e-01 9.741094708442687988e-01
9.199324846267700195e-01 9.230501055717468262e-01
7.235304713249206543e-01 7.236974239349365234e-01
8.609938621520996094e-01 8.611607551574707031e-01
7.576752305030822754e-01 7.604994773864746094e-01
7.269604206085205078e-01 7.291576862335205078e-01
9.294136166572570801e-01 9.311892986297607422e-01
8.436940908432006836e-01 8.444400429725646973e-01
9.414573907852172852e-01 9.453036189079284668e-01
9.032075405120849609e-01 9.054640531539916992e-01
7.274693250656127930e-01 7.269521951675415039e-01
8.722716569900512695e-01 8.750138282775878906e-01
8.717344999313354492e-01 8.746256232261657715e-01
9.395500421524047852e-01 9.430654048919677734e-01
9.095396399497985840e-01 9.132829904556274414e-01
7.823099493980407715e-01 7.844658493995666504e-01
7.866249084472656250e-01 7.868624329566955566e-01
7.625372409820556641e-01 7.628441452980041504e-01
8.648235797882080078e-01 8.664320707321166992e-01
9.670328497886657715e-01 9.683886170387268066e-01
7.751988172531127930e-01 7.788046598434448242e-01
8.004766106605529785e-01 7.993114590644836426e-01
8.393388986587524414e-01 8.431689143180847168e-01
7.837409377098083496e-01 7.861572504043579102e-01
9.008347988128662109e-01 9.023581743240356445e-01
7.534636855125427246e-01 7.560038566589355469e-01
8.888418078422546387e-01 8.916638493537902832e-01
8.915102481842041016e-01 8.919883966445922852e-01
8.195430636405944824e-01 8.217788934707641602e-01
7.260133028030395508e-01 7.254881262779235840e-01
8.233498930931091309e-01 8.232154250144958496e-01
8.284628391265869141e-01 8.267631530761718750e-01
8.244633078575134277e-01 8.255032896995544434e-01
9.015403985977172852e-01 9.037136435508728027e-01
9.419915080070495605e-01 9.451249241828918457e-01
7.237045764923095703e-01 7.222838997840881348e-01
7.715633511543273926e-01 7.725002765655517578e-01
9.401569962501525879e-01 9.422299861907958984e-01
7.786142826080322266e-01 7.801279425621032715e-01
9.515517950057983398e-01 9.518720507621765137e-01
8.798593878746032715e-01 8.816125988960266113e-01
7.643125057220458984e-01 7.653071880340576172e-01
8.240208625793457031e-01 8.254514336585998535e-01
8.525122404098510742e-01 8.541920185089111328e-01
8.702726960182189941e-01 8.711872100830078125e-01
8.878037929534912109e-01 8.892261981964111328e-01
7.635506987571716309e-01 7.655280828475952148e-01
7.283171415328979492e-01 7.274577617645263672e-01
9.654584527015686035e-01 9.665511846542358398e-01
9.114127159118652344e-01 9.157642126083374023e-01
9.196930527687072754e-01 9.228670597076416016e-01
7.891725301742553711e-01 7.908530235290527344e-01
9.237134456634521484e-01 9.249435067176818848e-01
9.405557513236999512e-01 9.424562454223632812e-01
7.920031547546386719e-01 7.915000319480895996e-01
7.265180349349975586e-01 7.258622646331787109e-01
9.170132875442504883e-01 9.186799526214599609e-01
8.529288768768310547e-01 8.527324199676513672e-01
7.732473611831665039e-01 7.748628854751586914e-01
8.786281943321228027e-01 8.803749084472656250e-01
8.041051626205444336e-01 8.048520088195800781e-01
8.040857315063476562e-01 8.064941167831420898e-01
8.881585001945495605e-01 8.906502127647399902e-01
9.923892021179199219e-01 9.966333508491516113e-01
8.865588903427124023e-01 8.913751244544982910e-01
8.928529620170593262e-01 8.941720128059387207e-01
8.760472536087036133e-01 8.801028132438659668e-01
8.803995847702026367e-01 8.815431594848632812e-01
8.165093660354614258e-01 8.185276985168457031e-01
9.288684725761413574e-01 9.303898811340332031e-01
8.818725943565368652e-01 8.831295371055603027e-01
9.318400621414184570e-01 9.359160065650939941e-01
7.822594046592712402e-01 7.844032645225524902e-01
8.518648743629455566e-01 8.527888059616088867e-01
8.383271694183349609e-01 8.385745286941528320e-01
8.520739078521728516e-01 8.538872599601745605e-01
9.298916459083557129e-01 9.323772192001342773e-01
8.750762939453125000e-01 8.763554096221923828e-01
9.095795154571533203e-01 9.129263162612915039e-01
8.374737501144409180e-01 8.369547724723815918e-01
8.618364930152893066e-01 8.639325499534606934e-01
9.114756584167480469e-01 9.133110046386718750e-01
9.138444662094116211e-01 9.148017764091491699e-01
8.516518473625183105e-01 8.531327247619628906e-01
9.100441932678222656e-01 9.114625453948974609e-01
9.305115342140197754e-01 9.326293468475341797e-01
7.257369756698608398e-01 7.264566421508789062e-01
9.042278528213500977e-01 9.072378873825073242e-01
9.333488941192626953e-01 9.350013136863708496e-01
9.445580244064331055e-01 9.460682272911071777e-01
8.267329931259155273e-01 8.253834247589111328e-01
9.659278988838195801e-01 9.671195745468139648e-01
7.546554803848266602e-01 7.600082755088806152e-01
8.635692596435546875e-01 8.624212145805358887e-01
7.972031831741333008e-01 7.991773486137390137e-01
7.820756435394287109e-01 7.817448973655700684e-01
8.384839296340942383e-01 8.403581976890563965e-01
8.832004070281982422e-01 8.858287334442138672e-01
8.223213553428649902e-01 8.241856098175048828e-01
9.779301285743713379e-01 9.823138117790222168e-01
8.770123720169067383e-01 8.782095909118652344e-01
8.267481327056884766e-01 8.275643587112426758e-01
8.643525838851928711e-01 8.644235134124755859e-01
9.400256872177124023e-01 9.430689811706542969e-01
8.683690428733825684e-01 8.706034421920776367e-01
8.812679052352905273e-01 8.836868405342102051e-01
7.254050970077514648e-01 7.247251868247985840e-01
9.280679225921630859e-01 9.301320910453796387e-01
8.696219325065612793e-01 8.705571889877319336e-01
7.279193997383117676e-01 7.272627353668212891e-01
9.629119634628295898e-01 9.634037017822265625e-01
7.788112759590148926e-01 7.830631136894226074e-01
8.928511142730712891e-01 8.946906924247741699e-01
9.254873394966125488e-01 9.299780130386352539e-01
9.623696208000183105e-01 9.630146622657775879e-01
9.604694247245788574e-01 9.625506997108459473e-01
9.123783111572265625e-01 9.136487841606140137e-01
8.275426626205444336e-01 8.272178173065185547e-01
8.217639327049255371e-01 8.228560686111450195e-01
8.776938915252685547e-01 8.787283897399902344e-01
9.019010066986083984e-01 9.027068018913269043e-01
7.548372149467468262e-01 7.574751973152160645e-01
9.062893390655517578e-01 9.087494611740112305e-01
8.341847658157348633e-01 8.363734483718872070e-01
8.451009392738342285e-01 8.455938100814819336e-01
9.640578627586364746e-01 9.656246900558471680e-01
7.882805466651916504e-01 7.869081497192382812e-01
7.282496690750122070e-01 7.280628681182861328e-01
9.248049259185791016e-01 9.252832531929016113e-01
9.084196090698242188e-01 9.106436371803283691e-01
7.635169029235839844e-01 7.658296823501586914e-01
8.361431956291198730e-01 8.348219394683837891e-01
8.639009594917297363e-01 8.634219765663146973e-01
8.243368268013000488e-01 8.238914012908935547e-01
8.015739917755126953e-01 8.018318414688110352e-01
9.284310936927795410e-01 9.308164715766906738e-01
8.944373130798339844e-01 8.957737684249877930e-01
7.268705368041992188e-01 7.255240082740783691e-01
8.870486021041870117e-01 8.879863619804382324e-01
7.830047607421875000e-01 7.828164696693420410e-01
8.555228710174560547e-01 8.586841225624084473e-01
9.225111603736877441e-01 9.248502850532531738e-01
8.832064867019653320e-01 8.847279548645019531e-01
9.423018097877502441e-01 9.457509517669677734e-01
8.460325598716735840e-01 8.468964695930480957e-01
9.402921795845031738e-01 9.409192800521850586e-01
8.534780740737915039e-01 8.538295030593872070e-01
9.790360331535339355e-01 9.787181019783020020e-01
8.877110481262207031e-01 8.883752226829528809e-01
8.332449197769165039e-01 8.347023129463195801e-01
8.352888822555541992e-01 8.352466821670532227e-01
9.224407672882080078e-01 9.232262969017028809e-01
8.760958909988403320e-01 8.755557537078857422e-01
9.030690789222717285e-01 9.055681228637695312e-01
9.451484680175781250e-01 9.467400312423706055e-01
9.718670845031738281e-01 9.729081988334655762e-01
7.683445215225219727e-01 7.701861262321472168e-01
7.268103361129760742e-01 7.250092625617980957e-01
8.711338043212890625e-01 8.729107975959777832e-01
8.579068183898925781e-01 8.567208051681518555e-01
8.184249997138977051e-01 8.193666338920593262e-01
7.821902632713317871e-01 7.841230630874633789e-01
9.092050790786743164e-01 9.101510643959045410e-01
9.761928915977478027e-01 9.797341227531433105e-01
8.479052782058715820e-01 8.491131663322448730e-01
1.032750964164733887e+00 1.036456584930419922e+00
8.480768799781799316e-01 8.481053709983825684e-01
7.786936163902282715e-01 7.807328104972839355e-01
8.998985886573791504e-01 8.996601104736328125e-01
8.373129367828369141e-01 8.374906182289123535e-01
7.696641683578491211e-01 7.712695598602294922e-01
7.263360619544982910e-01 7.253167629241943359e-01
8.078647255897521973e-01 8.091816902160644531e-01
7.227614521980285645e-01 7.240556478500366211e-01
7.623900175094604492e-01 7.612302899360656738e-01
9.285604357719421387e-01 9.292817711830139160e-01
8.495222926139831543e-01 8.515703082084655762e-01
1.015897989273071289e+00 1.018928766250610352e+00
7.275323867797851562e-01 7.276359200477600098e-01
8.854225277900695801e-01 8.876795172691345215e-01
7.836265563964843750e-01 7.815040349960327148e-01
7.273705601692199707e-01 7.256087660789489746e-01
7.863010168075561523e-01 7.880548834800720215e-01
7.924402952194213867e-01 7.934424877166748047e-01
8.785336017608642578e-01 8.822896480560302734e-01
7.980899214744567871e-01 7.995477318763732910e-01
8.456672430038452148e-01 8.471626043319702148e-01
8.522854447364807129e-01 8.538743853569030762e-01
7.922880649566650391e-01 7.891435027122497559e-01
8.810951709747314453e-01 8.815832138061523438e-01
8.556340932846069336e-01 8.571047186851501465e-01
8.237548470497131348e-01 8.268994092941284180e-01
8.774265050888061523e-01 8.746318817138671875e-01
7.275830507278442383e-01 7.279710173606872559e-01
8.617426156997680664e-01 8.622957468032836914e-01
7.568272352218627930e-01 7.589690685272216797e-01
8.830804228782653809e-01 8.838804364204406738e-01
9.587235450744628906e-01 9.593091011047363281e-01
8.385433554649353027e-01 8.403546214103698730e-01
7.225587368011474609e-01 7.241821885108947754e-01
8.605155944824218750e-01 8.617947697639465332e-01
9.066802263259887695e-01 9.129580855369567871e-01
8.192530870437622070e-01 8.182998299598693848e-01
8.970285058021545410e-01 8.979539275169372559e-01
8.847810029983520508e-01 8.877756595611572266e-01
8.315104246139526367e-01 8.319110274314880371e-01
8.767158389091491699e-01 8.781232833862304688e-01
7.263138294219970703e-01 7.260404825210571289e-01
8.942207694053649902e-01 8.961867094039916992e-01
7.270734906196594238e-01 7.247017621994018555e-01
8.760148286819458008e-01 8.781855106353759766e-01
8.262836337089538574e-01 8.269174098968505859e-01
9.177669882774353027e-01 9.215563535690307617e-01
9.228591918945312500e-01 9.249066114425659180e-01
9.289603233337402344e-01 9.302107095718383789e-01
8.393452763557434082e-01 8.389157056808471680e-01
7.646596431732177734e-01 7.661855220794677734e-01
9.236304759979248047e-01 9.255751371383666992e-01
9.046043157577514648e-01 9.083078503608703613e-01
7.274878025054931641e-01 7.264437079429626465e-01
9.426801204681396484e-01 9.448532462120056152e-01
9.026370644569396973e-01 9.031797051429748535e-01
9.161015748977661133e-01 9.165793657302856445e-01
7.264401316642761230e-01 7.277626395225524902e-01
8.572707176208496094e-01 8.609485626220703125e-01
9.704385399818420410e-01 9.702140688896179199e-01
7.750491499900817871e-01 7.736785411834716797e-01
7.264157533645629883e-01 7.241489291191101074e-01
7.565670609474182129e-01 7.594028115272521973e-01
7.941570281982421875e-01 7.957572340965270996e-01
9.032802581787109375e-01 9.038236737251281738e-01
7.664083242416381836e-01 7.641679644584655762e-01
8.827966451644897461e-01 8.828837871551513672e-01
9.206000566482543945e-01 9.217788577079772949e-01
7.685360312461853027e-01 7.728268504142761230e-01
8.654370903968811035e-01 8.666378855705261230e-01
8.551324009895324707e-01 8.567596673965454102e-01
7.729713916778564453e-01 7.715664505958557129e-01
9.569571018218994141e-01 9.597051739692687988e-01
8.728888034820556641e-01 8.746483922004699707e-01
7.265409231185913086e-01 7.257991433143615723e-01
8.603532910346984863e-01 8.629401326179504395e-01
9.396759867668151855e-01 9.384383559226989746e-01
9.394960999488830566e-01 9.434615373611450195e-01
8.809071779251098633e-01 8.830510973930358887e-01
7.857676744461059570e-01 7.871925830841064453e-01
9.018580317497253418e-01 9.032040238380432129e-01
7.804921865463256836e-01 7.825992703437805176e-01
1.029134631156921387e+00 1.034802913665771484e+00
9.621319770812988281e-01 9.608424901962280273e-01
7.832968235015869141e-01 7.844689488410949707e-01
8.312799930572509766e-01 8.267580866813659668e-01
8.864173889160156250e-01 8.892101049423217773e-01
9.413920044898986816e-01 9.426878690719604492e-01
7.702248096466064453e-01 7.738581895828247070e-01
9.669672250747680664e-01 9.699283838272094727e-01
9.915148019790649414e-01 9.928242564201354980e-01
8.501713275909423828e-01 8.528217673301696777e-01
9.504422545433044434e-01 9.526253938674926758e-01
9.061318635940551758e-01 9.085468649864196777e-01
9.141972064971923828e-01 9.176973104476928711e-01
9.539601802825927734e-01 9.576860666275024414e-01
7.987662553787231445e-01 7.995849847793579102e-01
9.500184655189514160e-01 9.533108472824096680e-01
8.580216169357299805e-01 8.613160848617553711e-01
9.640288949012756348e-01 9.645281434059143066e-01
9.436630606651306152e-01 9.467087984085083008e-01
7.267950177192687988e-01 7.274243235588073730e-01
7.593820095062255859e-01 7.584357857704162598e-01
8.486264944076538086e-01 8.511925935745239258e-01
9.051273465156555176e-01 9.074861407279968262e-01
9.481309652328491211e-01 9.519244432449340820e-01
8.672734498977661133e-01 8.708687424659729004e-01
9.233740568161010742e-01 9.261751770973205566e-01
9.739270806312561035e-01 9.778350591659545898e-01
8.546723127365112305e-01 8.550044894218444824e-01
8.324692249298095703e-01 8.332157135009765625e-01
9.093241691589355469e-01 9.115204811096191406e-01
8.144635558128356934e-01 8.153469562530517578e-01
8.552967309951782227e-01 8.575943112373352051e-01
8.604446649551391602e-01 8.612766265869140625e-01
8.736915588378906250e-01 8.747929930686950684e-01
7.592481970787048340e-01 7.623500227928161621e-01
8.306447863578796387e-01 8.308740258216857910e-01
8.512019515037536621e-01 8.514691591262817383e-01
9.124976992607116699e-01 9.153071641921997070e-01
7.228482961654663086e-01 7.245706319808959961e-01
8.572750091552734375e-01 8.576628565788269043e-01
8.510250449180603027e-01 8.510945439338684082e-01
7.587787508964538574e-01 7.573678493499755859e-01
8.820754885673522949e-01 8.844293951988220215e-01
7.754356861114501953e-01 7.759862542152404785e-01
9.341260790824890137e-01 9.341402053833007812e-01
8.356767296791076660e-01 8.360503315925598145e-01
8.889583945274353027e-01 8.925048112869262695e-01
8.777294158935546875e-01 8.776311278343200684e-01
8.341048359870910645e-01 8.343006968498229980e-01
9.119242429733276367e-01 9.135871529579162598e-01
7.867385149002075195e-01 7.866997718811035156e-01
8.207987546920776367e-01 8.205527663230895996e-01
8.339956402778625488e-01 8.357599377632141113e-01
8.389433622360229492e-01 8.403101563453674316e-01
8.807444572448730469e-01 8.834514617919921875e-01
8.243565559387207031e-01 8.271186351776123047e-01
8.862874507904052734e-01 8.879712820053100586e-01
9.275518059730529785e-01 9.291804432868957520e-01
7.719389200210571289e-01 7.710681557655334473e-01
9.008534550666809082e-01 9.038867950439453125e-01
9.021468758583068848e-01 9.041483402252197266e-01
8.737654685974121094e-01 8.757013082504272461e-01
8.226219415664672852e-01 8.222622275352478027e-01
7.984737753868103027e-01 7.997591495513916016e-01
7.740902900695800781e-01 7.727542519569396973e-01
8.071277141571044922e-01 8.080737590789794922e-01
8.463842272758483887e-01 8.497913479804992676e-01
8.465613722801208496e-01 8.484836816787719727e-01
8.034337759017944336e-01 8.046618700027465820e-01
8.828173875808715820e-01 8.851565122604370117e-01
9.223213195800781250e-01 9.243547916412353516e-01
9.793749451637268066e-01 9.819773435592651367e-01
8.929084539413452148e-01 8.952833414077758789e-01
9.269827604293823242e-01 9.282179474830627441e-01
8.997860550880432129e-01 9.007301926612854004e-01
7.595233321189880371e-01 7.585074305534362793e-01
9.359095692634582520e-01 9.379941225051879883e-01
8.037074804306030273e-01 8.051826357841491699e-01
8.322756886482238770e-01 8.306897878646850586e-01
8.336405754089355469e-01 8.336228728294372559e-01
8.519453406333923340e-01 8.536299467086791992e-01
9.499823451042175293e-01 9.515153765678405762e-01
7.628598809242248535e-01 7.661975026130676270e-01
9.015492200851440430e-01 9.027546048164367676e-01
9.222135543823242188e-01 9.245076775550842285e-01
8.005455732345581055e-01 8.038444519042968750e-01
8.383518457412719727e-01 8.382591009140014648e-01
7.929695248603820801e-01 7.943010926246643066e-01
7.857992649078369141e-01 7.868582606315612793e-01
8.355005979537963867e-01 8.371535539627075195e-01
9.035905003547668457e-01 9.057601690292358398e-01
8.510998487472534180e-01 8.545566797256469727e-01
9.654939174652099609e-01 9.696455001831054688e-01
7.845621109008789062e-01 7.841696143150329590e-01
7.640064358711242676e-01 7.665827274322509766e-01
8.807682991027832031e-01 8.817913532257080078e-01
8.223208785057067871e-01 8.238397836685180664e-01
7.639615535736083984e-01 7.631235122680664062e-01
8.654189705848693848e-01 8.688167333602905273e-01
7.874221801757812500e-01 7.894362807273864746e-01
8.038603067398071289e-01 8.028922677040100098e-01
8.362769484519958496e-01 8.382765650749206543e-01
9.149100780487060547e-01 9.159478545188903809e-01
8.648381829261779785e-01 8.627322316169738770e-01
8.213203549385070801e-01 8.221902847290039062e-01
9.011721611022949219e-01 9.046853780746459961e-01
8.733462095260620117e-01 8.727757930755615234e-01
8.658853173255920410e-01 8.652772903442382812e-01
9.028522372245788574e-01 9.042764902114868164e-01
8.783554434776306152e-01 8.804588913917541504e-01
8.851885795593261719e-01 8.850668668746948242e-01
9.485756158828735352e-01 9.508563280105590820e-01
7.722232937812805176e-01 7.719610333442687988e-01
7.720122933387756348e-01 7.723366618156433105e-01
9.377219080924987793e-01 9.405183792114257812e-01
7.638230323791503906e-01 7.640556693077087402e-01
9.082502126693725586e-01 9.089303016662597656e-01
9.117233157157897949e-01 9.131547212600708008e-01
7.923221588134765625e-01 7.962485551834106445e-01
8.595509529113769531e-01 8.625589609146118164e-01
7.858463525772094727e-01 7.846246361732482910e-01
8.319408297538757324e-01 8.335991501808166504e-01
8.899005651473999023e-01 8.923702836036682129e-01
8.871292471885681152e-01 8.870165348052978516e-01
8.075953125953674316e-01 8.085313439369201660e-01
7.274984121322631836e-01 7.291818261146545410e-01
8.373067378997802734e-01 8.380537033081054688e-01
8.064293861389160156e-01 8.060688376426696777e-01
8.372889757156372070e-01 8.374419808387756348e-01
7.650579214096069336e-01 7.648481130599975586e-01
8.912057280540466309e-01 8.920005559921264648e-01
7.237312197685241699e-01 7.264188528060913086e-01
9.372740387916564941e-01 9.406856298446655273e-01
8.225460052490234375e-01 8.222215175628662109e-01
7.691379189491271973e-01 7.715344429016113281e-01
8.864408731460571289e-01 8.866543769836425781e-01
8.730803728103637695e-01 8.744397163391113281e-01
8.232157230377197266e-01 8.249492049217224121e-01
7.239395380020141602e-01 7.260585427284240723e-01
8.282444477081298828e-01 8.309100270271301270e-01
9.509170055389404297e-01 9.534550905227661133e-01
8.332002162933349609e-01 8.358323574066162109e-01
8.305441737174987793e-01 8.329474329948425293e-01
8.986856937408447266e-01 9.028518795967102051e-01
7.647823095321655273e-01 7.674967050552368164e-01
8.702259063720703125e-01 8.738721013069152832e-01
8.851312398910522461e-01 8.883289098739624023e-01
9.006547927856445312e-01 9.029484391212463379e-01
9.328922033309936523e-01 9.356104731559753418e-01
7.794114351272583008e-01 7.813581228256225586e-01
8.521431684494018555e-01 8.549044132232666016e-01
7.584470510482788086e-01 7.585168480873107910e-01
7.637447118759155273e-01 7.629190087318420410e-01
7.231858968734741211e-01 7.275181412696838379e-01
8.860644102096557617e-01 8.879056572914123535e-01
8.983753323554992676e-01 8.995186090469360352e-01
9.547148942947387695e-01 9.562152028083801270e-01
8.791011571884155273e-01 8.785471916198730469e-01
9.046196341514587402e-01 9.068797230720520020e-01
8.657904863357543945e-01 8.682128190994262695e-01
8.993721604347229004e-01 9.017900228500366211e-01
7.978091835975646973e-01 7.980952262878417969e-01
8.870266675949096680e-01 8.848005533218383789e-01
9.029963016510009766e-01 9.060449600219726562e-01
8.621157407760620117e-01 8.635084629058837891e-01
7.251617908477783203e-01 7.278735637664794922e-01
8.557159900665283203e-01 8.582385182380676270e-01
8.919511437416076660e-01 8.943781852722167969e-01
7.230471968650817871e-01 7.245227694511413574e-01
8.978060483932495117e-01 9.004994034767150879e-01
7.838295698165893555e-01 7.834991812705993652e-01
8.171014189720153809e-01 8.200126886367797852e-01
8.457212448120117188e-01 8.469156622886657715e-01
7.973497509956359863e-01 7.977780699729919434e-01
7.726597189903259277e-01 7.737065553665161133e-01
7.617855072021484375e-01 7.650824189186096191e-01
8.880752325057983398e-01 8.915020823478698730e-01
8.997131586074829102e-01 9.009903669357299805e-01
8.757631778717041016e-01 8.762166500091552734e-01
8.366576433181762695e-01 8.388735055923461914e-01
8.981818556785583496e-01 8.985532522201538086e-01
9.747902750968933105e-01 9.792719483375549316e-01
8.501901030540466309e-01 8.526678681373596191e-01
7.925803065299987793e-01 7.932837605476379395e-01
7.641773223876953125e-01 7.640457749366760254e-01
9.169622659683227539e-01 9.187320470809936523e-01
8.386997580528259277e-01 8.383916616439819336e-01
7.734268903732299805e-01 7.725713253021240234e-01
8.996686935424804688e-01 8.994101285934448242e-01
7.890748977661132812e-01 7.915697097778320312e-01
7.829046845436096191e-01 7.824609875679016113e-01
9.288508892059326172e-01 9.311332702636718750e-01
7.903798222541809082e-01 7.907428145408630371e-01
7.591664791107177734e-01 7.652766108512878418e-01
7.559214234352111816e-01 7.597554922103881836e-01
8.469083905220031738e-01 8.483502268791198730e-01
7.695685029029846191e-01 7.729465961456298828e-01
8.978517055511474609e-01 8.980778455734252930e-01
7.544615268707275391e-01 7.589446306228637695e-01
9.100331068038940430e-01 9.093441367149353027e-01
7.240513563156127930e-01 7.252584695816040039e-01
7.741732001304626465e-01 7.729090452194213867e-01
8.739901781082153320e-01 8.760391473770141602e-01
8.514280319213867188e-01 8.529360294342041016e-01
8.356648683547973633e-01 8.341970443725585938e-01
9.312139153480529785e-01 9.345232844352722168e-01
8.374594449996948242e-01 8.382265567779541016e-01
9.043297171592712402e-01 9.075559973716735840e-01
7.222450971603393555e-01 7.242161035537719727e-01
7.904771566390991211e-01 7.908534407615661621e-01
8.220664262771606445e-01 8.224607110023498535e-01
8.461815714836120605e-01 8.478221893310546875e-01
9.102419018745422363e-01 9.111618995666503906e-01
8.868222236633300781e-01 8.928914070129394531e-01
8.218263387680053711e-01 8.249287009239196777e-01
9.699637293815612793e-01 9.710827469825744629e-01
9.362272024154663086e-01 9.373755455017089844e-01
8.304909467697143555e-01 8.320158720016479492e-01
9.230236411094665527e-01 9.222270846366882324e-01
8.554096221923828125e-01 8.548296689987182617e-01
9.508688449859619141e-01 9.512356519699096680e-01
9.208856225013732910e-01 9.224386811256408691e-01
8.803997635841369629e-01 8.830667138099670410e-01
9.258909225463867188e-01 9.272643327713012695e-01
8.461381196975708008e-01 8.487460613250732422e-01
7.737096548080444336e-01 7.741025090217590332e-01
7.592440843582153320e-01 7.598123550415039062e-01
9.078735709190368652e-01 9.074048399925231934e-01
8.827975988388061523e-01 8.839765191078186035e-01
7.586798667907714844e-01 7.575857043266296387e-01
7.980772256851196289e-01 7.993972301483154297e-01
8.527001142501831055e-01 8.545863628387451172e-01
9.626336693763732910e-01 9.669465422630310059e-01
9.065953493118286133e-01 9.084520339965820312e-01
9.444509744644165039e-01 9.467747211456298828e-01
9.655401706695556641e-01 9.654719829559326172e-01
7.833492159843444824e-01 7.824127078056335449e-01
7.640966176986694336e-01 7.639854550361633301e-01
8.862776160240173340e-01 8.865794539451599121e-01
9.266573190689086914e-01 9.288704991340637207e-01
8.226686120033264160e-01 8.228232860565185547e-01
9.094573855400085449e-01 9.082064032554626465e-01
8.033605813980102539e-01 8.023869395256042480e-01
9.104467630386352539e-01 9.123458266258239746e-01
8.715075254440307617e-01 8.722668886184692383e-01
8.160696625709533691e-01 8.185214400291442871e-01
9.073536396026611328e-01 9.089367985725402832e-01
8.832604885101318359e-01 8.838802576065063477e-01
8.730558156967163086e-01 8.738659024238586426e-01
1.033170461654663086e+00 1.039648413658142090e+00
9.840458631515502930e-01 9.823781251907348633e-01
8.516150116920471191e-01 8.513490557670593262e-01
9.749256372451782227e-01 9.781688451766967773e-01
9.199324846267700195e-01 9.237759709358215332e-01
7.235304713249206543e-01 7.269354462623596191e-01
8.609938621520996094e-01 8.613817691802978516e-01
7.576752305030822754e-01 7.565318942070007324e-01
7.269604206085205078e-01 7.244680523872375488e-01
9.294136166572570801e-01 9.283304810523986816e-01
8.436940908432006836e-01 8.450080752372741699e-01
9.414573907852172852e-01 9.402675032615661621e-01
9.032075405120849609e-01 9.037929177284240723e-01
7.274693250656127930e-01 7.263053059577941895e-01
8.722716569900512695e-01 8.733751773834228516e-01
8.717344999313354492e-01 8.758502006530761719e-01
9.395500421524047852e-01 9.394167661666870117e-01
9.095396399497985840e-01 9.119445085525512695e-01
7.823099493980407715e-01 7.831270098686218262e-01
7.866249084472656250e-01 7.859921455383300781e-01
7.625372409820556641e-01 7.657188773155212402e-01
8.648235797882080078e-01 8.632621169090270996e-01
9.670328497886657715e-01 9.670918583869934082e-01
7.751988172531127930e-01 7.776687145233154297e-01
8.004766106605529785e-01 8.000506758689880371e-01
8.393388986587524414e-01 8.396444916725158691e-01
7.837409377098083496e-01 7.856896519660949707e-01
9.008347988128662109e-01 9.058953523635864258e-01
7.534636855125427246e-01 7.577963471412658691e-01
8.888418078422546387e-01 8.895655870437622070e-01
8.915102481842041016e-01 8.936949372291564941e-01
8.195430636405944824e-01 8.202345371246337891e-01
7.260133028030395508e-01 7.280074954032897949e-01
8.233498930931091309e-01 8.225742578506469727e-01
8.284628391265869141e-01 8.285693526268005371e-01
8.244633078575134277e-01 8.246538043022155762e-01
9.015403985977172852e-01 9.037395715713500977e-01
9.419915080070495605e-01 9.432597160339355469e-01
7.237045764923095703e-01 7.263422608375549316e-01
7.715633511543273926e-01 7.745797038078308105e-01
9.401569962501525879e-01 9.419257044792175293e-01
7.786142826080322266e-01 7.813518047332763672e-01
9.515517950057983398e-01 9.529725313186645508e-01
8.798593878746032715e-01 8.812777400016784668e-01
7.643125057220458984e-01 7.642920613288879395e-01
8.240208625793457031e-01 8.255581259727478027e-01
8.525122404098510742e-01 8.543854355812072754e-01
8.702726960182189941e-01 8.716860413551330566e-01
8.878037929534912109e-01 8.885199427604675293e-01
7.635506987571716309e-01 7.622978687286376953e-01
