4.844598879572004080e-05
5.087519821245223284e-05
5.883920312044210732e-05
7.646933954674750566e-05
1.000569827738218009e-04
9.584600047674030066e-05
4.610511314240284264e-05
1.052281077136285603e-04
1.492911251261830330e-04
1.023312215693295002e-04
4.171279579168185592e-05
7.033416477497667074e-05
1.165597132057882845e-04
1.155017307610251009e-04
1.000802731141448021e-04
7.088238635333254933e-05
4.481623909668996930e-05
3.912239844794385135e-05
4.112889291718602180e-05
3.632670996012166142e-05
3.463617031229659915e-05
3.717685467563569546e-05
3.218481288058683276e-05
3.216496770619414747e-05
5.923616845393553376e-05
1.249458582606166601e-04
1.816926815081387758e-04
2.262826164951547980e-04
2.123588492395356297e-04
9.888701606541872025e-05
6.873823440400883555e-05
1.292387314606457949e-04
1.212164788739755750e-04
6.091979230404831469e-05
7.610622560605406761e-05
1.181733023258857429e-04
1.006506354315206409e-04
5.972360668238252401e-05
4.666977474698796868e-05
7.213468052214011550e-05
7.431277481373399496e-05
6.783185381209477782e-05
7.445220398949459195e-05
6.061662134015932679e-05
3.557786840246990323e-05
3.706604911712929606e-05
4.179733878117986023e-05
4.810565587831661105e-05
4.906974209006875753e-05
4.981694291927851737e-05
7.507254485972225666e-05
9.358965326100587845e-05
1.008952240226790309e-04
1.374693383695557714e-04
1.491992443334311247e-04
1.472620497224852443e-04
1.378326560370624065e-04
8.208745566662400961e-05
4.354872362455353141e-05
7.391921826638281345e-05
7.882055069785565138e-05
1.042722069541923702e-04
1.064831449184566736e-04
7.757449202472344041e-05
4.080546932527795434e-05
4.268444172339513898e-05
8.799217175692319870e-05
1.767285284586250782e-04
2.367348934058099985e-04
2.320521452929824591e-04
1.376700383843854070e-04
5.895621507079340518e-05
1.208938920171931386e-04
1.474303280701860785e-04
1.039658382069319487e-04
4.920024730381555855e-05
7.864375947974622250e-05
1.405951043125241995e-04
1.424970687367022038e-04
9.610364941181614995e-05
4.888469629804603755e-05
1.053431842592544854e-04
1.119040534831583500e-04
7.098392961779609323e-05
3.977668166044168174e-05
4.066798646817915142e-05
4.670068665291182697e-05
5.614432666334323585e-05
4.283963789930567145e-05
3.403535811230540276e-05
4.283283124095760286e-05
8.266205259133130312e-05
1.146825816249474883e-04
1.377845037495717406e-04
1.594108325662091374e-04
1.443482033209875226e-04
1.024530502036213875e-04
5.759489431511610746e-05
4.859832915826700628e-05
4.024115696665830910e-05
4.012728822999633849e-05
8.484614954795688391e-05
1.306755293626338243e-04
1.537691423436626792e-04
1.485635875724256039e-04
1.103525792132131755e-04
4.737624112749472260e-05
5.762152795796282589e-05
7.356730202445760369e-05
6.773893255740404129e-05
8.214220724767073989e-05
7.782042666804045439e-05
5.183741814107634127e-05
3.401389039936475456e-05
3.291954999440349638e-05
3.291514076408930123e-05
3.435156759223900735e-05
3.180500789312645793e-05
3.015788388438522816e-05
3.107761949650011957e-05
4.018031177110970020e-05
7.328515494009479880e-05
1.457595499232411385e-04
2.868176088668406010e-04
4.135462513659149408e-04
3.233134339097887278e-04
1.098867287510074675e-04
2.380574587732553482e-04
1.485223183408379555e-04
1.073561579687520862e-04
1.514522155048325658e-04
6.445493636419996619e-05
1.098536813515238464e-04
8.512468048138543963e-05
5.863369369762949646e-05
7.404133793897926807e-05
4.283679663785733283e-05
6.955108983675017953e-05
5.072881685919128358e-05
5.916090958635322750e-05
6.760102405678480864e-05
4.036093378090299666e-05
3.356951492605730891e-05
4.086435365024954081e-05
4.503613308770582080e-05
6.136649608379229903e-05
3.944800846511498094e-05
5.877633884665556252e-05
6.914306140970438719e-05
4.113716931897215545e-05
4.058306876686401665e-05
3.408702832530252635e-05
3.280860983068123460e-05
4.495263419812545180e-05
4.930460272589698434e-05
5.548629269469529390e-05
3.623803058871999383e-05
3.936857683584094048e-05
4.548038486973382533e-05
4.557132342597469687e-05
3.158618346787989140e-05
3.787762398133054376e-05
3.462269887677393854e-05
3.424647729843854904e-05
4.659327532863244414e-05
3.807775647146627307e-05
3.976969310315325856e-05
4.160584649071097374e-05
6.931217649253085256e-05
1.182234918815083802e-04
1.776284334482625127e-04
2.245835494250059128e-04
2.016359940171241760e-04
9.097803558688610792e-05
5.259531826595775783e-05
8.818604692351073027e-05
7.524306420236825943e-05
5.212928954279050231e-05
3.696461499202996492e-05
4.210405677440576255e-05
6.604312511626631021e-05
6.959315214771777391e-05
4.965446350979618728e-05
3.409887358429841697e-05
6.056772690499201417e-05
8.734348375583067536e-05
9.628675616113469005e-05
7.985769480001181364e-05
5.129923374624922872e-05
3.664753239718265831e-05
3.635045504779554904e-05
8.005625568330287933e-05
1.380922185489907861e-04
2.061890118056908250e-04
2.108166372636333108e-04
1.641311973799020052e-04
9.112948464462533593e-05
4.890597847406752408e-05
1.194202268379740417e-04
1.560333039378747344e-04
1.558703079354017973e-04
1.192027339129708707e-04
4.986276326235383749e-05
8.490250183967873454e-05
1.136160863097757101e-04
1.045800818246789277e-04
6.182935612741857767e-05
3.588315303204581141e-05
3.373048093635588884e-05
3.464935798547230661e-05
3.838897828245535493e-05
6.649400893365964293e-05
6.575066072400659323e-05
5.885025893803685904e-05
3.862986341118812561e-05
6.655565812252461910e-05
9.234303433913737535e-05
9.708644938655197620e-05
6.562601629411801696e-05
