9.071547538042068481e-03 6.796929053962230682e-03
6.272622384130954742e-03 6.735743489116430283e-03
5.781888030469417572e-03 6.737412419170141220e-03
5.608665291219949722e-03 6.845849566161632538e-03
5.126969888806343079e-03 6.001697387546300888e-03
5.108871962875127792e-03 5.332255270332098007e-03
4.723576363176107407e-03 5.538868717849254608e-03
4.659127444028854370e-03 5.789416842162609100e-03
4.476303234696388245e-03 5.272303242236375809e-03
4.565012175589799881e-03 5.397426895797252655e-03
4.272826015949249268e-03 5.777255166321992874e-03
4.310182295739650726e-03 5.127626005560159683e-03
4.381513688713312149e-03 5.167575087398290634e-03
4.387179855257272720e-03 5.186630878597497940e-03
4.712466150522232056e-03 5.142009817063808441e-03
4.149441607296466827e-03 5.553276278078556061e-03
4.192538093775510788e-03 5.156492348760366440e-03
4.131172783672809601e-03 5.227588582783937454e-03
3.878300078213214874e-03 5.819002166390419006e-03
3.928132820874452591e-03 4.990866407752037048e-03
3.670963458716869354e-03 5.077605601400136948e-03
3.670088713988661766e-03 4.964859224855899811e-03
3.811493515968322754e-03 5.142194218933582306e-03
3.521852428093552589e-03 4.804767202585935593e-03
3.581829369068145752e-03 5.574516952037811279e-03
3.559798002243041992e-03 4.994208924472332001e-03
3.607332240790128708e-03 5.080967675894498825e-03
3.691064659506082535e-03 6.550220772624015808e-03
3.438117913901805878e-03 5.167378578335046768e-03
3.457082202658057213e-03 5.718650761991739273e-03
3.391368314623832703e-03 4.919548984616994858e-03
3.350343322381377220e-03 6.188702769577503204e-03
3.644989570602774620e-03 6.240994669497013092e-03
3.345155389979481697e-03 4.944127984344959259e-03
3.379215253517031670e-03 5.270465277135372162e-03
3.142370842397212982e-03 6.491686683148145676e-03
3.364131320267915726e-03 5.089380312711000443e-03
3.228986402973532677e-03 4.932637326419353485e-03
3.020321018993854523e-03 5.034264642745256424e-03
3.212020732462406158e-03 4.694871138781309128e-03
3.080488648265600204e-03 4.811758175492286682e-03
3.268403001129627228e-03 4.837040323764085770e-03
3.162117907777428627e-03 4.983789753168821335e-03
3.168280236423015594e-03 5.523941945284605026e-03
3.055040491744875908e-03 4.846716299653053284e-03
2.988891908898949623e-03 5.341330543160438538e-03
3.668895922601222992e-03 4.762264899909496307e-03
3.055917797610163689e-03 4.986794199794530869e-03
3.303661709651350975e-03 4.913534503430128098e-03
2.816177904605865479e-03 4.730277694761753082e-03
3.119135973975062370e-03 5.690342746675014496e-03
3.126993076875805855e-03 5.048768594861030579e-03
3.214083844795823097e-03 4.938113037496805191e-03
2.972259419038891792e-03 5.129551980644464493e-03
3.135534236207604408e-03 4.832768347114324570e-03
3.045092569664120674e-03 5.089702550321817398e-03
2.817939501255750656e-03 4.813511390239000320e-03
2.817071741446852684e-03 5.067379213869571686e-03
2.771318657323718071e-03 5.172109697014093399e-03
2.850611461326479912e-03 5.217344034463167191e-03
2.634094795212149620e-03 5.014583002775907516e-03
2.857582643628120422e-03 4.777207970619201660e-03
3.031163476407527924e-03 4.704534541815519333e-03
2.794856205582618713e-03 4.857436288148164749e-03
2.959584584459662437e-03 4.903932567685842514e-03
2.790728816762566566e-03 4.743748810142278671e-03
2.783128060400485992e-03 4.810844082385301590e-03
3.240357851609587669e-03 5.203031469136476517e-03
2.907140413299202919e-03 4.919806495308876038e-03
2.686036052182316780e-03 5.264572333544492722e-03
2.701607532799243927e-03 4.870169330388307571e-03
2.919194521382451057e-03 5.063223652541637421e-03
2.896315185353159904e-03 5.025234073400497437e-03
2.727358834818005562e-03 4.766982048749923706e-03
2.628507558256387711e-03 4.873491358011960983e-03
2.588520990684628487e-03 4.994541872292757034e-03
3.046717960387468338e-03 6.056464277207851410e-03
2.890220144763588905e-03 5.283049773424863815e-03
2.518352819606661797e-03 4.712891764938831329e-03
2.474780892953276634e-03 7.232251111418008804e-03
3.069224068894982338e-03 5.337033886462450027e-03
2.743346849456429482e-03 5.447986070066690445e-03
2.480087801814079285e-03 4.796753637492656708e-03
2.456085057929158211e-03 4.646313376724720001e-03
2.589529147371649742e-03 5.004149861633777618e-03
2.381116384640336037e-03 5.186376627534627914e-03
2.937200944870710373e-03 5.241268780082464218e-03
2.552033867686986923e-03 4.962555598467588425e-03
2.600732957944273949e-03 5.758826620876789093e-03
2.538085449486970901e-03 5.289792083203792572e-03
2.541455905884504318e-03 5.052305757999420166e-03
2.523191971704363823e-03 5.153788253664970398e-03
2.753735519945621490e-03 5.258245859295129776e-03
2.694616094231605530e-03 5.069001112133264542e-03
2.535091480240225792e-03 5.036734044551849365e-03
2.648962195962667465e-03 5.144911818206310272e-03
2.462768461555242538e-03 4.863424226641654968e-03
2.624936867505311966e-03 4.650202579796314240e-03
2.319472143426537514e-03 5.302757956087589264e-03
2.312419237568974495e-03 4.852822516113519669e-03
2.337495563551783562e-03 4.991692025214433670e-03
2.568418392911553383e-03 4.884171765297651291e-03
2.332283649593591690e-03 4.743133205920457840e-03
2.340080915018916130e-03 4.876335617154836655e-03
2.901901956647634506e-03 5.310908425599336624e-03
2.445201622322201729e-03 4.777308553457260132e-03
2.259591128677129745e-03 5.110295955091714859e-03
2.534520579501986504e-03 4.715530201792716980e-03
2.436331938952207565e-03 4.847740754485130310e-03
2.240059431642293930e-03 5.347220227122306824e-03
2.498696325346827507e-03 4.797746427357196808e-03
2.301130676642060280e-03 4.663477186113595963e-03
2.357805380597710609e-03 5.554183386266231537e-03
2.473647706210613251e-03 4.633678589016199112e-03
2.582594752311706543e-03 4.992833826690912247e-03
2.495722379535436630e-03 4.840812645852565765e-03
2.432694425806403160e-03 4.755026195198297501e-03
2.210546983405947685e-03 4.600266460329294205e-03
2.853459212929010391e-03 4.758201539516448975e-03
2.124093472957611084e-03 4.824621137231588364e-03
2.217462053522467613e-03 4.860841669142246246e-03
2.354485914111137390e-03 4.756209906190633774e-03
2.299774205312132835e-03 5.044938065111637115e-03
2.429429208859801292e-03 4.843203350901603699e-03
2.381960395723581314e-03 5.568799097090959549e-03
2.643169136717915535e-03 4.915986675769090652e-03
2.394511364400386810e-03 4.915441852062940598e-03
2.216867404058575630e-03 5.266285501420497894e-03
2.495894674211740494e-03 5.031112581491470337e-03
2.114264992997050285e-03 4.865703638643026352e-03
2.196972491219639778e-03 4.907681141048669815e-03
2.669329755008220673e-03 4.960366059094667435e-03
2.392557682469487190e-03 5.036408547312021255e-03
2.178313909098505974e-03 5.232312716543674469e-03
2.417792798951268196e-03 4.797089844942092896e-03
2.179824281483888626e-03 4.747462458908557892e-03
2.187559613958001137e-03 4.733628593385219574e-03
1.964473631232976913e-03 5.058768205344676971e-03
2.287525916472077370e-03 4.838265478610992432e-03
2.308077644556760788e-03 5.306675564497709274e-03
2.063844818621873856e-03 4.678934812545776367e-03
2.261243062093853951e-03 5.031961482018232346e-03
2.528481651097536087e-03 5.398176144808530807e-03
2.347714500501751900e-03 4.958970006555318832e-03
2.305616158992052078e-03 4.733938723802566528e-03
2.258536871522665024e-03 5.019557662308216095e-03
2.388429129496216774e-03 4.772758111357688904e-03
2.099784091114997864e-03 4.920288920402526855e-03
2.420638222247362137e-03 4.784411750733852386e-03
2.195522189140319824e-03 4.896623082458972931e-03
2.238170476630330086e-03 4.679873120039701462e-03
2.246543997898697853e-03 5.003659520298242569e-03
2.179385861381888390e-03 4.688842687755823135e-03
2.174753928557038307e-03 4.901635460555553436e-03
2.329322742298245430e-03 5.501907784491777420e-03
2.168690785765647888e-03 5.087175872176885605e-03
2.458369359374046326e-03 4.769933409988880157e-03
2.142607700079679489e-03 5.002655088901519775e-03
1.986656105145812035e-03 5.064120050519704819e-03
2.384003018960356712e-03 5.797986406832933426e-03
2.864962443709373474e-03 4.688053391873836517e-03
2.233806531876325607e-03 5.136071238666772842e-03
2.113960450515151024e-03 4.693636205047369003e-03
2.058094367384910583e-03 5.264264997094869614e-03
2.440408570691943169e-03 4.724092315882444382e-03
1.958468230441212654e-03 4.908937029540538788e-03
2.033822471275925636e-03 5.333942826837301254e-03
2.015213482081890106e-03 4.949806723743677139e-03
1.966715324670076370e-03 4.802688490599393845e-03
2.064710017293691635e-03 4.758355207741260529e-03
2.029934665188193321e-03 5.155378486961126328e-03
1.821636571548879147e-03 4.965252242982387543e-03
1.842816127464175224e-03 5.216480698436498642e-03
2.177504356950521469e-03 4.893066361546516418e-03
2.100107492879033089e-03 4.785182420164346695e-03
2.118387026712298393e-03 4.551070742309093475e-03
2.062015235424041748e-03 5.888638552278280258e-03
2.071368973702192307e-03 4.937849473208189011e-03
2.189191291108727455e-03 4.776622634381055832e-03
2.199244918301701546e-03 4.711027257144451141e-03
2.241148613393306732e-03 5.097806919366121292e-03
2.327086869627237320e-03 4.936434328556060791e-03
1.893507898785173893e-03 4.835525527596473694e-03
2.082090592011809349e-03 4.697148222476243973e-03
1.954846782609820366e-03 5.010238382965326309e-03
2.258606720715761185e-03 4.742271732538938522e-03
2.232416300103068352e-03 4.807819146662950516e-03
2.161448122933506966e-03 5.192460957914590836e-03
2.123142359778285027e-03 4.777551628649234772e-03
1.916031935252249241e-03 4.750047810375690460e-03
1.848353655077517033e-03 4.911093506962060928e-03
1.993805635720491409e-03 4.654726013541221619e-03
2.169369021430611610e-03 4.854664206504821777e-03
1.902171992696821690e-03 4.830009303987026215e-03
2.070921938866376877e-03 5.171103868633508682e-03
2.385881030932068825e-03 4.783315584063529968e-03
2.033207099884748459e-03 4.670548252761363983e-03
1.859630807302892208e-03 4.747630562633275986e-03
1.842122874222695827e-03 4.698516335338354111e-03
1.913446350954473019e-03 4.819550551474094391e-03
1.868132385425269604e-03 4.851771984249353409e-03
1.988599076867103577e-03 4.695332609117031097e-03
1.981351990252733231e-03 4.654006101191043854e-03
1.913810148835182190e-03 4.639396443963050842e-03
2.029311144724488258e-03 5.041747819632291794e-03
2.675975440070033073e-03 4.863317590206861496e-03
2.029880881309509277e-03 4.831182770431041718e-03
1.818735734559595585e-03 4.648072645068168640e-03
2.001340501010417938e-03 4.756260663270950317e-03
1.908714883029460907e-03 4.876839462667703629e-03
1.714101294055581093e-03 4.584550857543945312e-03
1.836630748584866524e-03 4.705432802438735962e-03
1.726586488075554371e-03 4.898668266832828522e-03
2.022386761382222176e-03 4.717873875051736832e-03
2.012114040553569794e-03 5.146757699549198151e-03
1.982326153665781021e-03 4.719978664070367813e-03
1.928826328366994858e-03 4.826751071959733963e-03
1.936380052939057350e-03 4.766129422932863235e-03
1.846227212809026241e-03 5.583849735558032990e-03
1.964189112186431885e-03 4.634638316929340363e-03
1.931140432134270668e-03 4.641880281269550323e-03
1.909351791255176067e-03 4.691740497946739197e-03
2.254215534776449203e-03 5.545298568904399872e-03
2.234223531559109688e-03 5.348978098481893539e-03
2.098910044878721237e-03 4.535946063697338104e-03
1.799007528461515903e-03 5.293025169521570206e-03
1.869473606348037720e-03 4.816670436412096024e-03
2.146035432815551758e-03 4.746757913380861282e-03
1.842333003878593445e-03 5.156279075890779495e-03
2.138757146894931793e-03 4.874148871749639511e-03
1.896040979772806168e-03 4.875455517321825027e-03
1.697468105703592300e-03 4.658190999180078506e-03
1.834114897064864635e-03 4.985961597412824631e-03
1.866411650553345680e-03 4.865205381065607071e-03
2.044778782874345779e-03 5.145392846316099167e-03
2.188883256167173386e-03 4.796578083187341690e-03
1.997183309867978096e-03 5.730019416660070419e-03
1.856091199442744255e-03 5.557231605052947998e-03
2.251019002869725227e-03 4.732327070087194443e-03
1.907872036099433899e-03 4.660868551582098007e-03
1.987510826438665390e-03 4.544111900031566620e-03
1.744528766721487045e-03 4.795663524419069290e-03
1.845033839344978333e-03 4.935652948915958405e-03
1.958786509931087494e-03 4.778273403644561768e-03
1.769378432072699070e-03 4.798389505594968796e-03
1.700470340438187122e-03 4.769733175635337830e-03
1.969117904081940651e-03 4.685518797487020493e-03
2.167330356314778328e-03 4.985371604561805725e-03
1.918430556543171406e-03 4.927116911858320236e-03
1.937232329510152340e-03 4.727232269942760468e-03
2.070516813546419144e-03 4.855650477111339569e-03
1.736438949592411518e-03 4.662289749830961227e-03
1.797186443582177162e-03 4.740942269563674927e-03
2.111148787662386894e-03 5.512547679245471954e-03
2.050582785159349442e-03 5.729186348617076874e-03
1.944001647643744946e-03 4.740023519843816757e-03
2.024158369749784470e-03 4.841390531510114670e-03
1.661874004639685154e-03 4.619807936251163483e-03
1.885013305582106113e-03 4.913601092994213104e-03
1.828391454182565212e-03 6.515316665172576904e-03
2.186645055189728737e-03 4.762889351695775986e-03
1.597492140717804432e-03 4.703303799033164978e-03
1.618798705749213696e-03 5.623446311801671982e-03
1.794076641090214252e-03 4.966801032423973083e-03
1.776135410182178020e-03 4.838220309466123581e-03
1.929393270984292030e-03 4.876420367509126663e-03
2.175257541239261627e-03 5.150551907718181610e-03
2.144739264622330666e-03 4.812471568584442139e-03
1.852765679359436035e-03 5.066057667136192322e-03
1.801889971829950809e-03 4.670314025133848190e-03
1.811139751225709915e-03 6.133720278739929199e-03
1.976992702111601830e-03 4.691826645284891129e-03
1.723934314213693142e-03 4.855811130255460739e-03
1.907630474306643009e-03 5.009143147617578506e-03
1.782164326868951321e-03 4.760656971484422684e-03
2.076099393889307976e-03 4.780590999871492386e-03
